2.30001633e-06	6.130337e-09
2.30003473e-06	3.869747e-09
2.30005313e-06	5.826407e-09
2.30007153e-06	4.652677e-09
2.30008993e-06	4.093203e-09
2.30010833e-06	6.606477e-09
2.30012673e-06	7.045833e-09
2.30014513e-06	6.989798e-09
2.30016353e-06	6.549598e-09
2.30018194e-06	6.831693e-09
2.30020034e-06	6.983286e-09
2.30021874e-06	7.588085e-09
2.30023714e-06	6.907784e-09
2.30025554e-06	6.095310e-09
2.30027395e-06	6.032342e-09
2.30029235e-06	5.363629e-09
2.30031075e-06	5.960716e-09
2.30032915e-06	6.422493e-09
2.30034756e-06	6.958453e-09
2.30036596e-06	5.707089e-09
2.30038436e-06	4.962593e-09
2.30040276e-06	5.590131e-09
2.30042117e-06	5.412394e-09
2.30043957e-06	5.824631e-09
2.30045797e-06	5.836674e-09
2.30047638e-06	4.698478e-09
2.30049478e-06	3.149923e-09
2.30051319e-06	2.437381e-09
2.30053159e-06	7.862979e-10
2.30054999e-06	2.857484e-10
2.30056840e-06	2.851021e-09
2.30058680e-06	3.672051e-09
2.30060521e-06	1.252350e-09
2.30062361e-06	2.902345e-09
2.30064202e-06	4.672057e-09
2.30066042e-06	4.918459e-09
2.30067883e-06	5.462855e-09
2.30069723e-06	5.427794e-09
2.30071564e-06	4.241126e-09
2.30073404e-06	8.213840e-10
2.30075245e-06	1.064710e-09
2.30077086e-06	4.753002e-09
2.30078926e-06	5.528262e-09
2.30080767e-06	5.955073e-09
2.30082608e-06	5.947435e-09
2.30084448e-06	6.148137e-09
2.30086289e-06	6.149916e-09
2.30088129e-06	6.113429e-09
2.30089970e-06	6.034194e-09
2.30091811e-06	6.135450e-09
2.30093652e-06	6.223261e-09
2.30095492e-06	6.320524e-09
2.30097333e-06	4.668414e-09
2.30099174e-06	4.141872e-09
2.30101015e-06	4.405974e-09
2.30102856e-06	4.667716e-09
2.30104696e-06	5.667897e-09
2.30106537e-06	5.420983e-09
2.30108378e-06	2.643178e-09
2.30110219e-06	1.175163e-09
2.30112060e-06	4.481974e-09
2.30113901e-06	5.952592e-09
2.30115742e-06	6.499264e-09
2.30117583e-06	6.309503e-09
2.30119423e-06	4.941790e-09
2.30121265e-06	4.121990e-09
2.30123105e-06	5.297263e-09
2.30124946e-06	5.195096e-09
2.30126787e-06	4.686081e-09
2.30128628e-06	2.771147e-09
2.30130469e-06	4.589668e-10
2.30132310e-06	3.060973e-10
2.30134152e-06	1.740122e-09
2.30135993e-06	3.132986e-09
2.30137834e-06	3.653090e-09
2.30139675e-06	1.021702e-09
2.30141516e-06	2.472247e-09
2.30143357e-06	5.637116e-09
2.30145198e-06	6.076516e-09
2.30147039e-06	4.627363e-09
2.30148881e-06	1.308849e-09
2.30150722e-06	8.063693e-10
2.30152563e-06	4.412456e-09
2.30154404e-06	5.936298e-09
2.30156245e-06	6.145168e-09
2.30158087e-06	5.976634e-09
2.30159928e-06	6.663209e-09
2.30161769e-06	6.654393e-09
2.30163611e-06	5.355388e-09
2.30165452e-06	4.881611e-09
2.30167293e-06	5.058423e-09
2.30169135e-06	6.010631e-09
2.30170976e-06	6.595200e-09
2.30172817e-06	7.124916e-09
2.30174659e-06	6.698818e-09
2.30176500e-06	5.481488e-09
2.30178341e-06	6.797590e-09
2.30180183e-06	6.406597e-09
2.30182024e-06	5.382907e-09
2.30183866e-06	6.349854e-09
2.30185707e-06	5.803215e-09
2.30187549e-06	5.358254e-09
2.30189390e-06	5.995343e-09
2.30191232e-06	6.908075e-09
2.30193073e-06	6.604608e-09
2.30194915e-06	6.440616e-09
2.30196756e-06	6.971737e-09
2.30198598e-06	6.668719e-09
2.30200440e-06	5.953545e-09
2.30202281e-06	4.474049e-09
2.30204123e-06	4.606734e-09
2.30205964e-06	5.194023e-09
2.30207806e-06	4.980454e-09
2.30209648e-06	3.776964e-09
2.30211489e-06	5.268667e-10
2.30213331e-06	3.028321e-10
2.30215173e-06	2.602571e-09
2.30217014e-06	4.815801e-09
2.30218856e-06	5.629374e-09
2.30220698e-06	6.170237e-09
2.30222540e-06	6.074217e-09
2.30224381e-06	6.233792e-09
2.30226223e-06	5.118568e-09
2.30228065e-06	4.324922e-09
2.30229907e-06	5.927613e-09
2.30231749e-06	6.147919e-09
2.30233591e-06	6.421235e-09
2.30235433e-06	6.989137e-09
2.30237274e-06	7.220428e-09
2.30239116e-06	7.386906e-09
2.30240958e-06	6.722849e-09
2.30242800e-06	6.366148e-09
2.30244642e-06	6.772290e-09
2.30246484e-06	6.816229e-09
2.30248326e-06	6.848967e-09
2.30250168e-06	6.767740e-09
2.30252010e-06	6.585640e-09
2.30253852e-06	5.932436e-09
2.30255694e-06	6.521795e-09
2.30257536e-06	6.775684e-09
2.30259378e-06	6.804273e-09
2.30261220e-06	6.428186e-09
2.30263062e-06	6.515034e-09
2.30264904e-06	6.268970e-09
2.30266747e-06	6.236016e-09
2.30268589e-06	6.971499e-09
2.30270431e-06	6.668512e-09
2.30272273e-06	5.971480e-09
2.30274115e-06	4.763495e-09
2.30275957e-06	1.249169e-09
2.30277800e-06	1.780111e-09
2.30279642e-06	3.516834e-09
2.30281484e-06	3.479322e-09
2.30283326e-06	5.667485e-09
2.30285168e-06	5.869420e-09
2.30287011e-06	6.208171e-09
2.30288853e-06	6.031964e-09
2.30290695e-06	5.254828e-09
2.30292538e-06	4.427284e-09
2.30294380e-06	4.040321e-09
2.30296222e-06	1.229583e-09
2.30298065e-06	2.570180e-10
2.30299907e-06	9.026940e-10
2.30301750e-06	2.816181e-09
2.30303592e-06	3.971115e-09
2.30305434e-06	5.525656e-09
2.30307277e-06	5.866278e-09
2.30309119e-06	5.983029e-09
2.30310962e-06	5.604231e-09
2.30312804e-06	4.504595e-09
2.30314647e-06	6.156866e-09
2.30316489e-06	6.754654e-09
2.30318332e-06	5.872198e-09
2.30320174e-06	3.038128e-09
2.30322017e-06	3.878893e-09
2.30323860e-06	6.837891e-09
2.30325702e-06	7.042872e-09
2.30327545e-06	6.490496e-09
2.30329387e-06	5.381091e-09
2.30331230e-06	3.031573e-09
2.30333073e-06	2.661222e-09
2.30334915e-06	3.583970e-09
2.30336758e-06	5.143597e-09
2.30338601e-06	6.756656e-09
2.30340443e-06	7.245504e-09
2.30342286e-06	7.958090e-09
2.30344129e-06	7.547955e-09
2.30345972e-06	6.830960e-09
2.30347814e-06	6.953020e-09
2.30349657e-06	7.190769e-09
2.30351500e-06	7.199569e-09
2.30353343e-06	6.243258e-09
2.30355186e-06	5.826111e-09
2.30357028e-06	5.256840e-09
2.30358871e-06	3.664442e-09
2.30360714e-06	4.078269e-09
2.30362557e-06	5.342757e-09
2.30364400e-06	5.780225e-09
2.30366243e-06	6.748200e-09
2.30368086e-06	6.427156e-09
2.30369929e-06	6.346222e-09
2.30371772e-06	5.661575e-09
2.30373615e-06	4.308879e-09
2.30375458e-06	4.011767e-09
2.30377301e-06	3.496989e-09
2.30379144e-06	4.436692e-09
2.30380987e-06	3.871282e-09
2.30382830e-06	3.650731e-09
2.30384673e-06	2.661497e-09
2.30386516e-06	2.939805e-10
2.30388359e-06	3.937387e-10
2.30390202e-06	2.800880e-09
2.30392045e-06	3.197940e-09
2.30393888e-06	4.723296e-09
2.30395731e-06	4.803426e-09
2.30397575e-06	5.507397e-09
2.30399418e-06	6.117412e-09
2.30401261e-06	6.208623e-09
2.30403104e-06	6.908017e-09
2.30404947e-06	6.609145e-09
2.30406791e-06	6.021008e-09
2.30408634e-06	5.989950e-09
2.30410477e-06	6.192407e-09
2.30412321e-06	7.015918e-09
2.30414164e-06	7.184172e-09
2.30416007e-06	6.469860e-09
2.30417850e-06	6.364092e-09
2.30419694e-06	6.461898e-09
2.30421537e-06	5.364016e-09
2.30423381e-06	5.520711e-09
2.30425224e-06	6.766763e-09
2.30427067e-06	6.179960e-09
2.30428911e-06	6.125257e-09
2.30430754e-06	6.327926e-09
2.30432598e-06	5.535734e-09
2.30434441e-06	6.416266e-09
2.30436285e-06	7.305992e-09
2.30438128e-06	8.142629e-09
2.30439971e-06	7.693958e-09
2.30441815e-06	7.740143e-09
2.30443659e-06	7.510297e-09
2.30445502e-06	6.273160e-09
2.30447346e-06	6.201350e-09
2.30449189e-06	5.928393e-09
2.30451033e-06	6.556397e-09
2.30452877e-06	6.596082e-09
2.30454720e-06	7.152324e-09
2.30456564e-06	6.802872e-09
2.30458407e-06	6.981816e-09
2.30460251e-06	6.935620e-09
2.30462095e-06	6.098963e-09
2.30463938e-06	5.466258e-09
2.30465782e-06	6.143918e-09
2.30467626e-06	6.654803e-09
2.30469470e-06	5.922446e-09
2.30471313e-06	4.811888e-09
2.30473157e-06	2.993619e-09
2.30475001e-06	3.463368e-09
2.30476845e-06	3.844554e-09
2.30478688e-06	9.800823e-10
2.30480532e-06	2.514680e-10
2.30482376e-06	1.546471e-09
2.30484220e-06	4.047881e-09
2.30486064e-06	4.217329e-09
2.30487908e-06	4.444284e-09
2.30489752e-06	5.107059e-09
2.30491596e-06	4.814557e-09
2.30493440e-06	2.022071e-09
2.30495284e-06	3.319785e-09
2.30497128e-06	2.916739e-09
2.30498972e-06	2.360050e-09
2.30500815e-06	4.494793e-09
2.30502660e-06	5.942504e-09
2.30504504e-06	4.904078e-09
2.30506347e-06	5.267437e-09
2.30508192e-06	5.521369e-09
2.30510036e-06	5.620500e-09
2.30511880e-06	5.866871e-09
2.30513724e-06	6.395111e-09
2.30515568e-06	6.092687e-09
2.30517412e-06	6.173424e-09
2.30519256e-06	6.534152e-09
2.30521100e-06	5.557798e-09
2.30522944e-06	5.968601e-09
2.30524789e-06	6.019716e-09
2.30526633e-06	6.076884e-09
2.30528477e-06	6.359733e-09
2.30530321e-06	6.472614e-09
2.30532166e-06	4.969497e-09
2.30534010e-06	5.358074e-09
2.30535854e-06	6.052826e-09
2.30537698e-06	5.703435e-09
2.30539543e-06	4.231968e-09
2.30541387e-06	8.940484e-10
2.30543231e-06	2.983982e-09
2.30545076e-06	4.938597e-09
2.30546920e-06	4.056647e-09
2.30548764e-06	1.960286e-09
2.30550609e-06	4.150575e-09
2.30552453e-06	6.200577e-09
2.30554298e-06	6.710131e-09
2.30556142e-06	6.458550e-09
2.30557987e-06	6.094304e-09
2.30559831e-06	5.866952e-09
2.30561675e-06	4.971651e-09
2.30563520e-06	1.249718e-09
2.30565365e-06	4.919129e-10
2.30567209e-06	3.264608e-09
2.30569054e-06	4.364882e-09
2.30570898e-06	5.021319e-09
2.30572743e-06	4.305346e-09
2.30574587e-06	3.300815e-09
2.30576432e-06	3.944204e-10
2.30578276e-06	2.753097e-10
2.30580121e-06	2.144206e-09
2.30581966e-06	4.507766e-09
2.30583810e-06	5.409286e-09
2.30585655e-06	4.800367e-09
2.30587500e-06	3.543706e-09
2.30589344e-06	2.930947e-09
2.30591189e-06	4.660568e-09
2.30593034e-06	5.658993e-09
2.30594879e-06	5.134624e-09
2.30596723e-06	5.202877e-09
2.30598568e-06	4.834453e-09
2.30600413e-06	6.037146e-09
2.30602258e-06	6.891755e-09
2.30604102e-06	7.197807e-09
2.30605947e-06	7.378665e-09
2.30607792e-06	7.080856e-09
2.30609637e-06	6.793538e-09
2.30611482e-06	6.403592e-09
2.30613327e-06	5.067340e-09
2.30615172e-06	4.954071e-09
2.30617017e-06	6.190754e-09
2.30618862e-06	5.562708e-09
2.30620707e-06	4.862581e-09
2.30622551e-06	5.562150e-09
2.30624396e-06	6.631971e-09
2.30626241e-06	6.593574e-09
2.30628087e-06	6.409598e-09
2.30629932e-06	6.841082e-09
2.30631777e-06	7.565176e-09
2.30633622e-06	6.811900e-09
2.30635467e-06	5.699682e-09
2.30637312e-06	6.359557e-09
2.30639157e-06	6.133603e-09
2.30641002e-06	5.789763e-09
2.30642847e-06	6.542927e-09
2.30644692e-06	4.856675e-09
2.30646537e-06	4.457745e-09
2.30648383e-06	4.934407e-09
2.30650228e-06	3.871720e-09
2.30652073e-06	3.485809e-09
2.30653918e-06	4.246377e-09
2.30655763e-06	4.870332e-09
2.30657609e-06	5.221088e-09
2.30659454e-06	5.547701e-09
2.30661299e-06	5.867879e-09
2.30663144e-06	3.939535e-09
2.30664990e-06	2.584792e-09
2.30666835e-06	9.839780e-10
2.30668681e-06	3.496894e-09
2.30670526e-06	4.642863e-09
2.30672371e-06	4.376889e-09
2.30674217e-06	4.295752e-09
2.30676062e-06	2.060799e-09
2.30677907e-06	3.196186e-10
2.30679753e-06	3.156428e-10
2.30681598e-06	2.833648e-09
2.30683444e-06	4.102088e-09
2.30685289e-06	3.753062e-09
2.30687135e-06	5.183999e-09
2.30688980e-06	5.449940e-09
2.30690826e-06	4.495337e-09
2.30692671e-06	4.318035e-09
2.30694517e-06	5.743904e-09
2.30696362e-06	6.047510e-09
2.30698208e-06	6.356541e-09
2.30700053e-06	6.714680e-09
2.30701899e-06	7.190451e-09
2.30703745e-06	6.609988e-09
2.30705590e-06	5.946364e-09
2.30707436e-06	6.934993e-09
2.30709282e-06	6.951225e-09
2.30711127e-06	7.171491e-09
2.30712973e-06	7.288787e-09
2.30714819e-06	7.410817e-09
2.30716664e-06	7.196401e-09
2.30718510e-06	7.326573e-09
2.30720356e-06	7.373791e-09
2.30722202e-06	6.663384e-09
2.30724047e-06	5.937481e-09
2.30725893e-06	6.026883e-09
2.30727739e-06	6.512247e-09
2.30729585e-06	4.870869e-09
2.30731431e-06	4.285033e-09
2.30733277e-06	6.163951e-09
2.30735122e-06	6.885598e-09
2.30736968e-06	6.308261e-09
2.30738814e-06	4.649282e-09
2.30740660e-06	5.401634e-09
2.30742506e-06	6.622275e-09
2.30744352e-06	7.164879e-09
2.30746198e-06	7.050705e-09
2.30748044e-06	6.322122e-09
2.30749890e-06	5.828488e-09
2.30751736e-06	4.575678e-09
2.30753582e-06	5.313843e-09
2.30755428e-06	5.887121e-09
2.30757274e-06	5.474132e-09
2.30759120e-06	4.788380e-09
2.30760966e-06	3.558611e-09
2.30762812e-06	1.308912e-09
2.30764658e-06	4.257354e-10
2.30766504e-06	2.593566e-09
2.30768351e-06	3.719462e-09
2.30770197e-06	5.265812e-09
2.30772043e-06	6.291215e-09
2.30773889e-06	6.213152e-09
2.30775735e-06	6.014468e-09
2.30777581e-06	5.412735e-09
2.30779428e-06	3.855205e-09
2.30781274e-06	2.704299e-09
2.30783120e-06	3.332438e-10
2.30784966e-06	2.887086e-10
2.30786813e-06	2.478311e-09
2.30788659e-06	4.450094e-09
2.30790505e-06	5.403043e-09
2.30792352e-06	5.596886e-09
2.30794198e-06	5.706083e-09
2.30796044e-06	6.351573e-09
2.30797891e-06	6.568131e-09
2.30799737e-06	6.228295e-09
2.30801583e-06	5.111338e-09
2.30803430e-06	4.456314e-09
2.30805276e-06	2.626702e-09
2.30807123e-06	4.414739e-09
2.30808969e-06	6.244773e-09
2.30810816e-06	6.516632e-09
2.30812662e-06	6.383734e-09
2.30814509e-06	6.967869e-09
2.30816355e-06	7.404771e-09
2.30818202e-06	6.901571e-09
2.30820048e-06	5.562203e-09
2.30821895e-06	5.775161e-09
2.30823741e-06	6.712107e-09
2.30825588e-06	6.971441e-09
2.30827434e-06	5.747865e-09
2.30829281e-06	5.156399e-09
2.30831128e-06	6.295452e-09
2.30832974e-06	6.585713e-09
2.30834821e-06	6.247088e-09
2.30836668e-06	5.915099e-09
2.30838514e-06	6.168430e-09
2.30840361e-06	6.858929e-09
2.30842208e-06	7.113333e-09
2.30844055e-06	7.232827e-09
2.30845901e-06	6.718293e-09
2.30847748e-06	5.719668e-09
2.30849595e-06	4.872602e-09
2.30851442e-06	4.149485e-09
2.30853288e-06	5.368975e-09
2.30855135e-06	6.276513e-09
2.30856982e-06	6.490411e-09
2.30858829e-06	6.624565e-09
2.30860676e-06	6.992707e-09
2.30862523e-06	7.251714e-09
2.30864370e-06	6.699222e-09
2.30866217e-06	6.802010e-09
2.30868063e-06	7.301728e-09
2.30869911e-06	6.750527e-09
2.30871757e-06	6.157720e-09
2.30873604e-06	5.696465e-09
2.30875451e-06	5.916218e-09
2.30877298e-06	6.672558e-09
2.30879145e-06	6.068688e-09
2.30880992e-06	4.994343e-09
2.30882840e-06	5.007057e-09
2.30884687e-06	5.814627e-09
2.30886534e-06	5.542302e-09
2.30888381e-06	4.252507e-09
2.30890228e-06	2.404845e-09
2.30892075e-06	4.093325e-10
2.30893922e-06	2.589130e-10
2.30895769e-06	1.941726e-09
2.30897616e-06	3.471966e-09
2.30899464e-06	2.595979e-09
2.30901311e-06	4.024770e-09
2.30903158e-06	5.507561e-09
2.30905005e-06	5.669334e-09
2.30906852e-06	4.876685e-09
2.30908700e-06	3.609792e-09
2.30910547e-06	3.791993e-09
2.30912394e-06	3.941607e-09
2.30914242e-06	5.340578e-09
2.30916089e-06	4.850537e-09
2.30917936e-06	5.379318e-09
2.30919784e-06	3.068456e-09
2.30921631e-06	3.390909e-09
2.30923478e-06	5.360481e-09
2.30925326e-06	6.151163e-09
2.30927173e-06	6.867346e-09
2.30929021e-06	6.719739e-09
2.30930868e-06	7.144991e-09
2.30932715e-06	6.689364e-09
2.30934563e-06	5.574433e-09
2.30936410e-06	2.833911e-09
2.30938258e-06	4.443720e-09
2.30940105e-06	6.431536e-09
2.30941953e-06	6.304659e-09
2.30943800e-06	5.891886e-09
2.30945648e-06	5.317223e-09
2.30947495e-06	4.920328e-09
2.30949343e-06	5.545093e-09
2.30951191e-06	5.325706e-09
2.30953038e-06	4.670909e-09
2.30954886e-06	5.323232e-09
2.30956733e-06	6.134322e-09
2.30958581e-06	6.486179e-09
2.30960429e-06	5.988385e-09
2.30962277e-06	5.778005e-09
2.30964124e-06	5.085998e-09
2.30965972e-06	1.661535e-09
2.30967820e-06	3.765194e-10
2.30969667e-06	2.276018e-09
2.30971515e-06	5.205074e-09
2.30973363e-06	5.995763e-09
2.30975211e-06	4.330327e-09
2.30977059e-06	1.375896e-09
2.30978906e-06	2.095543e-09
2.30980754e-06	2.156828e-09
2.30982602e-06	2.490789e-09
2.30984450e-06	1.522510e-09
2.30986298e-06	5.219842e-09
2.30988146e-06	6.013426e-09
2.30989994e-06	5.572959e-09
2.30991842e-06	5.226631e-09
2.30993689e-06	3.352146e-09
2.30995537e-06	4.482445e-09
2.30997385e-06	5.554627e-09
2.30999233e-06	4.806274e-09
2.31001081e-06	4.099887e-09
2.31002929e-06	3.905631e-09
2.31004777e-06	1.225654e-09
2.31006625e-06	2.462599e-10
2.31008473e-06	7.425502e-10
2.31010321e-06	3.553632e-09
2.31012170e-06	3.979500e-09
2.31014018e-06	1.420949e-09
2.31015866e-06	3.747380e-09
2.31017714e-06	5.911243e-09
2.31019562e-06	6.315354e-09
2.31021410e-06	4.924855e-09
2.31023258e-06	5.500118e-09
2.31025107e-06	6.934306e-09
2.31026955e-06	7.337991e-09
2.31028803e-06	7.090242e-09
2.31030651e-06	6.914375e-09
2.31032499e-06	5.854053e-09
2.31034348e-06	5.037150e-09
2.31036196e-06	5.782359e-09
2.31038044e-06	4.596848e-09
2.31039893e-06	4.011043e-09
2.31041741e-06	5.034179e-09
2.31043589e-06	5.815805e-09
2.31045438e-06	4.321439e-09
2.31047286e-06	3.868934e-09
2.31049134e-06	4.902201e-09
2.31050983e-06	4.034757e-09
2.31052831e-06	5.585305e-09
2.31054680e-06	6.333776e-09
2.31056528e-06	6.003188e-09
2.31058377e-06	5.034916e-09
2.31060225e-06	6.169315e-09
2.31062073e-06	7.508000e-09
2.31063922e-06	7.041082e-09
2.31065770e-06	6.464672e-09
2.31067619e-06	6.855614e-09
2.31069467e-06	5.871983e-09
2.31071316e-06	5.858252e-09
2.31073165e-06	5.065041e-09
2.31075013e-06	5.256330e-09
2.31076862e-06	4.901974e-09
2.31078710e-06	5.500908e-09
2.31080559e-06	5.129944e-09
2.31082408e-06	5.804485e-09
2.31084256e-06	6.346968e-09
2.31086105e-06	5.962884e-09
2.31087954e-06	6.122633e-09
2.31089802e-06	4.984031e-09
2.31091651e-06	3.534979e-09
2.31093500e-06	4.358493e-09
2.31095349e-06	5.087735e-09
2.31097197e-06	3.496491e-09
2.31099046e-06	3.386211e-09
2.31100895e-06	3.870834e-09
2.31102744e-06	3.827395e-09
2.31104593e-06	6.231975e-09
2.31106441e-06	6.650644e-09
2.31108290e-06	5.862733e-09
2.31110139e-06	6.006931e-09
2.31111988e-06	6.092778e-09
2.31113837e-06	5.947343e-09
2.31115686e-06	5.066239e-09
2.31117535e-06	2.317921e-09
2.31119384e-06	4.607920e-10
2.31121233e-06	1.243692e-09
2.31123082e-06	2.936993e-10
2.31124931e-06	2.886001e-10
2.31126780e-06	2.424863e-09
2.31128629e-06	3.523439e-09
2.31130478e-06	4.245619e-09
2.31132327e-06	3.852801e-09
2.31134176e-06	3.895657e-09
2.31136025e-06	4.944836e-09
2.31137874e-06	5.741768e-09
2.31139723e-06	6.175963e-09
2.31141572e-06	5.284717e-09
2.31143421e-06	4.664585e-09
2.31145270e-06	5.315541e-09
2.31147120e-06	3.994006e-09
2.31148969e-06	5.030833e-09
2.31150818e-06	5.447674e-09
2.31152667e-06	4.559316e-09
2.31154516e-06	3.505302e-09
2.31156366e-06	7.699338e-10
2.31158215e-06	3.287671e-09
2.31160064e-06	5.721667e-09
2.31161913e-06	3.717289e-09
2.31163763e-06	1.267775e-09
2.31165612e-06	7.319516e-10
2.31167461e-06	2.565506e-09
2.31169311e-06	5.160169e-09
2.31171160e-06	6.014249e-09
2.31173009e-06	4.925438e-09
2.31174859e-06	5.267899e-09
2.31176708e-06	5.940880e-09
2.31178558e-06	4.657898e-09
2.31180407e-06	5.759920e-09
2.31182257e-06	6.111646e-09
2.31184106e-06	5.232622e-09
2.31185955e-06	5.489958e-09
2.31187805e-06	6.173096e-09
2.31189654e-06	2.666331e-09
2.31191504e-06	2.417664e-09
2.31193353e-06	5.331251e-09
2.31195203e-06	4.458501e-09
2.31197052e-06	5.825678e-09
2.31198902e-06	6.755892e-09
2.31200752e-06	6.052764e-09
2.31202601e-06	5.397487e-09
2.31204451e-06	3.699674e-09
2.31206301e-06	4.480873e-09
2.31208150e-06	5.206588e-09
2.31210000e-06	6.408234e-09
2.31211850e-06	6.211357e-09
2.31213699e-06	5.123342e-09
2.31215549e-06	6.239650e-09
2.31217399e-06	5.999561e-09
2.31219248e-06	4.358636e-09
2.31221098e-06	4.628745e-09
2.31222948e-06	4.852875e-09
2.31224798e-06	5.267263e-09
2.31226648e-06	5.548463e-09
2.31228497e-06	4.490497e-09
2.31230347e-06	3.619517e-09
2.31232197e-06	5.861868e-09
2.31234047e-06	5.135558e-09
2.31235897e-06	4.173924e-09
2.31237747e-06	3.919976e-09
2.31239596e-06	4.056138e-09
2.31241446e-06	3.814032e-09
2.31243296e-06	1.474205e-09
2.31245146e-06	2.478025e-10
2.31246996e-06	5.270883e-10
2.31248846e-06	3.098975e-09
2.31250696e-06	4.343744e-09
2.31252546e-06	5.085527e-09
2.31254396e-06	4.309048e-09
2.31256246e-06	5.266053e-09
2.31258096e-06	5.320126e-09
2.31259946e-06	4.808754e-09
2.31261796e-06	6.262429e-09
2.31263647e-06	6.313085e-09
2.31265497e-06	6.184898e-09
2.31267347e-06	6.955898e-09
2.31269197e-06	6.730840e-09
2.31271047e-06	5.446215e-09
2.31272897e-06	5.698651e-09
2.31274748e-06	5.856338e-09
2.31276598e-06	5.749259e-09
2.31278448e-06	6.902462e-09
2.31280298e-06	6.717372e-09
2.31282148e-06	6.334611e-09
2.31283999e-06	4.483514e-09
2.31285849e-06	3.375448e-09
2.31287699e-06	5.631129e-09
2.31289550e-06	6.075795e-09
2.31291400e-06	5.332794e-09
2.31293250e-06	5.061896e-09
2.31295100e-06	5.877828e-09
2.31296951e-06	5.471155e-09
2.31298801e-06	6.779624e-09
2.31300652e-06	5.910807e-09
2.31302502e-06	5.398506e-09
2.31304352e-06	5.525629e-09
2.31306203e-06	4.688605e-09
2.31308053e-06	4.817359e-09
2.31309904e-06	3.977814e-09
2.31311754e-06	2.114173e-09
2.31313605e-06	2.473840e-09
2.31315455e-06	4.567469e-09
2.31317306e-06	3.752927e-09
2.31319156e-06	5.136150e-09
2.31321007e-06	5.398915e-09
2.31322857e-06	3.448763e-09
2.31324708e-06	2.687181e-09
2.31326559e-06	5.741707e-09
2.31328409e-06	6.160692e-09
2.31330260e-06	5.872396e-09
2.31332111e-06	6.626581e-09
2.31333961e-06	7.282056e-09
2.31335812e-06	6.455606e-09
2.31337662e-06	5.836287e-09
2.31339513e-06	5.465409e-09
2.31341364e-06	5.533568e-09
2.31343215e-06	6.663662e-09
2.31345065e-06	7.122570e-09
2.31346916e-06	6.179295e-09
2.31348767e-06	6.186587e-09
2.31350618e-06	6.565550e-09
2.31352469e-06	6.340235e-09
2.31354319e-06	6.409949e-09
2.31356170e-06	5.768556e-09
2.31358021e-06	5.844749e-09
2.31359872e-06	4.455455e-09
2.31361723e-06	4.427583e-09
2.31363574e-06	5.039665e-09
2.31365425e-06	4.401301e-09
2.31367275e-06	3.353460e-09
2.31369127e-06	7.207931e-10
2.31370977e-06	2.464356e-10
2.31372828e-06	1.265933e-09
2.31374679e-06	3.813145e-09
2.31376530e-06	4.402176e-09
2.31378381e-06	4.296786e-09
2.31380232e-06	4.840600e-09
2.31382083e-06	3.624102e-09
2.31383935e-06	3.891188e-09
2.31385786e-06	5.145754e-09
2.31387637e-06	5.551427e-09
2.31389488e-06	5.163994e-09
2.31391339e-06	5.752166e-09
2.31393190e-06	5.799003e-09
2.31395041e-06	4.194735e-09
2.31396892e-06	4.725447e-09
2.31398744e-06	5.154178e-09
2.31400595e-06	4.035148e-09
2.31402446e-06	4.562384e-09
2.31404297e-06	1.408620e-09
2.31406148e-06	1.359671e-09
2.31408000e-06	4.454324e-09
2.31409851e-06	6.000931e-09
2.31411702e-06	5.664801e-09
2.31413553e-06	6.460364e-09
2.31415405e-06	6.108340e-09
2.31417256e-06	6.619124e-09
2.31419107e-06	6.341943e-09
2.31420959e-06	7.005305e-09
2.31422810e-06	6.636884e-09
2.31424662e-06	5.312915e-09
2.31426513e-06	5.926658e-09
2.31428364e-06	6.560255e-09
2.31430216e-06	7.141205e-09
2.31432067e-06	5.764138e-09
2.31433919e-06	5.770939e-09
2.31435770e-06	5.956940e-09
2.31437622e-06	4.154594e-09
2.31439473e-06	3.245018e-09
2.31441325e-06	5.588457e-09
2.31443176e-06	5.433952e-09
2.31445028e-06	6.030909e-09
2.31446879e-06	5.088281e-09
2.31448731e-06	4.882762e-09
2.31450582e-06	5.846153e-09
2.31452434e-06	5.290115e-09
2.31454286e-06	3.978733e-09
2.31456137e-06	5.493773e-09
2.31457989e-06	6.548064e-09
2.31459841e-06	6.446410e-09
2.31461692e-06	6.186562e-09
2.31463544e-06	6.119164e-09
2.31465396e-06	4.472085e-09
2.31467247e-06	7.810836e-10
2.31469099e-06	4.951453e-10
2.31470951e-06	3.192311e-09
2.31472803e-06	3.736977e-09
2.31474654e-06	3.284416e-09
2.31476506e-06	4.784926e-09
2.31478358e-06	5.575973e-09
2.31480210e-06	3.994395e-09
2.31482062e-06	3.928701e-09
2.31483913e-06	5.453302e-09
2.31485765e-06	4.162330e-09
2.31487617e-06	3.013445e-09
2.31489469e-06	4.768213e-09
2.31491321e-06	3.644553e-09
2.31493173e-06	3.668093e-09
2.31495025e-06	3.515680e-09
2.31496877e-06	1.097821e-09
2.31498729e-06	3.364772e-10
2.31500581e-06	2.459554e-10
2.31502433e-06	1.427527e-09
2.31504285e-06	3.643016e-09
2.31506137e-06	3.269522e-09
2.31507989e-06	3.952906e-09
2.31509841e-06	5.103818e-09
2.31511693e-06	4.024910e-09
2.31513545e-06	4.429269e-09
2.31515397e-06	5.747431e-09
2.31517250e-06	6.093190e-09
2.31519102e-06	6.664736e-09
2.31520954e-06	6.246567e-09
2.31522806e-06	5.082970e-09
2.31524658e-06	5.075771e-09
2.31526510e-06	5.535991e-09
2.31528362e-06	3.438075e-09
2.31530215e-06	8.309577e-10
2.31532067e-06	2.767279e-09
2.31533919e-06	5.258283e-09
2.31535771e-06	6.404988e-09
2.31537624e-06	6.820949e-09
2.31539476e-06	6.977735e-09
2.31541328e-06	5.961685e-09
2.31543181e-06	5.101023e-09
2.31545033e-06	5.539117e-09
2.31546885e-06	5.851306e-09
2.31548738e-06	5.575752e-09
2.31550590e-06	6.105057e-09
2.31552443e-06	5.984159e-09
2.31554295e-06	5.967619e-09
2.31556148e-06	6.077527e-09
2.31558000e-06	7.353258e-09
2.31559852e-06	5.669109e-09
2.31561705e-06	5.725283e-09
2.31563557e-06	6.992802e-09
2.31565410e-06	6.986420e-09
2.31567262e-06	6.822940e-09
2.31569115e-06	4.594651e-09
2.31570967e-06	3.763579e-09
2.31572820e-06	5.058365e-09
2.31574673e-06	5.199286e-09
2.31576525e-06	4.167010e-09
2.31578378e-06	4.702443e-09
2.31580231e-06	4.968475e-09
2.31582083e-06	3.469892e-09
2.31583936e-06	5.657949e-09
2.31585788e-06	4.856755e-09
2.31587641e-06	3.792662e-09
2.31589494e-06	5.897490e-09
2.31591347e-06	6.733286e-09
2.31593199e-06	7.126248e-09
2.31595052e-06	6.297306e-09
2.31596905e-06	5.451593e-09
2.31598758e-06	5.723445e-09
2.31600610e-06	4.883226e-09
2.31602463e-06	6.017635e-09
2.31604316e-06	7.034406e-09
2.31606169e-06	7.249792e-09
2.31608022e-06	6.526170e-09
2.31609875e-06	5.810313e-09
2.31611727e-06	4.775692e-09
2.31613580e-06	4.469653e-09
2.31615433e-06	4.385904e-09
2.31617286e-06	3.269151e-09
2.31619139e-06	5.149880e-09
2.31620992e-06	5.667134e-09
2.31622845e-06	4.446315e-09
2.31624698e-06	1.870230e-09
2.31626551e-06	2.418136e-09
2.31628404e-06	1.727194e-09
2.31630257e-06	1.967331e-09
2.31632110e-06	6.126616e-10
2.31633963e-06	2.459166e-10
2.31635816e-06	1.157279e-09
2.31637669e-06	3.496944e-09
2.31639522e-06	4.139280e-09
2.31641375e-06	3.337094e-09
2.31643229e-06	2.856943e-09
2.31645082e-06	4.307745e-09
2.31646935e-06	4.184071e-09
2.31648788e-06	5.361784e-09
2.31650641e-06	5.921956e-09
2.31652494e-06	5.810295e-09
2.31654348e-06	5.401270e-09
2.31656201e-06	1.296571e-09
2.31658054e-06	1.644656e-09
2.31659908e-06	4.735806e-09
2.31661761e-06	4.422069e-09
2.31663614e-06	5.055000e-09
2.31665467e-06	5.781757e-09
2.31667321e-06	5.592589e-09
2.31669174e-06	4.303408e-09
2.31671027e-06	5.788249e-09
2.31672881e-06	6.325348e-09
2.31674734e-06	6.385082e-09
2.31676587e-06	5.077997e-09
2.31678441e-06	6.306770e-09
2.31680294e-06	6.932424e-09
2.31682148e-06	4.743786e-09
2.31684001e-06	2.473694e-09
2.31685855e-06	4.862847e-09
2.31687708e-06	6.156208e-09
2.31689562e-06	6.180573e-09
2.31691415e-06	6.658350e-09
2.31693269e-06	6.141970e-09
2.31695122e-06	6.834712e-09
2.31696976e-06	7.014163e-09
2.31698830e-06	4.533924e-09
2.31700683e-06	4.002572e-09
2.31702537e-06	4.591710e-09
2.31704390e-06	3.575344e-09
2.31706244e-06	5.036878e-09
2.31708098e-06	6.119295e-09
2.31709951e-06	6.951931e-09
2.31711805e-06	6.582715e-09
2.31713659e-06	5.449014e-09
2.31715512e-06	1.242157e-09
2.31717366e-06	1.830604e-09
2.31719220e-06	5.623534e-09
2.31721073e-06	6.362931e-09
2.31722927e-06	5.767762e-09
2.31724781e-06	6.125081e-09
2.31726635e-06	6.628501e-09
2.31728489e-06	6.038203e-09
2.31730342e-06	6.445972e-09
2.31732196e-06	5.931726e-09
2.31734050e-06	5.656406e-09
2.31735904e-06	6.596738e-09
2.31737758e-06	6.592685e-09
2.31739612e-06	5.378909e-09
2.31741466e-06	4.912795e-09
2.31743320e-06	5.415444e-09
2.31745174e-06	3.767499e-09
2.31747028e-06	4.969635e-09
2.31748882e-06	3.278830e-09
2.31750736e-06	1.181713e-09
2.31752590e-06	4.283970e-09
2.31754444e-06	5.103110e-09
2.31756298e-06	5.059772e-09
2.31758152e-06	3.704081e-09
2.31760006e-06	5.714309e-10
2.31761860e-06	4.735606e-10
2.31763714e-06	3.341857e-09
2.31765568e-06	4.299111e-09
2.31767422e-06	3.507745e-09
2.31769276e-06	1.381431e-09
2.31771131e-06	2.538986e-10
2.31772985e-06	5.294448e-10
2.31774839e-06	2.707350e-09
2.31776693e-06	3.874551e-09
2.31778547e-06	2.223530e-09
2.31780401e-06	3.740680e-09
2.31782256e-06	5.102483e-09
2.31784110e-06	6.111341e-09
2.31785964e-06	6.325879e-09
2.31787819e-06	5.033404e-09
2.31789673e-06	4.508790e-09
2.31791527e-06	6.278287e-09
2.31793381e-06	6.236880e-09
2.31795236e-06	5.434880e-09
2.31797090e-06	6.041117e-09
2.31798945e-06	6.429400e-09
2.31800799e-06	4.851579e-09
2.31802653e-06	4.391057e-09
2.31804508e-06	4.995065e-09
2.31806362e-06	5.526734e-09
2.31808217e-06	5.627746e-09
2.31810071e-06	4.711205e-09
2.31811926e-06	6.218405e-09
2.31813780e-06	5.676554e-09
2.31815635e-06	3.436902e-09
2.31817489e-06	4.007142e-09
2.31819344e-06	6.662407e-09
2.31821198e-06	6.369570e-09
2.31823053e-06	4.293571e-09
2.31824907e-06	3.748358e-09
2.31826762e-06	2.216039e-09
2.31828617e-06	4.146738e-09
2.31830471e-06	6.244075e-09
2.31832326e-06	7.202672e-09
2.31834181e-06	6.560189e-09
2.31836035e-06	5.516296e-09
2.31837890e-06	5.803067e-09
2.31839745e-06	6.572538e-09
2.31841599e-06	6.994816e-09
2.31843454e-06	6.925205e-09
2.31845309e-06	4.738811e-09
2.31847164e-06	2.036430e-09
2.31849018e-06	6.094933e-10
2.31850873e-06	3.037562e-09
2.31852728e-06	5.008869e-09
2.31854583e-06	5.913454e-09
2.31856438e-06	6.721121e-09
2.31858292e-06	6.324348e-09
2.31860147e-06	5.471818e-09
2.31862002e-06	5.571696e-09
2.31863857e-06	5.025135e-09
2.31865712e-06	6.246739e-09
2.31867567e-06	6.065280e-09
2.31869422e-06	5.435400e-09
2.31871277e-06	5.785267e-09
2.31873132e-06	6.446025e-09
2.31874987e-06	6.418544e-09
2.31876842e-06	6.896942e-09
2.31878697e-06	7.396746e-09
2.31880552e-06	7.078911e-09
2.31882407e-06	5.890134e-09
2.31884262e-06	6.228712e-09
2.31886117e-06	5.377972e-09
2.31887972e-06	4.613593e-09
2.31889827e-06	5.312486e-09
2.31891682e-06	6.030159e-09
2.31893538e-06	5.658842e-09
2.31895393e-06	5.733089e-09
2.31897248e-06	6.026765e-09
2.31899103e-06	5.476487e-09
2.31900958e-06	5.366547e-09
2.31902813e-06	4.988725e-09
2.31904669e-06	4.928180e-09
2.31906524e-06	3.987757e-09
2.31908379e-06	4.051596e-09
2.31910234e-06	2.578183e-09
2.31912090e-06	2.989842e-10
2.31913945e-06	3.011487e-10
2.31915800e-06	2.531254e-09
2.31917656e-06	4.089358e-09
2.31919511e-06	5.098209e-09
2.31921366e-06	5.645685e-09
2.31923222e-06	5.711441e-09
2.31925077e-06	5.215304e-09
2.31926932e-06	5.504358e-09
2.31928788e-06	5.418466e-09
2.31930643e-06	4.935341e-09
2.31932499e-06	5.649020e-09
2.31934354e-06	3.992241e-09
2.31936210e-06	4.835267e-09
2.31938065e-06	5.668653e-09
2.31939921e-06	6.513697e-09
2.31941776e-06	6.590966e-09
2.31943632e-06	6.954102e-09
2.31945487e-06	5.999423e-09
2.31947343e-06	3.689307e-09
2.31949198e-06	4.205182e-09
2.31951054e-06	3.669760e-09
2.31952910e-06	3.087906e-09
2.31954765e-06	3.231359e-09
2.31956621e-06	2.261220e-09
2.31958477e-06	3.432336e-09
2.31960332e-06	6.315485e-09
2.31962188e-06	7.279143e-09
2.31964044e-06	7.358828e-09
2.31965899e-06	7.074528e-09
2.31967755e-06	5.611246e-09
2.31969611e-06	2.588074e-09
2.31971466e-06	4.196757e-09
2.31973322e-06	5.728948e-09
2.31975178e-06	6.926985e-09
2.31977034e-06	7.336012e-09
2.31978890e-06	7.165001e-09
2.31980746e-06	7.540033e-09
2.31982601e-06	7.335860e-09
2.31984457e-06	7.177299e-09
2.31986313e-06	6.527771e-09
2.31988169e-06	5.715801e-09
2.31990025e-06	6.588744e-09
2.31991881e-06	7.247521e-09
2.31993737e-06	7.350203e-09
2.31995593e-06	6.062872e-09
2.31997449e-06	5.497860e-09
2.31999305e-06	3.980313e-09
2.32001161e-06	1.481029e-09
2.32003017e-06	4.630154e-09
2.32004873e-06	6.467625e-09
2.32006729e-06	5.282083e-09
2.32008585e-06	5.000109e-09
2.32010441e-06	6.142455e-09
2.32012297e-06	6.936285e-09
2.32014153e-06	6.523530e-09
2.32016009e-06	6.895868e-09
2.32017865e-06	6.324707e-09
2.32019721e-06	6.338165e-09
2.32021577e-06	5.809158e-09
2.32023434e-06	5.896796e-09
2.32025290e-06	4.878322e-09
2.32027146e-06	1.845394e-09
2.32029002e-06	5.099487e-09
2.32030858e-06	6.899394e-09
2.32032715e-06	7.179410e-09
2.32034571e-06	6.121964e-09
2.32036427e-06	3.829880e-09
2.32038284e-06	3.415674e-09
2.32040140e-06	4.688157e-09
2.32041996e-06	1.671966e-09
2.32043853e-06	8.672126e-10
2.32045709e-06	4.642221e-09
2.32047565e-06	5.430403e-09
2.32049422e-06	4.612407e-09
2.32051278e-06	4.272990e-09
2.32053135e-06	3.150219e-09
2.32054991e-06	2.541659e-09
2.32056847e-06	8.021863e-10
2.32058704e-06	2.465081e-10
2.32060560e-06	8.192181e-10
2.32062417e-06	2.117163e-09
2.32064273e-06	3.840275e-09
2.32066130e-06	4.318678e-09
2.32067986e-06	4.550208e-09
2.32069843e-06	4.983617e-09
2.32071699e-06	5.305757e-09
2.32073556e-06	3.335452e-09
2.32075413e-06	3.773746e-09
2.32077269e-06	4.279003e-09
2.32079126e-06	6.013571e-09
2.32080982e-06	6.697889e-09
2.32082839e-06	6.808557e-09
2.32084696e-06	6.399984e-09
2.32086552e-06	5.313364e-09
2.32088409e-06	3.155559e-09
2.32090266e-06	3.993432e-09
2.32092123e-06	4.633168e-09
2.32093979e-06	3.626290e-09
2.32095836e-06	3.726784e-09
2.32097693e-06	5.638421e-09
2.32099550e-06	5.800891e-09
2.32101406e-06	5.063155e-09
2.32103263e-06	4.852613e-09
2.32105120e-06	4.182195e-09
2.32106977e-06	5.972219e-09
2.32108834e-06	7.120508e-09
2.32110691e-06	7.047741e-09
2.32112547e-06	5.465015e-09
2.32114404e-06	3.950131e-09
2.32116261e-06	5.025263e-09
2.32118118e-06	3.179971e-09
2.32119975e-06	7.851814e-10
2.32121832e-06	3.383098e-09
2.32123689e-06	5.694985e-09
2.32125546e-06	6.565927e-09
2.32127403e-06	5.768312e-09
2.32129260e-06	5.710621e-09
2.32131117e-06	4.069289e-09
2.32132974e-06	2.090074e-09
2.32134831e-06	2.834594e-09
2.32136688e-06	4.509975e-09
2.32138545e-06	6.814754e-09
2.32140403e-06	7.190063e-09
2.32142260e-06	7.069481e-09
2.32144117e-06	6.906038e-09
2.32145974e-06	7.082184e-09
2.32147831e-06	6.704721e-09
2.32149688e-06	4.734883e-09
2.32151545e-06	4.531847e-09
2.32153403e-06	5.379521e-09
2.32155260e-06	6.277045e-09
2.32157117e-06	7.113103e-09
2.32158974e-06	7.163752e-09
2.32160832e-06	6.729088e-09
2.32162689e-06	5.331002e-09
2.32164546e-06	2.542351e-09
2.32166404e-06	3.849538e-09
2.32168261e-06	6.093791e-09
2.32170118e-06	6.953910e-09
2.32171976e-06	6.901253e-09
2.32173833e-06	6.690612e-09
2.32175690e-06	6.564345e-09
2.32177548e-06	5.397889e-09
2.32179405e-06	3.678240e-09
2.32181263e-06	5.686120e-09
2.32183120e-06	5.420293e-09
2.32184978e-06	5.055671e-09
2.32186835e-06	5.114976e-09
2.32188692e-06	5.551147e-09
2.32190550e-06	5.093466e-09
2.32192408e-06	5.261945e-09
2.32194265e-06	1.428043e-09
2.32196123e-06	6.692704e-10
2.32197980e-06	4.438462e-09
2.32199838e-06	5.029261e-09
2.32201695e-06	4.676741e-09
2.32203553e-06	4.279409e-09
2.32205411e-06	2.955065e-09
2.32207268e-06	3.495591e-10
2.32209126e-06	2.596728e-10
2.32210984e-06	2.140721e-09
2.32212841e-06	4.093375e-09
2.32214699e-06	4.861255e-09
2.32216557e-06	4.693096e-09
2.32218414e-06	2.436351e-09
2.32220272e-06	2.316107e-09
2.32222130e-06	4.783918e-09
2.32223988e-06	4.813687e-09
2.32225846e-06	4.545564e-09
2.32227703e-06	6.265891e-09
2.32229561e-06	6.136575e-09
2.32231419e-06	4.940779e-09
2.32233277e-06	5.331808e-09
2.32235135e-06	4.932861e-09
2.32236993e-06	2.375463e-09
2.32238850e-06	3.009231e-09
2.32240708e-06	5.351494e-09
2.32242566e-06	5.754053e-09
2.32244424e-06	5.987685e-09
2.32246282e-06	3.842120e-09
2.32248140e-06	3.716895e-09
2.32249998e-06	4.499578e-09
2.32251856e-06	6.240831e-09
2.32253714e-06	5.503729e-09
2.32255572e-06	3.732102e-09
2.32257430e-06	3.624806e-09
2.32259288e-06	5.858360e-09
2.32261146e-06	5.522780e-09
2.32263005e-06	3.934066e-09
2.32264863e-06	6.678924e-10
2.32266721e-06	4.688574e-10
2.32268579e-06	9.523611e-10
2.32270437e-06	2.963604e-09
2.32272295e-06	1.696871e-09
2.32274153e-06	1.812405e-09
2.32276012e-06	1.247715e-09
2.32277870e-06	4.683572e-09
2.32279728e-06	5.206368e-09
2.32281586e-06	1.878733e-09
2.32283444e-06	3.204170e-09
2.32285303e-06	2.874340e-09
2.32287161e-06	1.118427e-09
2.32289019e-06	3.981786e-09
2.32290878e-06	3.256932e-09
2.32292736e-06	1.332481e-09
2.32294594e-06	3.495712e-09
2.32296453e-06	2.239885e-09
2.32298311e-06	5.068478e-09
2.32300169e-06	4.021479e-09
2.32302028e-06	8.362027e-10
2.32303886e-06	3.485196e-09
2.32305745e-06	5.732130e-09
2.32307603e-06	3.312889e-09
2.32309462e-06	1.459904e-09
2.32311320e-06	3.159285e-09
2.32313179e-06	2.690965e-09
2.32315037e-06	9.985547e-10
2.32316896e-06	6.119999e-10
2.32318754e-06	1.245040e-09
2.32320613e-06	1.690941e-09
2.32322471e-06	1.521750e-09
2.32324330e-06	4.933586e-09
2.32326188e-06	3.097793e-09
2.32328047e-06	1.851397e-09
2.32329906e-06	5.830663e-09
2.32331764e-06	6.016664e-09
2.32333623e-06	3.367356e-09
2.32335482e-06	2.279531e-09
2.32337340e-06	2.846493e-09
2.32339199e-06	5.100332e-09
2.32341058e-06	5.647023e-09
2.32342916e-06	4.543223e-09
2.32344775e-06	8.221703e-10
2.32346634e-06	2.441191e-09
2.32348493e-06	5.492250e-09
2.32350352e-06	6.042857e-09
2.32352210e-06	5.880832e-09
2.32354069e-06	3.815854e-09
2.32355928e-06	1.962881e-09
2.32357787e-06	3.583241e-09
2.32359646e-06	2.481838e-09
2.32361504e-06	2.805105e-10
2.32363363e-06	2.975274e-10
2.32365222e-06	2.414476e-09
2.32367081e-06	4.107018e-09
2.32368940e-06	4.877889e-09
2.32370799e-06	3.683829e-09
2.32372658e-06	8.763117e-10
2.32374517e-06	1.877939e-09
2.32376376e-06	3.888758e-09
2.32378235e-06	5.176328e-09
2.32380094e-06	2.486773e-09
2.32381953e-06	2.682964e-09
2.32383812e-06	5.565988e-09
2.32385671e-06	6.159829e-09
2.32387530e-06	6.268438e-09
2.32389389e-06	5.454372e-09
2.32391249e-06	5.347937e-09
2.32393108e-06	2.971165e-09
2.32394967e-06	3.415775e-09
2.32396826e-06	5.440611e-09
2.32398685e-06	4.764391e-09
2.32400544e-06	1.765627e-09
2.32402404e-06	3.975603e-10
2.32404263e-06	8.093136e-10
2.32406122e-06	1.736276e-09
2.32407981e-06	4.857955e-09
2.32409840e-06	4.750770e-09
2.32411700e-06	5.777933e-09
2.32413559e-06	6.555650e-09
2.32415418e-06	7.026535e-09
2.32417278e-06	6.693685e-09
2.32419137e-06	5.889499e-09
2.32420996e-06	6.304355e-09
2.32422856e-06	6.516437e-09
2.32424715e-06	6.601603e-09
2.32426575e-06	5.314496e-09
2.32428434e-06	2.510337e-09
2.32430293e-06	4.157606e-09
2.32432153e-06	6.106121e-09
2.32434012e-06	4.477567e-09
2.32435872e-06	4.294468e-09
2.32437731e-06	4.883215e-09
2.32439591e-06	2.424759e-09
2.32441450e-06	7.867940e-10
2.32443310e-06	4.372845e-09
2.32445169e-06	5.834497e-09
2.32447029e-06	4.719503e-09
2.32448888e-06	6.033669e-09
2.32450748e-06	6.829878e-09
2.32452608e-06	5.158344e-09
2.32454467e-06	4.439596e-09
2.32456327e-06	5.215307e-09
2.32458187e-06	6.459918e-09
2.32460046e-06	6.675760e-09
2.32461906e-06	5.648548e-09
2.32463766e-06	6.545547e-09
2.32465625e-06	5.912701e-09
2.32467485e-06	3.258009e-09
2.32469345e-06	3.898291e-09
2.32471205e-06	5.979354e-09
2.32473064e-06	3.582344e-09
2.32474924e-06	2.704071e-09
2.32476784e-06	5.016894e-09
2.32478644e-06	4.476448e-09
2.32480504e-06	7.207506e-10
2.32482363e-06	1.450680e-09
2.32484223e-06	3.961753e-09
2.32486083e-06	2.658715e-09
2.32487943e-06	3.613569e-09
2.32489803e-06	3.617683e-09
2.32491663e-06	4.359916e-09
2.32493523e-06	6.034492e-09
2.32495383e-06	6.030785e-09
2.32497243e-06	6.162197e-09
2.32499103e-06	4.997905e-09
2.32500963e-06	5.570265e-09
2.32502823e-06	6.073083e-09
2.32504683e-06	6.645120e-09
2.32506543e-06	6.561451e-09
2.32508403e-06	5.982476e-09
2.32510263e-06	4.409412e-09
2.32512123e-06	2.642303e-09
2.32513983e-06	4.330076e-09
2.32515843e-06	3.786276e-09
2.32517703e-06	2.216476e-09
2.32519563e-06	2.681672e-10
2.32521424e-06	3.400480e-10
2.32523284e-06	2.004007e-09
2.32525144e-06	5.737745e-10
2.32527004e-06	1.980793e-09
2.32528864e-06	4.611258e-09
2.32530725e-06	4.760989e-09
2.32532585e-06	4.571568e-09
2.32534445e-06	5.171146e-09
2.32536305e-06	6.418392e-09
2.32538166e-06	6.746188e-09
2.32540026e-06	6.299167e-09
2.32541886e-06	5.723982e-09
2.32543747e-06	5.770618e-09
2.32545607e-06	5.390597e-09
2.32547467e-06	6.474167e-09
2.32549328e-06	5.645898e-09
2.32551188e-06	5.133778e-09
2.32553048e-06	5.238925e-09
2.32554909e-06	5.586512e-09
2.32556769e-06	5.713854e-09
2.32558630e-06	4.411911e-09
2.32560490e-06	3.370084e-09
2.32562351e-06	4.697087e-09
2.32564211e-06	5.455689e-09
2.32566072e-06	3.925193e-09
2.32567932e-06	5.124524e-09
2.32569793e-06	5.816670e-09
2.32571654e-06	4.158765e-09
2.32573514e-06	4.996023e-10
2.32575375e-06	1.910647e-09
2.32577235e-06	5.184000e-09
2.32579096e-06	5.845297e-09
2.32580956e-06	6.465082e-09
2.32582817e-06	5.878212e-09
2.32584678e-06	2.773496e-09
2.32586538e-06	2.157461e-09
2.32588399e-06	2.144745e-09
2.32590260e-06	4.297595e-09
2.32592121e-06	5.054126e-09
2.32593981e-06	4.761124e-09
2.32595842e-06	3.364228e-09
2.32597703e-06	2.735061e-09
2.32599564e-06	2.555098e-09
2.32601424e-06	5.088184e-09
2.32603285e-06	5.329333e-09
2.32605146e-06	4.733070e-09
2.32607007e-06	5.165688e-09
2.32608868e-06	3.512737e-09
2.32610729e-06	3.264494e-09
2.32612590e-06	3.648212e-09
2.32614450e-06	6.149714e-09
2.32616311e-06	5.903098e-09
2.32618172e-06	5.097711e-09
2.32620033e-06	5.701259e-09
2.32621894e-06	5.472225e-09
2.32623755e-06	4.724298e-09
2.32625616e-06	8.310165e-10
2.32627477e-06	1.129513e-09
2.32629338e-06	2.654634e-09
2.32631199e-06	1.642717e-09
2.32633060e-06	3.471462e-09
2.32634921e-06	3.624296e-09
2.32636782e-06	4.783907e-09
2.32638643e-06	5.135273e-09
2.32640505e-06	4.945911e-09
2.32642366e-06	4.906970e-09
2.32644227e-06	4.266740e-09
2.32646088e-06	5.348024e-09
2.32647949e-06	5.809956e-09
2.32649810e-06	6.107663e-09
2.32651671e-06	6.174394e-09
2.32653533e-06	7.161428e-09
2.32655394e-06	6.227483e-09
2.32657255e-06	6.407959e-09
2.32659116e-06	6.459219e-09
2.32660978e-06	5.658081e-09
2.32662839e-06	4.108089e-09
2.32664700e-06	3.909756e-09
2.32666562e-06	4.833073e-09
2.32668423e-06	3.307451e-09
2.32670284e-06	5.082796e-09
2.32672146e-06	4.407151e-09
2.32674007e-06	4.464661e-09
2.32675869e-06	5.127384e-09
2.32677730e-06	4.311313e-09
2.32679591e-06	2.511477e-09
2.32681453e-06	3.198059e-10
2.32683314e-06	2.793511e-10
2.32685176e-06	2.048024e-09
2.32687037e-06	3.991842e-09
2.32688899e-06	4.429813e-09
2.32690760e-06	4.599820e-09
2.32692622e-06	5.088792e-09
2.32694483e-06	4.254549e-09
2.32696345e-06	4.668106e-09
2.32698206e-06	5.466376e-09
2.32700068e-06	5.662673e-09
2.32701930e-06	5.054059e-09
2.32703791e-06	5.914682e-09
2.32705653e-06	6.782534e-09
2.32707514e-06	5.878489e-09
2.32709376e-06	4.578137e-09
2.32711238e-06	3.428938e-09
2.32713099e-06	2.094932e-09
2.32714961e-06	3.616449e-09
2.32716823e-06	5.244310e-09
2.32718685e-06	4.643423e-09
2.32720546e-06	5.869266e-09
2.32722408e-06	6.132371e-09
2.32724270e-06	5.164375e-09
2.32726132e-06	6.749048e-09
2.32727993e-06	5.793089e-09
2.32729855e-06	3.630213e-09
2.32731717e-06	4.533298e-09
2.32733579e-06	6.396263e-09
2.32735441e-06	6.878053e-09
2.32737303e-06	5.831946e-09
2.32739165e-06	5.131549e-09
2.32741027e-06	4.193975e-09
2.32742888e-06	9.421128e-10
2.32744750e-06	7.942879e-10
2.32746612e-06	4.047280e-09
2.32748474e-06	5.545878e-09
2.32750336e-06	6.205379e-09
2.32752198e-06	5.960044e-09
2.32754060e-06	6.194916e-09
2.32755922e-06	6.118974e-09
2.32757784e-06	6.760514e-09
2.32759646e-06	5.046618e-09
2.32761509e-06	2.831764e-09
2.32763371e-06	5.361295e-09
2.32765233e-06	6.777727e-09
2.32767095e-06	6.179059e-09
2.32768957e-06	5.986325e-09
2.32770819e-06	6.460071e-09
2.32772681e-06	6.244733e-09
2.32774544e-06	6.595209e-09
2.32776406e-06	6.768925e-09
2.32778268e-06	6.715700e-09
2.32780130e-06	6.294651e-09
2.32781992e-06	5.093970e-09
2.32783855e-06	1.435928e-09
2.32785717e-06	9.489432e-10
2.32787579e-06	2.613357e-09
2.32789442e-06	4.287857e-09
2.32791304e-06	2.784387e-09
2.32793166e-06	3.104021e-09
2.32795028e-06	1.187633e-09
2.32796891e-06	1.043462e-09
2.32798753e-06	4.811003e-09
2.32800616e-06	5.960504e-09
2.32802478e-06	6.228703e-09
2.32804340e-06	5.517508e-09
2.32806203e-06	3.880587e-09
2.32808065e-06	5.577530e-10
2.32809928e-06	9.210255e-10
2.32811790e-06	4.011155e-09
2.32813653e-06	4.500322e-09
2.32815515e-06	5.015734e-09
2.32817378e-06	6.240481e-09
2.32819240e-06	5.486382e-09
2.32821103e-06	5.317383e-09
2.32822965e-06	4.615752e-09
2.32824828e-06	5.617982e-09
2.32826691e-06	6.226049e-09
2.32828553e-06	5.562565e-09
2.32830416e-06	3.382081e-09
2.32832279e-06	3.671461e-09
2.32834141e-06	5.413255e-09
2.32836004e-06	5.834543e-09
2.32837867e-06	5.389735e-09
2.32839729e-06	3.122666e-09
2.32841592e-06	1.420020e-09
2.32843455e-06	3.656311e-09
2.32845317e-06	2.911404e-09
2.32847180e-06	3.559220e-10
2.32849043e-06	2.590870e-10
2.32850906e-06	1.931996e-09
2.32852769e-06	3.640220e-09
2.32854631e-06	4.231135e-09
2.32856494e-06	5.437936e-09
2.32858357e-06	6.226684e-09
2.32860220e-06	6.099213e-09
2.32862083e-06	5.452355e-09
2.32863946e-06	3.713491e-09
2.32865809e-06	3.591674e-09
2.32867672e-06	4.093058e-09
2.32869535e-06	4.483475e-09
2.32871397e-06	1.538761e-09
2.32873260e-06	2.970749e-09
2.32875123e-06	4.180887e-09
2.32876987e-06	6.004304e-10
2.32878849e-06	9.486793e-10
2.32880712e-06	3.120772e-09
2.32882576e-06	3.954490e-09
2.32884439e-06	5.762937e-09
2.32886302e-06	6.169477e-09
2.32888165e-06	5.062184e-09
2.32890028e-06	4.616982e-09
2.32891891e-06	4.584391e-09
2.32893754e-06	4.511205e-09
2.32895617e-06	5.053353e-09
2.32897481e-06	5.876967e-09
2.32899344e-06	4.661724e-09
2.32901207e-06	4.586790e-09
2.32903070e-06	6.060176e-09
2.32904933e-06	6.051534e-09
2.32906797e-06	5.071772e-09
2.32908660e-06	2.551277e-09
2.32910523e-06	4.055863e-09
2.32912386e-06	6.543508e-09
2.32914250e-06	6.517275e-09
2.32916113e-06	5.985944e-09
2.32917976e-06	4.642239e-09
2.32919840e-06	1.325462e-09
2.32921703e-06	1.447656e-09
2.32923566e-06	5.396502e-09
2.32925430e-06	6.575471e-09
2.32927293e-06	6.155839e-09
2.32929157e-06	6.532703e-09
2.32931020e-06	7.192275e-09
2.32932883e-06	6.982757e-09
2.32934747e-06	5.873864e-09
2.32936610e-06	4.903967e-09
2.32938474e-06	4.014767e-09
2.32940337e-06	5.511762e-09
2.32942201e-06	4.765897e-09
2.32944065e-06	5.542402e-09
2.32945928e-06	4.463214e-09
2.32947792e-06	2.880682e-09
2.32949655e-06	1.151296e-09
2.32951519e-06	4.393081e-10
2.32953382e-06	3.758850e-09
2.32955246e-06	5.145265e-09
2.32957110e-06	5.962373e-09
2.32958973e-06	6.643512e-09
2.32960837e-06	7.117374e-09
2.32962701e-06	6.926373e-09
2.32964564e-06	6.015498e-09
2.32966428e-06	6.967547e-09
2.32968292e-06	7.524990e-09
2.32970156e-06	7.916837e-09
2.32972019e-06	7.850067e-09
2.32973883e-06	7.446638e-09
2.32975747e-06	6.569564e-09
2.32977611e-06	6.380087e-09
2.32979475e-06	4.377940e-09
2.32981338e-06	4.683651e-09
2.32983202e-06	6.805828e-09
2.32985066e-06	6.399379e-09
2.32986930e-06	5.155552e-09
2.32988794e-06	6.443080e-09
2.32990658e-06	6.342770e-09
2.32992522e-06	5.281916e-09
2.32994386e-06	5.195534e-09
2.32996250e-06	4.793754e-09
2.32998113e-06	5.663221e-09
2.32999977e-06	5.663275e-09
2.33001842e-06	2.498574e-09
2.33003706e-06	1.699784e-09
2.33005570e-06	5.100537e-09
2.33007434e-06	5.450866e-09
2.33009298e-06	3.985490e-09
2.33011162e-06	3.786246e-09
2.33013026e-06	4.128788e-09
2.33014890e-06	3.803122e-09
2.33016754e-06	1.151811e-09
2.33018618e-06	2.500713e-10
2.33020482e-06	6.873665e-10
2.33022347e-06	3.200713e-09
2.33024211e-06	3.682324e-09
2.33026075e-06	2.479549e-09
2.33027939e-06	3.680797e-10
2.33029803e-06	1.412648e-09
2.33031667e-06	4.582498e-09
2.33033532e-06	5.355847e-09
2.33035396e-06	5.659763e-09
2.33037260e-06	5.248006e-09
2.33039125e-06	2.793599e-09
2.33040989e-06	3.797352e-09
2.33042853e-06	5.614287e-09
2.33044718e-06	3.683822e-09
2.33046582e-06	2.198621e-09
2.33048446e-06	3.952029e-09
2.33050311e-06	4.162159e-09
2.33052175e-06	7.065804e-10
2.33054040e-06	1.101229e-09
2.33055904e-06	4.461205e-09
2.33057768e-06	3.236238e-09
2.33059633e-06	5.010332e-10
2.33061497e-06	2.262219e-09
2.33063362e-06	2.602118e-09
2.33065226e-06	2.378533e-09
2.33067091e-06	2.470941e-09
2.33068955e-06	3.134347e-09
2.33070820e-06	1.724987e-09
2.33072685e-06	3.623821e-09
2.33074549e-06	2.280079e-09
2.33076414e-06	3.996895e-09
2.33078278e-06	4.625474e-09
2.33080143e-06	3.565833e-09
2.33082008e-06	5.252522e-09
2.33083872e-06	6.064887e-09
2.33085737e-06	6.264965e-09
2.33087602e-06	5.661024e-09
2.33089466e-06	5.126093e-09
2.33091331e-06	5.909220e-09
2.33093196e-06	5.545184e-09
2.33095061e-06	4.946641e-09
2.33096925e-06	5.465583e-09
2.33098790e-06	4.585258e-09
2.33100655e-06	4.603338e-09
2.33102520e-06	3.177050e-09
2.33104384e-06	4.418609e-09
2.33106249e-06	4.834208e-09
2.33108114e-06	1.266310e-09
2.33109979e-06	4.362223e-10
2.33111844e-06	3.292369e-09
2.33113709e-06	4.676710e-09
2.33115574e-06	3.951878e-09
2.33117439e-06	3.750262e-09
2.33119304e-06	3.156124e-09
2.33121169e-06	5.235022e-10
2.33123033e-06	1.743708e-09
2.33124898e-06	3.585112e-09
2.33126763e-06	3.998300e-09
2.33128629e-06	5.896723e-09
2.33130493e-06	5.476580e-09
2.33132359e-06	5.379822e-09
2.33134224e-06	6.463359e-09
2.33136089e-06	5.830907e-09
2.33137954e-06	3.504677e-09
2.33139819e-06	4.674531e-09
2.33141684e-06	5.692354e-09
2.33143549e-06	5.396844e-09
2.33145414e-06	5.206597e-09
2.33147280e-06	6.208512e-09
2.33149145e-06	5.853253e-09
2.33151010e-06	5.712641e-09
2.33152875e-06	5.112768e-09
2.33154740e-06	3.225751e-09
2.33156606e-06	4.475866e-09
2.33158471e-06	4.205816e-09
2.33160336e-06	2.193748e-09
2.33162201e-06	3.371072e-09
2.33164067e-06	2.047947e-09
2.33165932e-06	1.453666e-09
2.33167797e-06	5.516790e-09
2.33169663e-06	5.870634e-09
2.33171528e-06	3.800427e-09
2.33173393e-06	2.087425e-09
2.33175259e-06	5.160447e-09
2.33177124e-06	4.748238e-09
2.33178990e-06	3.500186e-09
2.33180855e-06	5.059203e-09
2.33182720e-06	5.004227e-09
2.33184586e-06	5.281435e-09
2.33186451e-06	3.851426e-09
2.33188317e-06	3.668806e-09
2.33190182e-06	2.532817e-09
2.33192048e-06	3.576283e-10
2.33193913e-06	2.521318e-10
2.33195779e-06	4.363657e-10
2.33197644e-06	2.696799e-09
2.33199510e-06	3.580084e-09
2.33201376e-06	4.235755e-09
2.33203241e-06	5.677546e-09
2.33205107e-06	6.045662e-09
2.33206973e-06	5.919178e-09
2.33208838e-06	6.040433e-09
2.33210704e-06	4.437968e-09
2.33212570e-06	5.488971e-09
2.33214435e-06	6.231131e-09
2.33216301e-06	5.785157e-09
2.33218167e-06	6.073663e-09
2.33220033e-06	6.414121e-09
2.33221898e-06	4.519762e-09
2.33223764e-06	4.160433e-09
2.33225630e-06	3.206993e-09
2.33227496e-06	5.037435e-09
2.33229361e-06	6.637895e-09
2.33231227e-06	7.300828e-09
2.33233093e-06	6.813611e-09
2.33234959e-06	6.891198e-09
2.33236825e-06	6.678881e-09
2.33238691e-06	4.797167e-09
2.33240557e-06	4.302087e-09
2.33242423e-06	6.171160e-09
2.33244288e-06	6.493414e-09
2.33246154e-06	5.159708e-09
2.33248020e-06	4.151013e-09
2.33249886e-06	4.902199e-09
2.33251752e-06	6.330413e-09
2.33253618e-06	6.295984e-09
2.33255485e-06	3.497479e-09
2.33257350e-06	3.114243e-09
2.33259217e-06	5.105425e-09
2.33261083e-06	5.478673e-09
2.33262949e-06	6.793454e-09
2.33264815e-06	6.816039e-09
2.33266681e-06	6.184026e-09
2.33268547e-06	7.038288e-09
2.33270413e-06	6.876466e-09
2.33272279e-06	5.723843e-09
2.33274146e-06	4.433791e-09
2.33276012e-06	5.067277e-09
2.33277878e-06	4.115003e-09
2.33279744e-06	4.303134e-09
2.33281610e-06	3.926695e-09
2.33283477e-06	5.874992e-10
2.33285343e-06	4.581684e-10
2.33287209e-06	3.476974e-09
2.33289075e-06	1.402363e-09
2.33290942e-06	5.514017e-10
2.33292808e-06	3.992161e-09
2.33294675e-06	5.419991e-09
2.33296541e-06	5.950234e-09
2.33298407e-06	5.385504e-09
2.33300274e-06	5.583351e-09
2.33302140e-06	6.693117e-09
2.33304006e-06	6.250850e-09
2.33305873e-06	5.980321e-09
2.33307739e-06	6.128088e-09
2.33309606e-06	5.997634e-09
2.33311472e-06	5.158614e-09
2.33313339e-06	5.458423e-09
2.33315205e-06	4.155409e-09
2.33317072e-06	3.177456e-09
2.33318938e-06	5.423998e-09
2.33320805e-06	5.894424e-09
2.33322671e-06	3.916274e-09
2.33324538e-06	3.377134e-09
2.33326405e-06	4.869257e-09
2.33328271e-06	3.596041e-09
2.33330138e-06	5.634503e-09
2.33332004e-06	6.226944e-09
2.33333871e-06	6.166829e-09
2.33335738e-06	5.448446e-09
2.33337604e-06	4.555359e-09
2.33339471e-06	5.113839e-09
2.33341338e-06	4.940536e-09
2.33343205e-06	6.629308e-09
2.33345071e-06	6.823261e-09
2.33346938e-06	6.813487e-09
2.33348805e-06	6.157714e-09
2.33350672e-06	4.804632e-09
2.33352538e-06	3.412456e-09
2.33354405e-06	4.021873e-09
2.33356272e-06	3.153536e-09
2.33358139e-06	1.554250e-09
2.33360006e-06	4.877632e-09
2.33361873e-06	5.797696e-09
2.33363740e-06	4.992662e-09
2.33365607e-06	4.758465e-09
2.33367473e-06	4.282497e-09
2.33369340e-06	2.061536e-09
2.33371207e-06	2.656665e-10
2.33373074e-06	4.189379e-10
2.33374941e-06	2.624162e-09
2.33376808e-06	1.095447e-09
2.33378675e-06	3.703411e-10
2.33380542e-06	3.151527e-09
2.33382410e-06	5.066563e-09
2.33384277e-06	5.104314e-09
2.33386144e-06	5.657574e-09
2.33388011e-06	6.414229e-09
2.33389878e-06	6.031706e-09
2.33391745e-06	6.210823e-09
2.33393612e-06	5.459651e-09
2.33395479e-06	3.959902e-09
2.33397346e-06	5.888937e-09
2.33399213e-06	7.224523e-09
2.33401081e-06	6.956540e-09
2.33402948e-06	6.382418e-09
2.33404815e-06	5.918881e-09
2.33406682e-06	6.386453e-09
2.33408550e-06	7.187507e-09
2.33410417e-06	7.102435e-09
2.33412284e-06	5.588116e-09
2.33414152e-06	2.194762e-09
2.33416019e-06	8.869519e-10
2.33417886e-06	3.584691e-09
2.33419754e-06	3.069785e-09
2.33421621e-06	2.803423e-09
2.33423488e-06	4.659634e-09
2.33425356e-06	5.445126e-09
2.33427223e-06	5.297430e-09
2.33429090e-06	3.979264e-09
2.33430958e-06	1.988934e-09
2.33432825e-06	3.245502e-09
2.33434693e-06	3.845692e-09
2.33436560e-06	4.492581e-09
2.33438428e-06	5.770942e-09
2.33440295e-06	6.338087e-09
2.33442163e-06	4.555994e-09
2.33444030e-06	2.638774e-09
2.33445898e-06	3.975814e-09
2.33447765e-06	4.659873e-09
2.33449633e-06	5.109502e-09
2.33451501e-06	3.911690e-09
2.33453368e-06	4.848149e-09
2.33455236e-06	5.666775e-09
2.33457104e-06	4.675145e-09
2.33458971e-06	5.923061e-09
2.33460839e-06	6.265326e-09
2.33462706e-06	3.996741e-09
2.33464574e-06	3.722994e-09
2.33466442e-06	5.303948e-09
2.33468310e-06	6.132913e-09
2.33470177e-06	5.581329e-09
2.33472045e-06	4.705722e-09
2.33473913e-06	2.280676e-09
2.33475781e-06	3.527118e-10
2.33477648e-06	5.793059e-10
2.33479516e-06	2.513305e-09
2.33481384e-06	3.738270e-09
2.33483252e-06	3.261501e-09
2.33485120e-06	3.360844e-09
2.33486988e-06	3.078053e-09
2.33488856e-06	4.081598e-09
2.33490724e-06	6.431213e-09
2.33492591e-06	7.001255e-09
2.33494460e-06	6.686307e-09
2.33496327e-06	5.979912e-09
2.33498195e-06	3.233397e-09
2.33500063e-06	3.851542e-09
2.33501931e-06	6.568399e-09
2.33503799e-06	6.938596e-09
2.33505667e-06	7.046553e-09
2.33507535e-06	6.700554e-09
2.33509404e-06	4.711104e-09
2.33511272e-06	1.167937e-09
2.33513140e-06	1.104751e-09
2.33515008e-06	4.730854e-09
2.33516876e-06	5.289080e-09
2.33518744e-06	3.739421e-09
2.33520612e-06	4.194297e-09
2.33522480e-06	5.111610e-09
2.33524348e-06	3.851560e-09
2.33526217e-06	3.738861e-09
2.33528085e-06	4.959669e-09
2.33529953e-06	5.306562e-09
2.33531821e-06	4.924324e-09
2.33533690e-06	4.469275e-09
2.33535558e-06	4.713264e-09
2.33537426e-06	3.032035e-09
2.33539294e-06	2.705639e-09
2.33541163e-06	5.122336e-09
2.33543031e-06	5.522581e-09
2.33544900e-06	5.556845e-09
2.33546768e-06	4.963792e-09
2.33548636e-06	4.570058e-09
2.33550505e-06	4.062251e-09
2.33552373e-06	1.661458e-09
2.33554242e-06	2.555027e-10
2.33556110e-06	8.289180e-10
2.33557978e-06	3.826847e-09
2.33559847e-06	4.728925e-09
2.33561715e-06	4.635523e-09
2.33563584e-06	4.255215e-09
2.33565452e-06	2.731853e-09
2.33567321e-06	9.373388e-10
2.33569189e-06	3.236128e-09
2.33571058e-06	3.448903e-09
2.33572927e-06	3.186685e-09
2.33574795e-06	3.074662e-09
2.33576664e-06	5.857382e-10
2.33578532e-06	3.833920e-10
2.33580401e-06	3.181074e-09
2.33582269e-06	4.604434e-09
2.33584138e-06	5.642225e-09
2.33586007e-06	6.231557e-09
2.33587876e-06	5.776345e-09
2.33589744e-06	4.198599e-09
2.33591613e-06	4.292383e-09
2.33593482e-06	6.225098e-09
2.33595350e-06	6.047948e-09
2.33597219e-06	4.289513e-09
2.33599088e-06	4.965113e-09
2.33600957e-06	5.765646e-09
2.33602826e-06	5.831228e-09
2.33604694e-06	6.153514e-09
2.33606563e-06	6.884150e-09
2.33608432e-06	7.440289e-09
2.33610301e-06	7.622105e-09
2.33612170e-06	7.719397e-09
2.33614039e-06	7.205328e-09
2.33615908e-06	6.527660e-09
2.33617777e-06	6.610062e-09
2.33619646e-06	5.714935e-09
2.33621514e-06	5.787746e-09
2.33623383e-06	6.784222e-09
2.33625253e-06	5.973049e-09
2.33627121e-06	5.598525e-09
2.33628990e-06	5.187089e-09
2.33630860e-06	5.688651e-09
2.33632729e-06	4.107231e-09
2.33634598e-06	2.006517e-09
2.33636467e-06	2.688392e-09
2.33638336e-06	5.521841e-09
2.33640205e-06	5.065283e-09
2.33642074e-06	5.098366e-09
2.33643943e-06	6.355849e-09
2.33645812e-06	5.034408e-09
2.33647681e-06	6.289205e-09
2.33649551e-06	6.347507e-09
2.33651420e-06	6.249355e-09
2.33653289e-06	7.268420e-09
2.33655158e-06	6.475736e-09
2.33657028e-06	5.261359e-09
2.33658897e-06	6.457165e-09
2.33660766e-06	5.856443e-09
2.33662635e-06	5.516587e-09
2.33664505e-06	5.805877e-09
2.33666374e-06	6.095604e-09
2.33668243e-06	5.397753e-09
2.33670113e-06	2.646810e-09
2.33671982e-06	1.942893e-09
2.33673851e-06	3.399114e-09
2.33675721e-06	3.390309e-09
2.33677590e-06	4.925689e-09
2.33679460e-06	5.075396e-09
2.33681329e-06	3.376819e-09
2.33683198e-06	3.855007e-10
2.33685068e-06	8.365302e-10
2.33686937e-06	3.528995e-09
2.33688807e-06	3.946720e-09
2.33690676e-06	3.789898e-09
2.33692546e-06	4.176275e-09
2.33694415e-06	4.224059e-09
2.33696285e-06	4.639651e-09
2.33698155e-06	2.217844e-09
2.33700024e-06	2.941776e-09
2.33701894e-06	4.573096e-09
2.33703763e-06	5.284979e-09
2.33705633e-06	4.965818e-09
2.33707503e-06	5.670913e-09
2.33709372e-06	6.008785e-09
2.33711242e-06	5.958180e-09
2.33713112e-06	6.110953e-09
2.33714981e-06	5.243358e-09
2.33716851e-06	5.860513e-09
2.33718721e-06	6.929112e-09
2.33720591e-06	5.329396e-09
2.33722460e-06	4.410323e-09
2.33724330e-06	5.287122e-09
2.33726200e-06	5.141052e-09
2.33728070e-06	3.389074e-09
2.33729940e-06	3.424199e-09
2.33731809e-06	5.387716e-09
2.33733679e-06	5.703555e-09
2.33735549e-06	5.381555e-09
2.33737419e-06	4.498502e-09
2.33739289e-06	1.692037e-09
2.33741159e-06	2.568915e-10
2.33743029e-06	8.589599e-10
2.33744899e-06	4.030227e-09
2.33746769e-06	4.959681e-09
2.33748639e-06	4.378763e-09
2.33750509e-06	4.920727e-09
2.33752379e-06	5.587157e-09
2.33754249e-06	5.719418e-09
2.33756119e-06	5.802043e-09
2.33757989e-06	6.989515e-09
2.33759859e-06	7.060214e-09
2.33761729e-06	6.132672e-09
2.33763599e-06	4.533622e-09
2.33765469e-06	6.061476e-09
2.33767339e-06	5.992939e-09
2.33769209e-06	5.745018e-09
2.33771079e-06	5.095416e-09
2.33772950e-06	3.593839e-09
2.33774820e-06	1.529940e-09
2.33776690e-06	3.791241e-09
2.33778560e-06	5.714190e-09
2.33780431e-06	6.021899e-09
2.33782301e-06	6.132431e-09
2.33784171e-06	5.517483e-09
2.33786041e-06	5.655049e-09
2.33787912e-06	5.783993e-09
2.33789782e-06	4.841679e-09
2.33791652e-06	2.684461e-09
2.33793523e-06	3.743141e-10
2.33795393e-06	9.046528e-10
2.33797263e-06	3.160242e-09
2.33799134e-06	4.749683e-09
2.33801004e-06	5.520065e-09
2.33802874e-06	4.994434e-09
2.33804745e-06	4.101355e-09
2.33806615e-06	5.505532e-09
2.33808486e-06	5.504758e-09
2.33810356e-06	6.092817e-09
2.33812227e-06	5.111511e-09
2.33814097e-06	5.481247e-09
2.33815968e-06	5.680137e-09
2.33817838e-06	4.761192e-09
2.33819709e-06	3.722103e-09
2.33821579e-06	4.300513e-09
2.33823450e-06	1.858618e-09
2.33825321e-06	4.694822e-09
2.33827191e-06	5.248149e-09
2.33829062e-06	5.214454e-09
2.33830932e-06	4.922805e-09
2.33832803e-06	2.890806e-09
2.33834674e-06	2.939769e-09
2.33836544e-06	5.746180e-09
2.33838415e-06	5.521255e-09
2.33840286e-06	6.334912e-09
2.33842156e-06	6.117096e-09
2.33844027e-06	4.592950e-09
2.33845898e-06	2.490285e-09
2.33847769e-06	4.100178e-09
2.33849639e-06	5.233017e-09
2.33851510e-06	5.225004e-09
2.33853381e-06	4.040570e-09
2.33855252e-06	4.748463e-09
2.33857123e-06	4.769541e-09
2.33858994e-06	3.796108e-09
2.33860864e-06	4.340678e-09
2.33862735e-06	5.809629e-09
2.33864606e-06	5.631993e-09
2.33866477e-06	5.308825e-09
2.33868348e-06	3.985699e-09
2.33870219e-06	3.745098e-09
2.33872090e-06	1.816029e-09
2.33873961e-06	1.326736e-09
2.33875832e-06	3.287478e-09
2.33877703e-06	3.934353e-09
2.33879574e-06	5.829797e-09
2.33881445e-06	6.252211e-09
2.33883316e-06	6.751764e-09
2.33885187e-06	6.878575e-09
2.33887058e-06	4.965878e-09
2.33888929e-06	5.444525e-09
2.33890800e-06	5.411029e-09
2.33892672e-06	4.831398e-09
2.33894543e-06	2.796978e-09
2.33896414e-06	2.438715e-09
2.33898285e-06	5.066736e-09
2.33900156e-06	5.254468e-09
2.33902027e-06	4.846215e-09
2.33903899e-06	4.519613e-09
2.33905770e-06	3.058798e-09
2.33907641e-06	3.537231e-10
2.33909512e-06	6.704700e-10
2.33911384e-06	3.676859e-09
2.33913255e-06	5.018216e-09
2.33915126e-06	5.067204e-09
2.33916998e-06	4.942411e-09
2.33918869e-06	3.333757e-09
2.33920740e-06	3.833886e-09
2.33922612e-06	4.566176e-09
2.33924483e-06	5.332898e-09
2.33926354e-06	5.652801e-09
2.33928226e-06	4.189967e-09
2.33930097e-06	1.900220e-09
2.33931969e-06	2.686509e-10
2.33933840e-06	7.852564e-10
2.33935712e-06	4.147128e-09
2.33937583e-06	5.297153e-09
2.33939455e-06	5.561836e-09
2.33941326e-06	5.960497e-09
2.33943198e-06	5.959323e-09
2.33945069e-06	4.901708e-09
2.33946941e-06	2.569115e-09
2.33948812e-06	3.592796e-09
2.33950684e-06	5.872406e-09
2.33952556e-06	6.540699e-09
2.33954427e-06	6.519803e-09
2.33956299e-06	5.664946e-09
2.33958171e-06	5.100586e-09
2.33960042e-06	2.616772e-09
2.33961914e-06	2.081762e-09
2.33963785e-06	4.576182e-09
2.33965657e-06	3.380047e-09
2.33967529e-06	2.722559e-09
2.33969401e-06	5.980013e-09
2.33971272e-06	6.060636e-09
2.33973144e-06	4.826807e-09
2.33975016e-06	3.563901e-09
2.33976888e-06	5.136249e-09
2.33978760e-06	5.521343e-09
2.33980631e-06	5.458361e-09
2.33982503e-06	6.309543e-09
2.33984375e-06	5.505789e-09
2.33986247e-06	2.407400e-09
2.33988119e-06	4.286938e-10
2.33989991e-06	5.308120e-10
2.33991863e-06	3.280030e-09
2.33993735e-06	5.788384e-09
2.33995607e-06	5.060638e-09
2.33997479e-06	6.318734e-09
2.33999351e-06	6.596127e-09
2.34001223e-06	5.102093e-09
2.34003095e-06	2.609512e-09
2.34004967e-06	2.886734e-09
2.34006839e-06	2.949821e-09
2.34008711e-06	3.929976e-09
2.34010583e-06	5.494520e-09
2.34012455e-06	3.574261e-09
2.34014327e-06	4.678356e-09
2.34016199e-06	3.896542e-09
2.34018071e-06	4.128267e-09
2.34019943e-06	4.949109e-09
2.34021815e-06	5.259742e-09
2.34023688e-06	3.986490e-09
2.34025560e-06	5.079202e-10
2.34027432e-06	3.847491e-10
2.34029304e-06	2.022138e-09
2.34031177e-06	4.189084e-09
2.34033049e-06	5.004251e-09
2.34034921e-06	3.221869e-09
2.34036793e-06	1.796019e-09
2.34038666e-06	2.023564e-09
2.34040538e-06	1.931363e-09
2.34042410e-06	2.029695e-09
2.34044283e-06	1.634597e-09
2.34046155e-06	4.610145e-09
2.34048027e-06	6.008590e-09
2.34049900e-06	5.556932e-09
2.34051772e-06	2.054383e-09
2.34053644e-06	2.631220e-09
2.34055517e-06	4.348087e-09
2.34057389e-06	3.022077e-09
2.34059262e-06	4.027967e-09
2.34061134e-06	3.211688e-09
2.34063007e-06	2.662039e-09
2.34064879e-06	4.846128e-09
2.34066752e-06	3.572104e-09
2.34068624e-06	4.790834e-09
2.34070497e-06	6.961362e-09
2.34072369e-06	6.950061e-09
2.34074242e-06	6.899508e-09
2.34076115e-06	7.040693e-09
2.34077987e-06	5.737282e-09
2.34079860e-06	6.536152e-09
2.34081733e-06	5.992548e-09
2.34083605e-06	5.150214e-09
2.34085478e-06	6.124012e-09
2.34087350e-06	5.821624e-09
2.34089223e-06	5.710357e-09
2.34091096e-06	6.104970e-09
2.34092969e-06	5.853414e-09
2.34094841e-06	7.011153e-09
2.34096714e-06	6.395172e-09
2.34098587e-06	5.905901e-09
2.34100460e-06	5.880468e-09
2.34102333e-06	5.709636e-09
2.34104205e-06	4.840083e-09
2.34106078e-06	1.937092e-09
2.34107951e-06	5.433472e-10
2.34109824e-06	2.597841e-09
2.34111697e-06	4.142498e-09
2.34113570e-06	2.273732e-09
2.34115443e-06	4.093246e-10
2.34117315e-06	3.174332e-09
2.34119188e-06	5.239606e-09
2.34121061e-06	5.264192e-09
2.34122934e-06	4.791284e-09
2.34124807e-06	3.670313e-09
2.34126680e-06	3.653074e-10
2.34128553e-06	3.879084e-10
2.34130426e-06	4.172417e-09
2.34132299e-06	5.218252e-09
2.34134172e-06	3.428210e-09
2.34136045e-06	1.099881e-09
2.34137919e-06	4.297830e-09
2.34139792e-06	5.512675e-09
2.34141665e-06	4.965494e-09
2.34143538e-06	4.563196e-09
2.34145411e-06	3.254180e-09
2.34147284e-06	1.862015e-09
2.34149158e-06	3.066522e-10
2.34151031e-06	1.698389e-09
2.34152904e-06	4.079069e-09
2.34154777e-06	3.681319e-09
2.34156650e-06	4.398276e-09
2.34158524e-06	5.062507e-09
2.34160397e-06	6.239379e-09
2.34162270e-06	6.379171e-09
2.34164143e-06	6.460596e-09
2.34166017e-06	6.080386e-09
2.34167890e-06	4.598735e-09
2.34169763e-06	1.737904e-09
2.34171637e-06	1.725624e-09
2.34173510e-06	4.110674e-09
2.34175384e-06	5.196746e-09
2.34177257e-06	6.410589e-09
2.34179130e-06	5.833513e-09
2.34181004e-06	6.512288e-09
2.34182877e-06	6.365337e-09
2.34184751e-06	4.538179e-09
2.34186624e-06	2.670748e-09
2.34188498e-06	1.842126e-09
2.34190371e-06	4.586224e-09
2.34192245e-06	4.165661e-09
2.34194118e-06	3.077681e-09
2.34195992e-06	3.886981e-09
2.34197865e-06	4.822519e-09
2.34199739e-06	5.328126e-09
2.34201613e-06	4.706466e-09
2.34203486e-06	1.402491e-09
2.34205360e-06	3.512805e-10
2.34207233e-06	2.698514e-09
2.34209107e-06	4.418147e-09
2.34210981e-06	5.991504e-09
2.34212855e-06	6.506117e-09
2.34214728e-06	5.663037e-09
2.34216602e-06	4.341734e-09
2.34218476e-06	4.834172e-09
2.34220349e-06	6.435911e-09
2.34222223e-06	7.163385e-09
2.34224097e-06	7.272456e-09
2.34225971e-06	7.390447e-09
2.34227844e-06	7.759628e-09
2.34229718e-06	8.015560e-09
2.34231592e-06	7.223405e-09
2.34233466e-06	6.525157e-09
2.34235340e-06	7.200904e-09
2.34237214e-06	6.116041e-09
2.34239088e-06	5.595341e-09
2.34240962e-06	5.900820e-09
2.34242835e-06	5.678616e-09
2.34244709e-06	2.933069e-09
2.34246583e-06	4.400216e-09
2.34248457e-06	6.452557e-09
2.34250331e-06	7.020091e-09
2.34252205e-06	7.025950e-09
2.34254079e-06	4.977275e-09
2.34255953e-06	3.597382e-09
2.34257827e-06	4.393917e-09
2.34259702e-06	4.246221e-09
2.34261576e-06	5.168689e-09
2.34263450e-06	6.349647e-09
2.34265324e-06	6.508655e-09
2.34267198e-06	5.490985e-09
2.34269072e-06	4.454502e-09
2.34270946e-06	5.279480e-09
2.34272820e-06	3.942343e-09
2.34274695e-06	4.724601e-10
2.34276569e-06	3.652607e-10
2.34278443e-06	2.844046e-09
2.34280317e-06	4.765483e-09
2.34282191e-06	5.417161e-09
2.34284066e-06	4.041210e-09
2.34285940e-06	3.765710e-09
2.34287814e-06	4.477459e-09
2.34289689e-06	5.129473e-09
2.34291563e-06	6.034097e-09
2.34293437e-06	6.473058e-09
2.34295312e-06	6.541437e-09
2.34297186e-06	5.903945e-09
2.34299060e-06	4.926548e-09
2.34300935e-06	5.973657e-09
2.34302809e-06	6.856115e-09
2.34304684e-06	5.942279e-09
2.34306558e-06	4.714698e-09
2.34308432e-06	5.996698e-09
2.34310307e-06	6.609441e-09
2.34312181e-06	6.391044e-09
2.34314056e-06	6.282365e-09
2.34315930e-06	4.159887e-09
2.34317805e-06	5.119462e-09
2.34319679e-06	5.930879e-09
2.34321554e-06	4.625030e-09
2.34323429e-06	2.437118e-09
2.34325303e-06	1.596019e-09
2.34327178e-06	2.873295e-10
2.34329052e-06	2.810603e-09
2.34330927e-06	4.382889e-09
2.34332802e-06	5.856184e-09
2.34334676e-06	6.874774e-09
2.34336551e-06	6.690480e-09
2.34338426e-06	5.127628e-09
2.34340300e-06	5.848337e-09
2.34342175e-06	5.039492e-09
2.34344050e-06	4.883549e-09
2.34345925e-06	4.793466e-09
2.34347799e-06	2.646569e-09
2.34349674e-06	1.849055e-09
2.34351549e-06	4.535790e-09
2.34353424e-06	5.628952e-09
2.34355299e-06	5.555903e-09
2.34357173e-06	5.542016e-09
2.34359048e-06	4.319511e-09
2.34360923e-06	1.766693e-09
2.34362798e-06	1.252027e-09
2.34364673e-06	4.219271e-09
2.34366548e-06	2.780759e-09
2.34368423e-06	6.611940e-10
2.34370298e-06	1.874142e-09
2.34372173e-06	3.754069e-09
2.34374048e-06	5.969972e-09
2.34375923e-06	5.439020e-09
2.34377798e-06	5.518637e-09
2.34379673e-06	5.869671e-09
2.34381548e-06	3.150153e-09
2.34383423e-06	1.829411e-09
2.34385298e-06	3.889913e-09
2.34387173e-06	4.646800e-09
2.34389048e-06	6.108765e-09
2.34390923e-06	5.475722e-09
2.34392798e-06	5.306909e-09
2.34394673e-06	6.534851e-09
2.34396549e-06	6.007571e-09
2.34398424e-06	4.233283e-09
2.34400299e-06	5.111421e-09
2.34402174e-06	3.879539e-09
2.34404049e-06	2.870377e-09
2.34405925e-06	3.684902e-10
2.34407800e-06	5.392211e-10
2.34409675e-06	3.513078e-09
2.34411550e-06	4.638619e-09
2.34413426e-06	4.507391e-09
2.34415301e-06	5.338671e-09
2.34417176e-06	6.185534e-09
2.34419052e-06	6.289746e-09
2.34420927e-06	5.892330e-09
2.34422802e-06	5.995816e-09
2.34424678e-06	6.239331e-09
2.34426553e-06	6.616599e-09
2.34428429e-06	4.951406e-09
2.34430304e-06	4.778789e-09
2.34432179e-06	3.733115e-09
2.34434055e-06	4.737468e-09
2.34435930e-06	5.969542e-09
2.34437806e-06	5.753560e-09
2.34439681e-06	5.066228e-09
2.34441557e-06	4.823445e-09
2.34443432e-06	4.561942e-09
2.34445308e-06	1.637925e-09
2.34447183e-06	2.143935e-09
2.34449059e-06	4.012464e-09
2.34450935e-06	2.909147e-09
2.34452810e-06	4.057424e-09
2.34454686e-06	4.888614e-09
2.34456562e-06	4.174796e-09
2.34458437e-06	4.469131e-09
2.34460313e-06	5.720854e-09
2.34462189e-06	6.053209e-09
2.34464064e-06	5.346067e-09
2.34465940e-06	4.713261e-09
2.34467816e-06	3.226362e-09
2.34469691e-06	4.244598e-10
2.34471567e-06	4.059578e-10
2.34473443e-06	3.132697e-09
2.34475319e-06	3.939662e-09
2.34477195e-06	2.580679e-09
2.34479070e-06	6.274972e-10
2.34480946e-06	1.256928e-09
2.34482822e-06	2.971395e-09
2.34484698e-06	5.485454e-09
2.34486574e-06	5.391964e-09
2.34488450e-06	3.417854e-09
2.34490326e-06	3.742387e-09
2.34492202e-06	3.994662e-09
2.34494077e-06	4.504200e-09
2.34495953e-06	2.446536e-09
2.34497829e-06	4.149832e-09
2.34499705e-06	4.893141e-09
2.34501581e-06	3.094948e-09
2.34503457e-06	3.787145e-10
2.34505333e-06	6.491705e-10
2.34507209e-06	3.341282e-09
2.34509086e-06	2.714143e-09
2.34510962e-06	4.840533e-09
2.34512838e-06	6.294910e-09
2.34514714e-06	6.640714e-09
2.34516590e-06	6.021135e-09
2.34518466e-06	5.275449e-09
2.34520342e-06	5.075743e-09
2.34522218e-06	3.378344e-09
2.34524094e-06	1.981711e-09
2.34525971e-06	3.884335e-09
2.34527847e-06	3.701934e-09
2.34529723e-06	4.448808e-10
2.34531599e-06	7.626644e-10
2.34533476e-06	4.117087e-09
2.34535352e-06	4.623208e-09
2.34537228e-06	3.218695e-09
2.34539104e-06	2.828431e-09
2.34540981e-06	3.495685e-10
2.34542857e-06	5.846391e-10
2.34544733e-06	1.670213e-09
2.34546610e-06	2.836350e-09
2.34548486e-06	1.478441e-09
2.34550363e-06	2.532996e-09
2.34552239e-06	5.370268e-09
2.34554115e-06	5.624252e-09
2.34555992e-06	4.348768e-09
2.34557868e-06	5.510731e-09
2.34559745e-06	5.830502e-09
2.34561621e-06	1.919159e-09
2.34563498e-06	2.467757e-09
2.34565374e-06	5.484105e-09
2.34567251e-06	6.893835e-09
2.34569127e-06	6.148816e-09
2.34571004e-06	5.463069e-09
2.34572880e-06	6.680933e-09
2.34574757e-06	5.353525e-09
2.34576634e-06	5.323159e-09
2.34578510e-06	7.383133e-09
2.34580387e-06	7.751061e-09
2.34582263e-06	6.797174e-09
2.34584140e-06	4.444800e-09
2.34586017e-06	5.066953e-09
2.34587894e-06	7.177010e-09
2.34589770e-06	7.156573e-09
2.34591647e-06	7.259005e-09
2.34593524e-06	7.052304e-09
2.34595400e-06	6.533398e-09
2.34597277e-06	4.942973e-09
2.34599154e-06	4.032258e-09
2.34601031e-06	6.799167e-09
2.34602908e-06	7.585920e-09
2.34604784e-06	5.696247e-09
2.34606661e-06	4.933173e-09
2.34608538e-06	5.991834e-09
2.34610415e-06	5.374158e-09
2.34612292e-06	5.279751e-09
2.34614169e-06	6.384914e-09
2.34616046e-06	5.545252e-09
2.34617923e-06	3.836107e-09
2.34619800e-06	6.074008e-09
2.34621676e-06	6.972697e-09
2.34623553e-06	6.592792e-09
2.34625430e-06	6.270017e-09
2.34627307e-06	6.569228e-09
2.34629184e-06	6.818854e-09
2.34631061e-06	5.191986e-09
2.34632938e-06	5.010435e-09
2.34634816e-06	4.688309e-09
2.34636693e-06	4.891403e-09
2.34638570e-06	5.453713e-09
2.34640447e-06	5.007513e-09
2.34642324e-06	4.089650e-09
2.34644201e-06	1.047805e-09
2.34646078e-06	3.544950e-10
2.34647955e-06	2.708523e-09
2.34649833e-06	4.654156e-09
2.34651710e-06	5.622269e-09
2.34653587e-06	5.232528e-09
2.34655464e-06	6.200617e-09
2.34657341e-06	6.820429e-09
2.34659219e-06	6.180721e-09
2.34661096e-06	5.526596e-09
2.34662973e-06	5.682330e-09
2.34664851e-06	4.996134e-09
2.34666728e-06	5.149986e-09
2.34668605e-06	6.377706e-09
2.34670483e-06	6.777967e-09
2.34672360e-06	6.220877e-09
2.34674237e-06	5.904006e-09
2.34676115e-06	4.947759e-09
2.34677992e-06	3.325118e-09
2.34679870e-06	4.276107e-10
2.34681747e-06	4.817390e-10
2.34683625e-06	3.690740e-09
2.34685502e-06	4.882268e-09
2.34687379e-06	4.757349e-09
2.34689257e-06	2.288207e-09
2.34691134e-06	1.307691e-09
2.34693012e-06	2.496787e-09
2.34694889e-06	4.302318e-09
2.34696767e-06	5.347560e-09
2.34698645e-06	6.333535e-09
2.34700522e-06	6.076202e-09
2.34702400e-06	5.986574e-09
2.34704277e-06	6.565933e-09
2.34706155e-06	6.571152e-09
2.34708033e-06	6.945182e-09
2.34709910e-06	7.430814e-09
2.34711788e-06	7.046849e-09
2.34713666e-06	6.417615e-09
2.34715543e-06	4.463474e-09
2.34717421e-06	3.428116e-09
2.34719299e-06	1.756209e-09
2.34721177e-06	4.567102e-09
2.34723054e-06	4.922911e-09
2.34724932e-06	4.965090e-09
2.34726810e-06	5.371125e-09
2.34728688e-06	4.435629e-09
2.34730566e-06	4.344022e-09
2.34732444e-06	2.062060e-09
2.34734321e-06	5.409823e-09
2.34736199e-06	6.424153e-09
2.34738077e-06	6.322030e-09
2.34739955e-06	4.688459e-09
2.34741833e-06	2.644246e-09
2.34743711e-06	3.552375e-09
2.34745589e-06	5.765814e-09
2.34747467e-06	6.027667e-09
2.34749345e-06	3.985913e-09
2.34751223e-06	1.162671e-09
2.34753101e-06	2.973043e-09
2.34754979e-06	2.351904e-09
2.34756857e-06	2.945989e-09
2.34758735e-06	4.377219e-09
2.34760613e-06	5.874203e-09
2.34762491e-06	6.282153e-09
2.34764369e-06	4.493829e-09
2.34766247e-06	1.870347e-09
2.34768125e-06	3.547044e-09
2.34770004e-06	4.073287e-09
2.34771882e-06	3.701137e-09
2.34773760e-06	3.494827e-09
2.34775638e-06	4.499580e-09
2.34777516e-06	3.534163e-09
2.34779395e-06	4.708775e-09
2.34781273e-06	5.249380e-09
2.34783151e-06	5.614232e-09
2.34785029e-06	7.169997e-09
2.34786908e-06	6.489723e-09
2.34788786e-06	6.238926e-09
2.34790664e-06	7.270527e-09
2.34792542e-06	7.336733e-09
2.34794421e-06	6.806150e-09
2.34796299e-06	6.177660e-09
2.34798178e-06	6.668860e-09
2.34800056e-06	6.878922e-09
2.34801934e-06	5.722399e-09
2.34803813e-06	6.602331e-09
2.34805691e-06	6.673103e-09
2.34807570e-06	6.214297e-09
2.34809448e-06	5.567929e-09
2.34811327e-06	4.614218e-09
2.34813205e-06	3.890733e-09
2.34815084e-06	4.073393e-09
2.34816962e-06	5.536941e-09
2.34818841e-06	5.300642e-09
2.34820719e-06	4.112109e-09
2.34822598e-06	8.626354e-10
2.34824476e-06	3.262273e-10
2.34826355e-06	2.693612e-09
2.34828234e-06	4.617862e-09
2.34830112e-06	5.597204e-09
2.34831991e-06	6.320282e-09
2.34833869e-06	5.746773e-09
2.34835748e-06	5.993344e-09
2.34837627e-06	5.722541e-09
2.34839506e-06	6.410605e-09
2.34841384e-06	5.649367e-09
2.34843263e-06	5.208625e-09
2.34845142e-06	5.187332e-09
2.34847021e-06	6.553043e-09
2.34848899e-06	6.274832e-09
2.34850778e-06	6.228073e-09
2.34852657e-06	4.632459e-09
2.34854536e-06	4.525139e-09
2.34856415e-06	5.512607e-09
2.34858293e-06	5.819197e-09
2.34860172e-06	5.657250e-09
2.34862051e-06	7.091593e-09
2.34863930e-06	6.921335e-09
2.34865809e-06	5.654241e-09
2.34867688e-06	2.509282e-09
2.34869567e-06	2.858851e-09
2.34871446e-06	4.939986e-09
2.34873325e-06	4.824162e-09
2.34875204e-06	6.765407e-09
2.34877083e-06	7.223992e-09
2.34878962e-06	5.945484e-09
2.34880841e-06	4.993417e-09
2.34882720e-06	4.414993e-09
2.34884599e-06	4.518857e-09
2.34886478e-06	6.206617e-09
2.34888357e-06	6.037641e-09
2.34890236e-06	6.499149e-09
2.34892115e-06	7.251828e-09
2.34893994e-06	7.063986e-09
2.34895873e-06	4.200858e-09
2.34897753e-06	5.374926e-09
2.34899632e-06	4.504573e-09
2.34901511e-06	3.741652e-09
2.34903390e-06	6.290333e-09
2.34905269e-06	6.502771e-09
2.34907149e-06	6.514358e-09
2.34909028e-06	5.904168e-09
2.34910907e-06	5.197626e-09
2.34912787e-06	6.018721e-09
2.34914666e-06	5.738543e-09
2.34916545e-06	4.697173e-09
2.34918425e-06	5.408762e-09
2.34920304e-06	4.403338e-09
2.34922183e-06	4.966246e-09
2.34924063e-06	4.615284e-09
2.34925942e-06	6.089281e-09
2.34927821e-06	6.567561e-09
2.34929701e-06	3.543766e-09
2.34931580e-06	4.212842e-09
2.34933460e-06	4.667745e-09
2.34935339e-06	3.172066e-09
2.34937219e-06	1.975167e-09
2.34939098e-06	3.915771e-09
2.34940978e-06	4.464024e-09
2.34942857e-06	1.701340e-09
2.34944737e-06	4.432988e-09
2.34946616e-06	5.004063e-09
2.34948496e-06	3.079183e-09
2.34950375e-06	3.238590e-10
2.34952255e-06	2.634316e-09
2.34954135e-06	5.408384e-09
2.34956014e-06	5.999225e-09
2.34957894e-06	5.140099e-09
2.34959774e-06	6.133335e-09
2.34961653e-06	4.236866e-09
2.34963533e-06	3.352763e-09
2.34965413e-06	4.395680e-09
2.34967292e-06	3.020685e-09
2.34969172e-06	2.490188e-09
2.34971052e-06	3.343817e-10
2.34972932e-06	9.945295e-10
2.34974812e-06	3.106412e-09
2.34976691e-06	8.809678e-10
2.34978571e-06	3.430398e-09
2.34980451e-06	4.117446e-09
2.34982331e-06	3.068890e-09
2.34984211e-06	6.965133e-10
2.34986090e-06	2.580702e-09
2.34987970e-06	3.741505e-09
2.34989850e-06	4.445275e-09
2.34991730e-06	6.294263e-09
2.34993610e-06	6.123164e-09
2.34995490e-06	6.536605e-09
2.34997370e-06	5.215466e-09
