2.30001633e-06	5.638486e-09
2.30003473e-06	3.435001e-09
2.30005313e-06	5.372976e-09
2.30007153e-06	4.260992e-09
2.30008993e-06	3.679903e-09
2.30010833e-06	6.131045e-09
2.30012673e-06	6.602413e-09
2.30014513e-06	6.588401e-09
2.30016353e-06	6.165172e-09
2.30018194e-06	6.441629e-09
2.30020034e-06	6.602253e-09
2.30021874e-06	7.194319e-09
2.30023714e-06	6.489743e-09
2.30025554e-06	5.688041e-09
2.30027395e-06	5.665254e-09
2.30029235e-06	5.015786e-09
2.30031075e-06	5.567642e-09
2.30032915e-06	5.993016e-09
2.30034756e-06	6.507201e-09
2.30036596e-06	5.281824e-09
2.30038436e-06	4.598160e-09
2.30040276e-06	5.196725e-09
2.30042117e-06	4.991993e-09
2.30043957e-06	5.362426e-09
2.30045797e-06	5.333637e-09
2.30047638e-06	4.235624e-09
2.30049478e-06	2.843008e-09
2.30051319e-06	2.118180e-09
2.30053159e-06	8.603286e-10
2.30054999e-06	7.800495e-10
2.30056840e-06	2.357352e-09
2.30058680e-06	3.182110e-09
2.30060521e-06	1.237287e-09
2.30062361e-06	2.566535e-09
2.30064202e-06	4.209526e-09
2.30066042e-06	4.456863e-09
2.30067883e-06	4.972840e-09
2.30069723e-06	4.912115e-09
2.30071564e-06	3.731746e-09
2.30073404e-06	8.944911e-10
2.30075245e-06	1.039876e-09
2.30077086e-06	4.244134e-09
2.30078926e-06	5.033720e-09
2.30080767e-06	5.507751e-09
2.30082608e-06	5.523544e-09
2.30084448e-06	5.742260e-09
2.30086289e-06	5.750734e-09
2.30088129e-06	5.707175e-09
2.30089970e-06	5.637830e-09
2.30091811e-06	5.702719e-09
2.30093652e-06	5.786635e-09
2.30095492e-06	5.891800e-09
2.30097333e-06	4.281542e-09
2.30099174e-06	3.717961e-09
2.30101015e-06	3.941402e-09
2.30102856e-06	4.271871e-09
2.30104696e-06	5.211806e-09
2.30106537e-06	4.941435e-09
2.30108378e-06	2.352595e-09
2.30110219e-06	1.154238e-09
2.30112060e-06	4.012255e-09
2.30113901e-06	5.450796e-09
2.30115742e-06	5.989003e-09
2.30117583e-06	5.819284e-09
2.30119423e-06	4.501152e-09
2.30121265e-06	3.719172e-09
2.30123105e-06	4.790950e-09
2.30124946e-06	4.660129e-09
2.30126787e-06	4.121863e-09
2.30128628e-06	2.456359e-09
2.30130469e-06	7.508982e-10
2.30132310e-06	7.679978e-10
2.30134152e-06	1.581037e-09
2.30135993e-06	2.753274e-09
2.30137834e-06	3.214069e-09
2.30139675e-06	1.047235e-09
2.30141516e-06	2.162096e-09
2.30143357e-06	5.048249e-09
2.30145198e-06	5.497179e-09
2.30147039e-06	4.119051e-09
2.30148881e-06	1.208956e-09
2.30150722e-06	8.484912e-10
2.30152563e-06	3.924844e-09
2.30154404e-06	5.441502e-09
2.30156245e-06	5.692389e-09
2.30158087e-06	5.578024e-09
2.30159928e-06	6.254545e-09
2.30161769e-06	6.228941e-09
2.30163611e-06	4.953323e-09
2.30165452e-06	4.488049e-09
2.30167293e-06	4.643555e-09
2.30169135e-06	5.574153e-09
2.30170976e-06	6.178796e-09
2.30172817e-06	6.722017e-09
2.30174659e-06	6.299116e-09
2.30176500e-06	5.068648e-09
2.30178341e-06	6.353706e-09
2.30180183e-06	5.965144e-09
2.30182024e-06	4.972327e-09
2.30183866e-06	5.937593e-09
2.30185707e-06	5.390720e-09
2.30187549e-06	4.984240e-09
2.30189390e-06	5.606415e-09
2.30191232e-06	6.497959e-09
2.30193073e-06	6.211414e-09
2.30194915e-06	6.038183e-09
2.30196756e-06	6.530515e-09
2.30198598e-06	6.219869e-09
2.30200440e-06	5.503635e-09
2.30202281e-06	4.080453e-09
2.30204123e-06	4.184902e-09
2.30205964e-06	4.687809e-09
2.30207806e-06	4.390260e-09
2.30209648e-06	3.213630e-09
2.30211489e-06	7.665034e-10
2.30213331e-06	7.693385e-10
2.30215173e-06	2.118039e-09
2.30217014e-06	4.196949e-09
2.30218856e-06	5.041009e-09
2.30220698e-06	5.624304e-09
2.30222540e-06	5.588121e-09
2.30224381e-06	5.770094e-09
2.30226223e-06	4.713724e-09
2.30228065e-06	3.941305e-09
2.30229907e-06	5.511963e-09
2.30231749e-06	5.732323e-09
2.30233591e-06	5.998994e-09
2.30235433e-06	6.576018e-09
2.30237274e-06	6.827011e-09
2.30239116e-06	7.004049e-09
2.30240958e-06	6.347780e-09
2.30242800e-06	5.999466e-09
2.30244642e-06	6.401644e-09
2.30246484e-06	6.421026e-09
2.30248326e-06	6.451540e-09
2.30250168e-06	6.394580e-09
2.30252010e-06	6.223254e-09
2.30253852e-06	5.570282e-09
2.30255694e-06	6.141750e-09
2.30257536e-06	6.357116e-09
2.30259378e-06	6.396427e-09
2.30261220e-06	6.018154e-09
2.30263062e-06	6.125640e-09
2.30264904e-06	5.867565e-09
2.30266747e-06	5.815938e-09
2.30268589e-06	6.513782e-09
2.30270431e-06	6.222513e-09
2.30272273e-06	5.510099e-09
2.30274115e-06	4.271050e-09
2.30275957e-06	1.217561e-09
2.30277800e-06	1.617024e-09
2.30279642e-06	3.109535e-09
2.30281484e-06	3.109966e-09
2.30283326e-06	5.197102e-09
2.30285168e-06	5.402966e-09
2.30287011e-06	5.695062e-09
2.30288853e-06	5.505620e-09
2.30290695e-06	4.751601e-09
2.30292538e-06	3.925158e-09
2.30294380e-06	3.454810e-09
2.30296222e-06	1.075272e-09
2.30298065e-06	8.206808e-10
2.30299907e-06	9.514719e-10
2.30301750e-06	2.455007e-09
2.30303592e-06	3.540723e-09
2.30305434e-06	4.983155e-09
2.30307277e-06	5.350784e-09
2.30309119e-06	5.494374e-09
2.30310962e-06	5.146463e-09
2.30312804e-06	4.108082e-09
2.30314647e-06	5.699184e-09
2.30316489e-06	6.301383e-09
2.30318332e-06	5.412246e-09
2.30320174e-06	2.693386e-09
2.30322017e-06	3.440637e-09
2.30323860e-06	6.340958e-09
2.30325702e-06	6.605251e-09
2.30327545e-06	6.071911e-09
2.30329387e-06	4.957172e-09
2.30331230e-06	2.731407e-09
2.30333073e-06	2.427564e-09
2.30334915e-06	3.282774e-09
2.30336758e-06	4.763399e-09
2.30338601e-06	6.318725e-09
2.30340443e-06	6.829831e-09
2.30342286e-06	7.554471e-09
2.30344129e-06	7.165718e-09
2.30345972e-06	6.452331e-09
2.30347814e-06	6.590046e-09
2.30349657e-06	6.823558e-09
2.30351500e-06	6.812883e-09
2.30353343e-06	5.850196e-09
2.30355186e-06	5.436220e-09
2.30357028e-06	4.872485e-09
2.30358871e-06	3.344132e-09
2.30360714e-06	3.747888e-09
2.30362557e-06	4.948548e-09
2.30364400e-06	5.358753e-09
2.30366243e-06	6.306071e-09
2.30368086e-06	5.987294e-09
2.30369929e-06	5.901227e-09
2.30371772e-06	5.207175e-09
2.30373615e-06	3.927622e-09
2.30375458e-06	3.639343e-09
2.30377301e-06	3.158827e-09
2.30379144e-06	4.000549e-09
2.30380987e-06	3.483048e-09
2.30382830e-06	3.219630e-09
2.30384673e-06	2.204756e-09
2.30386516e-06	7.665537e-10
2.30388359e-06	6.786424e-10
2.30390202e-06	2.419833e-09
2.30392045e-06	2.845024e-09
2.30393888e-06	4.236440e-09
2.30395731e-06	4.378797e-09
2.30397575e-06	5.059274e-09
2.30399418e-06	5.624289e-09
2.30401261e-06	5.739989e-09
2.30403104e-06	6.452934e-09
2.30404947e-06	6.174751e-09
2.30406791e-06	5.598479e-09
2.30408634e-06	5.575656e-09
2.30410477e-06	5.770496e-09
2.30412321e-06	6.587908e-09
2.30414164e-06	6.754338e-09
2.30416007e-06	6.030280e-09
2.30417850e-06	5.936548e-09
2.30419694e-06	6.053761e-09
2.30421537e-06	4.923413e-09
2.30423381e-06	5.087920e-09
2.30425224e-06	6.359402e-09
2.30427067e-06	5.775385e-09
2.30428911e-06	5.708664e-09
2.30430754e-06	5.914320e-09
2.30432598e-06	5.142442e-09
2.30434441e-06	6.044781e-09
2.30436285e-06	6.947868e-09
2.30438128e-06	7.782897e-09
2.30439971e-06	7.315014e-09
2.30441815e-06	7.379975e-09
2.30443659e-06	7.131664e-09
2.30445502e-06	5.869142e-09
2.30447346e-06	5.753400e-09
2.30449189e-06	5.459160e-09
2.30451033e-06	6.148257e-09
2.30452877e-06	6.194752e-09
2.30454720e-06	6.736756e-09
2.30456564e-06	6.401148e-09
2.30458407e-06	6.583176e-09
2.30460251e-06	6.520777e-09
2.30462095e-06	5.677683e-09
2.30463938e-06	5.050390e-09
2.30465782e-06	5.700005e-09
2.30467626e-06	6.155143e-09
2.30469470e-06	5.422193e-09
2.30471313e-06	4.328123e-09
2.30473157e-06	2.672070e-09
2.30475001e-06	3.048676e-09
2.30476845e-06	3.252331e-09
2.30478688e-06	9.166297e-10
2.30480532e-06	8.238810e-10
2.30482376e-06	1.285588e-09
2.30484220e-06	3.446414e-09
2.30486064e-06	3.731557e-09
2.30487908e-06	3.989020e-09
2.30489752e-06	4.603546e-09
2.30491596e-06	4.322331e-09
2.30493440e-06	1.848168e-09
2.30495284e-06	2.947073e-09
2.30497128e-06	2.559803e-09
2.30498972e-06	2.113468e-09
2.30500815e-06	4.110308e-09
2.30502660e-06	5.469364e-09
2.30504504e-06	4.475376e-09
2.30506347e-06	4.854756e-09
2.30508192e-06	5.128211e-09
2.30510036e-06	5.224692e-09
2.30511880e-06	5.456616e-09
2.30513724e-06	5.988492e-09
2.30515568e-06	5.720833e-09
2.30517412e-06	5.788580e-09
2.30519256e-06	6.140811e-09
2.30521100e-06	5.171073e-09
2.30522944e-06	5.567514e-09
2.30524789e-06	5.595948e-09
2.30526633e-06	5.671920e-09
2.30528477e-06	5.955455e-09
2.30530321e-06	6.039882e-09
2.30532166e-06	4.528693e-09
2.30534010e-06	4.909247e-09
2.30535854e-06	5.615119e-09
2.30537698e-06	5.221904e-09
2.30539543e-06	3.754302e-09
2.30541387e-06	9.509018e-10
2.30543231e-06	2.624286e-09
2.30545076e-06	4.452389e-09
2.30546920e-06	3.655677e-09
2.30548764e-06	1.845561e-09
2.30550609e-06	3.731510e-09
2.30552453e-06	5.707974e-09
2.30554298e-06	6.213303e-09
2.30556142e-06	5.969186e-09
2.30557987e-06	5.607967e-09
2.30559831e-06	5.329397e-09
2.30561675e-06	4.392607e-09
2.30563520e-06	1.159976e-09
2.30565365e-06	6.737619e-10
2.30567209e-06	2.821307e-09
2.30569054e-06	3.843778e-09
2.30570898e-06	4.441262e-09
2.30572743e-06	3.763920e-09
2.30574587e-06	2.746592e-09
2.30576432e-06	6.945554e-10
2.30578276e-06	7.750942e-10
2.30580121e-06	1.729130e-09
2.30581966e-06	3.875135e-09
2.30583810e-06	4.793385e-09
2.30585655e-06	4.316538e-09
2.30587500e-06	3.228285e-09
2.30589344e-06	2.644080e-09
2.30591189e-06	4.210318e-09
2.30593034e-06	5.202880e-09
2.30594879e-06	4.729476e-09
2.30596723e-06	4.790492e-09
2.30598568e-06	4.429921e-09
2.30600413e-06	5.610507e-09
2.30602258e-06	6.488805e-09
2.30604102e-06	6.799921e-09
2.30605947e-06	6.986738e-09
2.30607792e-06	6.695185e-09
2.30609637e-06	6.402360e-09
2.30611482e-06	6.000279e-09
2.30613327e-06	4.687271e-09
2.30615172e-06	4.572186e-09
2.30617017e-06	5.802127e-09
2.30618862e-06	5.212914e-09
2.30620707e-06	4.510430e-09
2.30622551e-06	5.183559e-09
2.30624396e-06	6.249549e-09
2.30626241e-06	6.218822e-09
2.30628087e-06	6.028017e-09
2.30629932e-06	6.456289e-09
2.30631777e-06	7.185873e-09
2.30633622e-06	6.403548e-09
2.30635467e-06	5.258437e-09
2.30637312e-06	5.938911e-09
2.30639157e-06	5.718471e-09
2.30641002e-06	5.396937e-09
2.30642847e-06	6.099341e-09
2.30644692e-06	4.399271e-09
2.30646537e-06	4.039183e-09
2.30648383e-06	4.529339e-09
2.30650228e-06	3.470207e-09
2.30652073e-06	3.084259e-09
2.30653918e-06	3.899189e-09
2.30655763e-06	4.486249e-09
2.30657609e-06	4.786586e-09
2.30659454e-06	5.064439e-09
2.30661299e-06	5.356283e-09
2.30663144e-06	3.504169e-09
2.30664990e-06	2.284364e-09
2.30666835e-06	1.035312e-09
2.30668681e-06	3.080278e-09
2.30670526e-06	4.148748e-09
2.30672371e-06	3.882186e-09
2.30674217e-06	3.691064e-09
2.30676062e-06	1.723690e-09
2.30677907e-06	7.327992e-10
2.30679753e-06	7.404113e-10
2.30681598e-06	2.286306e-09
2.30683444e-06	3.552004e-09
2.30685289e-06	3.352349e-09
2.30687135e-06	4.668292e-09
2.30688980e-06	4.929586e-09
2.30690826e-06	4.068201e-09
2.30692671e-06	3.963547e-09
2.30694517e-06	5.319791e-09
2.30696362e-06	5.621581e-09
2.30698208e-06	5.906180e-09
2.30700053e-06	6.250993e-09
2.30701899e-06	6.771604e-09
2.30703745e-06	6.200165e-09
2.30705590e-06	5.543034e-09
2.30707436e-06	6.530932e-09
2.30709282e-06	6.557845e-09
2.30711127e-06	6.781369e-09
2.30712973e-06	6.896209e-09
2.30714819e-06	7.033543e-09
2.30716664e-06	6.800293e-09
2.30718510e-06	6.941866e-09
2.30720356e-06	7.002161e-09
2.30722202e-06	6.286035e-09
2.30724047e-06	5.565535e-09
2.30725893e-06	5.634615e-09
2.30727739e-06	6.093053e-09
2.30729585e-06	4.488190e-09
2.30731431e-06	3.928395e-09
2.30733277e-06	5.742569e-09
2.30735122e-06	6.476473e-09
2.30736968e-06	5.877937e-09
2.30738814e-06	4.255881e-09
2.30740660e-06	5.024907e-09
2.30742506e-06	6.217407e-09
2.30744352e-06	6.742283e-09
2.30746198e-06	6.630670e-09
2.30748044e-06	5.920462e-09
2.30749890e-06	5.419670e-09
2.30751736e-06	4.230231e-09
2.30753582e-06	4.901697e-09
2.30755428e-06	5.421532e-09
2.30757274e-06	4.989386e-09
2.30759120e-06	4.304319e-09
2.30760966e-06	3.164048e-09
2.30762812e-06	1.257641e-09
2.30764658e-06	6.802116e-10
2.30766504e-06	2.272189e-09
2.30768351e-06	3.295840e-09
2.30770197e-06	4.720715e-09
2.30772043e-06	5.698753e-09
2.30773889e-06	5.624213e-09
2.30775735e-06	5.406335e-09
2.30777581e-06	4.788924e-09
2.30779428e-06	3.345637e-09
2.30781274e-06	2.253256e-09
2.30783120e-06	7.164676e-10
2.30784966e-06	7.409407e-10
2.30786813e-06	1.972107e-09
2.30788659e-06	3.826558e-09
2.30790505e-06	4.776513e-09
2.30792352e-06	5.024649e-09
2.30794198e-06	5.203392e-09
2.30796044e-06	5.840633e-09
2.30797891e-06	6.080970e-09
2.30799737e-06	5.766786e-09
2.30801583e-06	4.722836e-09
2.30803430e-06	4.001497e-09
2.30805276e-06	2.328256e-09
2.30807123e-06	3.965760e-09
2.30808969e-06	5.789970e-09
2.30810816e-06	6.112912e-09
2.30812662e-06	5.993677e-09
2.30814509e-06	6.582516e-09
2.30816355e-06	7.019753e-09
2.30818202e-06	6.496979e-09
2.30820048e-06	5.148234e-09
2.30821895e-06	5.339703e-09
2.30823741e-06	6.317160e-09
2.30825588e-06	6.579051e-09
2.30827434e-06	5.366295e-09
2.30829281e-06	4.809918e-09
2.30831128e-06	5.916970e-09
2.30832974e-06	6.189979e-09
2.30834821e-06	5.842391e-09
2.30836668e-06	5.518939e-09
2.30838514e-06	5.797290e-09
2.30840361e-06	6.495610e-09
2.30842208e-06	6.745386e-09
2.30844055e-06	6.855898e-09
2.30845901e-06	6.327987e-09
2.30847748e-06	5.310943e-09
2.30849595e-06	4.477183e-09
2.30851442e-06	3.799067e-09
2.30853288e-06	4.969077e-09
2.30855135e-06	5.869704e-09
2.30856982e-06	6.107844e-09
2.30858829e-06	6.258502e-09
2.30860676e-06	6.619461e-09
2.30862523e-06	6.850898e-09
2.30864370e-06	6.305412e-09
2.30866217e-06	6.405804e-09
2.30868063e-06	6.893817e-09
2.30869911e-06	6.350358e-09
2.30871757e-06	5.752387e-09
2.30873604e-06	5.290735e-09
2.30875451e-06	5.500886e-09
2.30877298e-06	6.209500e-09
2.30879145e-06	5.616660e-09
2.30880992e-06	4.593980e-09
2.30882840e-06	4.564857e-09
2.30884687e-06	5.252769e-09
2.30886534e-06	4.925978e-09
2.30888381e-06	3.687487e-09
2.30890228e-06	2.020423e-09
2.30892075e-06	6.732364e-10
2.30893922e-06	7.954169e-10
2.30895769e-06	1.593568e-09
2.30897616e-06	2.967018e-09
2.30899464e-06	2.314699e-09
2.30901311e-06	3.572637e-09
2.30903158e-06	4.974407e-09
2.30905005e-06	5.172973e-09
2.30906852e-06	4.407182e-09
2.30908700e-06	3.261904e-09
2.30910547e-06	3.460141e-09
2.30912394e-06	3.548659e-09
2.30914242e-06	4.908306e-09
2.30916089e-06	4.471407e-09
2.30917936e-06	4.916842e-09
2.30919784e-06	2.723364e-09
2.30921631e-06	3.019468e-09
2.30923478e-06	4.920543e-09
2.30925326e-06	5.710177e-09
2.30927173e-06	6.448745e-09
2.30929021e-06	6.325893e-09
2.30930868e-06	6.736842e-09
2.30932715e-06	6.278942e-09
2.30934563e-06	5.137218e-09
2.30936410e-06	2.579269e-09
2.30938258e-06	4.034212e-09
2.30940105e-06	5.977601e-09
2.30941953e-06	5.909826e-09
2.30943800e-06	5.506934e-09
2.30945648e-06	4.951099e-09
2.30947495e-06	4.567980e-09
2.30949343e-06	5.131486e-09
2.30951191e-06	4.901378e-09
2.30953038e-06	4.275134e-09
2.30954886e-06	4.908809e-09
2.30956733e-06	5.684867e-09
2.30958581e-06	6.024297e-09
2.30960429e-06	5.506368e-09
2.30962277e-06	5.257595e-09
2.30964124e-06	4.501488e-09
2.30965972e-06	1.454508e-09
2.30967820e-06	6.288530e-10
2.30969667e-06	1.988870e-09
2.30971515e-06	4.623451e-09
2.30973363e-06	5.403482e-09
2.30975211e-06	3.836408e-09
2.30977059e-06	1.331672e-09
2.30978906e-06	1.886213e-09
2.30980754e-06	1.891412e-09
2.30982602e-06	2.184607e-09
2.30984450e-06	1.409255e-09
2.30986298e-06	4.692166e-09
2.30988146e-06	5.510827e-09
2.30989994e-06	5.107778e-09
2.30991842e-06	4.760272e-09
2.30993689e-06	2.978862e-09
2.30995537e-06	4.008215e-09
2.30997385e-06	5.001715e-09
2.30999233e-06	4.291127e-09
2.31001081e-06	3.602217e-09
2.31002929e-06	3.272013e-09
2.31004777e-06	1.045866e-09
2.31006625e-06	8.322760e-10
2.31008473e-06	7.718310e-10
2.31010321e-06	2.961014e-09
2.31012170e-06	3.440792e-09
2.31014018e-06	1.267856e-09
2.31015866e-06	3.274321e-09
2.31017714e-06	5.365596e-09
2.31019562e-06	5.778145e-09
2.31021410e-06	4.454906e-09
2.31023258e-06	5.030928e-09
2.31025107e-06	6.450125e-09
2.31026955e-06	6.871304e-09
2.31028803e-06	6.661051e-09
2.31030651e-06	6.482755e-09
2.31032499e-06	5.408000e-09
2.31034348e-06	4.660760e-09
2.31036196e-06	5.394095e-09
2.31038044e-06	4.254345e-09
2.31039893e-06	3.698681e-09
2.31041741e-06	4.655027e-09
2.31043589e-06	5.397473e-09
2.31045438e-06	3.946309e-09
2.31047286e-06	3.523718e-09
2.31049134e-06	4.515280e-09
2.31050983e-06	3.726000e-09
2.31052831e-06	5.198455e-09
2.31054680e-06	5.930233e-09
2.31056528e-06	5.596878e-09
2.31058377e-06	4.673129e-09
2.31060225e-06	5.788695e-09
2.31062073e-06	7.124410e-09
2.31063922e-06	6.676617e-09
2.31065770e-06	6.123603e-09
2.31067619e-06	6.472715e-09
2.31069467e-06	5.447078e-09
2.31071316e-06	5.470101e-09
2.31073165e-06	4.674236e-09
2.31075013e-06	4.837436e-09
2.31076862e-06	4.467833e-09
2.31078710e-06	5.072006e-09
2.31080559e-06	4.761622e-09
2.31082408e-06	5.410602e-09
2.31084256e-06	5.941272e-09
2.31086105e-06	5.550330e-09
2.31087954e-06	5.705296e-09
2.31089802e-06	4.591909e-09
2.31091651e-06	3.193165e-09
2.31093500e-06	3.944098e-09
2.31095349e-06	4.645986e-09
2.31097197e-06	3.190154e-09
2.31099046e-06	3.072823e-09
2.31100895e-06	3.459907e-09
2.31102744e-06	3.384175e-09
2.31104593e-06	5.738947e-09
2.31106441e-06	6.142738e-09
2.31108290e-06	5.398026e-09
2.31110139e-06	5.517739e-09
2.31111988e-06	5.537596e-09
2.31113837e-06	5.334878e-09
2.31115686e-06	4.445687e-09
2.31117535e-06	1.993268e-09
2.31119384e-06	6.813988e-10
2.31121233e-06	1.155695e-09
2.31123082e-06	6.998629e-10
2.31124931e-06	7.346419e-10
2.31126780e-06	1.950998e-09
2.31128629e-06	3.011984e-09
2.31130478e-06	3.751143e-09
2.31132327e-06	3.455223e-09
2.31134176e-06	3.525614e-09
2.31136025e-06	4.499958e-09
2.31137874e-06	5.262172e-09
2.31139723e-06	5.688057e-09
2.31141572e-06	4.827094e-09
2.31143421e-06	4.236873e-09
2.31145270e-06	4.881765e-09
2.31147120e-06	3.677247e-09
2.31148969e-06	4.616616e-09
2.31150818e-06	4.988142e-09
2.31152667e-06	4.141663e-09
2.31154516e-06	3.088171e-09
2.31156366e-06	8.520949e-10
2.31158215e-06	2.841385e-09
2.31160064e-06	5.126302e-09
2.31161913e-06	3.252941e-09
2.31163763e-06	1.167792e-09
2.31165612e-06	8.007066e-10
2.31167461e-06	2.250362e-09
2.31169311e-06	4.670697e-09
2.31171160e-06	5.530545e-09
2.31173009e-06	4.502414e-09
2.31174859e-06	4.856913e-09
2.31176708e-06	5.510229e-09
2.31178558e-06	4.264545e-09
2.31180407e-06	5.331991e-09
2.31182257e-06	5.708846e-09
2.31184106e-06	4.864305e-09
2.31185955e-06	5.102700e-09
2.31187805e-06	5.680516e-09
2.31189654e-06	2.305594e-09
2.31191504e-06	2.104939e-09
2.31193353e-06	4.870820e-09
2.31195203e-06	4.074906e-09
2.31197052e-06	5.414523e-09
2.31198902e-06	6.343105e-09
2.31200752e-06	5.643648e-09
2.31202601e-06	4.998592e-09
2.31204451e-06	3.412277e-09
2.31206301e-06	4.128716e-09
2.31208150e-06	4.830163e-09
2.31210000e-06	6.005319e-09
2.31211850e-06	5.760949e-09
2.31213699e-06	4.679915e-09
2.31215549e-06	5.807826e-09
2.31217399e-06	5.553619e-09
2.31219248e-06	3.926637e-09
2.31221098e-06	4.235626e-09
2.31222948e-06	4.448112e-09
2.31224798e-06	4.835859e-09
2.31226648e-06	5.115280e-09
2.31228497e-06	4.077066e-09
2.31230347e-06	3.248215e-09
2.31232197e-06	5.337623e-09
2.31234047e-06	4.634195e-09
2.31235897e-06	3.726458e-09
2.31237747e-06	3.493128e-09
2.31239596e-06	3.563214e-09
2.31241446e-06	3.207907e-09
2.31243296e-06	1.186828e-09
2.31245146e-06	8.212903e-10
2.31246996e-06	6.679348e-10
2.31248846e-06	2.566890e-09
2.31250696e-06	3.759079e-09
2.31252546e-06	4.510213e-09
2.31254396e-06	3.875626e-09
2.31256246e-06	4.774944e-09
2.31258096e-06	4.876407e-09
2.31259946e-06	4.416325e-09
2.31261796e-06	5.804311e-09
2.31263647e-06	5.874037e-09
2.31265497e-06	5.751163e-09
2.31267347e-06	6.509113e-09
2.31269197e-06	6.301989e-09
2.31271047e-06	5.055690e-09
2.31272897e-06	5.286054e-09
2.31274748e-06	5.459682e-09
2.31276598e-06	5.342368e-09
2.31278448e-06	6.488173e-09
2.31280298e-06	6.321915e-09
2.31282148e-06	5.910360e-09
2.31283999e-06	4.085648e-09
2.31285849e-06	3.014449e-09
2.31287699e-06	5.201061e-09
2.31289550e-06	5.651130e-09
2.31291400e-06	4.941140e-09
2.31293250e-06	4.679941e-09
2.31295100e-06	5.483059e-09
2.31296951e-06	5.124185e-09
2.31298801e-06	6.381742e-09
2.31300652e-06	5.491939e-09
2.31302502e-06	5.017004e-09
2.31304352e-06	5.127369e-09
2.31306203e-06	4.294111e-09
2.31308053e-06	4.427513e-09
2.31309904e-06	3.616736e-09
2.31311754e-06	1.865547e-09
2.31313605e-06	2.172693e-09
2.31315455e-06	4.128831e-09
2.31317306e-06	3.406065e-09
2.31319156e-06	4.732900e-09
2.31321007e-06	4.967086e-09
2.31322857e-06	3.112319e-09
2.31324708e-06	2.445557e-09
2.31326559e-06	5.269864e-09
2.31328409e-06	5.726077e-09
2.31330260e-06	5.471664e-09
2.31332111e-06	6.213699e-09
2.31333961e-06	6.874063e-09
2.31335812e-06	6.071844e-09
2.31337662e-06	5.442683e-09
2.31339513e-06	5.085445e-09
2.31341364e-06	5.154786e-09
2.31343215e-06	6.225944e-09
2.31345065e-06	6.667361e-09
2.31346916e-06	5.740448e-09
2.31348767e-06	5.753096e-09
2.31350618e-06	6.127831e-09
2.31352469e-06	5.888028e-09
2.31354319e-06	5.926598e-09
2.31356170e-06	5.275642e-09
2.31358021e-06	5.346676e-09
2.31359872e-06	4.057617e-09
2.31361723e-06	3.999768e-09
2.31363574e-06	4.474819e-09
2.31365425e-06	3.816503e-09
2.31367275e-06	2.789378e-09
2.31369127e-06	7.450223e-10
2.31370977e-06	8.157504e-10
2.31372828e-06	1.045989e-09
2.31374679e-06	3.163723e-09
2.31376530e-06	3.839341e-09
2.31378381e-06	3.813523e-09
2.31380232e-06	4.318586e-09
2.31382083e-06	3.274385e-09
2.31383935e-06	3.541311e-09
2.31385786e-06	4.712330e-09
2.31387637e-06	5.095073e-09
2.31389488e-06	4.738221e-09
2.31391339e-06	5.303026e-09
2.31393190e-06	5.333566e-09
2.31395041e-06	3.788669e-09
2.31396892e-06	4.278152e-09
2.31398744e-06	4.696945e-09
2.31400595e-06	3.657769e-09
2.31402446e-06	4.080454e-09
2.31404297e-06	1.372048e-09
2.31406148e-06	1.335749e-09
2.31408000e-06	3.990197e-09
2.31409851e-06	5.491354e-09
2.31411702e-06	5.184888e-09
2.31413553e-06	6.010519e-09
2.31415405e-06	5.714537e-09
2.31417256e-06	6.198678e-09
2.31419107e-06	5.945563e-09
2.31420959e-06	6.610282e-09
2.31422810e-06	6.231283e-09
2.31424662e-06	4.913071e-09
2.31426513e-06	5.523239e-09
2.31428364e-06	6.167653e-09
2.31430216e-06	6.730160e-09
2.31432067e-06	5.358574e-09
2.31433919e-06	5.362837e-09
2.31435770e-06	5.539214e-09
2.31437622e-06	3.739263e-09
2.31439473e-06	2.886239e-09
2.31441325e-06	5.168782e-09
2.31443176e-06	5.060356e-09
2.31445028e-06	5.635956e-09
2.31446879e-06	4.699688e-09
2.31448731e-06	4.470504e-09
2.31450582e-06	5.422409e-09
2.31452434e-06	4.897024e-09
2.31454286e-06	3.671890e-09
2.31456137e-06	5.087992e-09
2.31457989e-06	6.090913e-09
2.31459841e-06	5.976215e-09
2.31461692e-06	5.679828e-09
2.31463544e-06	5.518629e-09
2.31465396e-06	3.902404e-09
2.31467247e-06	8.575052e-10
2.31469099e-06	6.977830e-10
2.31470951e-06	2.813936e-09
2.31472803e-06	3.369065e-09
2.31474654e-06	3.010768e-09
2.31476506e-06	4.359631e-09
2.31478358e-06	5.091442e-09
2.31480210e-06	3.640242e-09
2.31482062e-06	3.580422e-09
2.31483913e-06	4.945338e-09
2.31485765e-06	3.745093e-09
2.31487617e-06	2.738755e-09
2.31489469e-06	4.255058e-09
2.31491321e-06	3.193339e-09
2.31493173e-06	3.175321e-09
2.31495025e-06	2.984285e-09
2.31496877e-06	1.051088e-09
2.31498729e-06	6.602882e-10
2.31500581e-06	8.074564e-10
2.31502433e-06	1.143227e-09
2.31504285e-06	3.023907e-09
2.31506137e-06	2.837040e-09
2.31507989e-06	3.481062e-09
2.31509841e-06	4.560716e-09
2.31511693e-06	3.601397e-09
2.31513545e-06	3.989748e-09
2.31515397e-06	5.253244e-09
2.31517250e-06	5.619698e-09
2.31519102e-06	6.168738e-09
2.31520954e-06	5.768774e-09
2.31522806e-06	4.626290e-09
2.31524658e-06	4.602419e-09
2.31526510e-06	4.996648e-09
2.31528362e-06	3.004303e-09
2.31530215e-06	9.058080e-10
2.31532067e-06	2.457291e-09
2.31533919e-06	4.789991e-09
2.31535771e-06	5.928702e-09
2.31537624e-06	6.369790e-09
2.31539476e-06	6.534457e-09
2.31541328e-06	5.552124e-09
2.31543181e-06	4.734971e-09
2.31545033e-06	5.155320e-09
2.31546885e-06	5.420651e-09
2.31548738e-06	5.161335e-09
2.31550590e-06	5.711814e-09
2.31552443e-06	5.623622e-09
2.31554295e-06	5.568722e-09
2.31556148e-06	5.668008e-09
2.31558000e-06	6.934249e-09
2.31559852e-06	5.251129e-09
2.31561705e-06	5.310927e-09
2.31563557e-06	6.577881e-09
2.31565410e-06	6.549786e-09
2.31567262e-06	6.387697e-09
2.31569115e-06	4.193426e-09
2.31570967e-06	3.388230e-09
2.31572820e-06	4.641446e-09
2.31574673e-06	4.799005e-09
2.31576525e-06	3.796171e-09
2.31578378e-06	4.319825e-09
2.31580231e-06	4.510745e-09
2.31582083e-06	3.046116e-09
2.31583936e-06	5.187480e-09
2.31585788e-06	4.475801e-09
2.31587641e-06	3.500752e-09
2.31589494e-06	5.474392e-09
2.31591347e-06	6.280208e-09
2.31593199e-06	6.714394e-09
2.31595052e-06	5.894302e-09
2.31596905e-06	5.057732e-09
2.31598758e-06	5.316354e-09
2.31600610e-06	4.504394e-09
2.31602463e-06	5.600805e-09
2.31604316e-06	6.587059e-09
2.31606169e-06	6.796158e-09
2.31608022e-06	6.122435e-09
2.31609875e-06	5.405758e-09
2.31611727e-06	4.379242e-09
2.31613580e-06	4.093005e-09
2.31615433e-06	4.000313e-09
2.31617286e-06	2.928042e-09
2.31619139e-06	4.635689e-09
2.31620992e-06	5.147827e-09
2.31622845e-06	3.966226e-09
2.31624698e-06	1.711376e-09
2.31626551e-06	2.147769e-09
2.31628404e-06	1.539322e-09
2.31630257e-06	1.678104e-09
2.31632110e-06	6.635658e-10
2.31633963e-06	8.249250e-10
2.31635816e-06	9.757886e-10
2.31637669e-06	2.918994e-09
2.31639522e-06	3.603353e-09
2.31641375e-06	2.991157e-09
2.31643229e-06	2.599095e-09
2.31645082e-06	3.869126e-09
2.31646935e-06	3.772114e-09
2.31648788e-06	4.889299e-09
2.31650641e-06	5.442570e-09
2.31652494e-06	5.314981e-09
2.31654348e-06	4.842494e-09
2.31656201e-06	1.166838e-09
2.31658054e-06	1.446848e-09
2.31659908e-06	4.270865e-09
2.31661761e-06	4.058388e-09
2.31663614e-06	4.671547e-09
2.31665467e-06	5.375326e-09
2.31667321e-06	5.169379e-09
2.31669174e-06	3.919063e-09
2.31671027e-06	5.352914e-09
2.31672881e-06	5.899598e-09
2.31674734e-06	5.959742e-09
2.31676587e-06	4.705712e-09
2.31678441e-06	5.889468e-09
2.31680294e-06	6.461375e-09
2.31682148e-06	4.296688e-09
2.31684001e-06	2.255849e-09
2.31685855e-06	4.424158e-09
2.31687708e-06	5.727569e-09
2.31689562e-06	5.776435e-09
2.31691415e-06	6.262475e-09
2.31693269e-06	5.784881e-09
2.31695122e-06	6.438704e-09
2.31696976e-06	6.581363e-09
2.31698830e-06	4.091896e-09
2.31700683e-06	3.610873e-09
2.31702537e-06	4.206111e-09
2.31704390e-06	3.288403e-09
2.31706244e-06	4.643053e-09
2.31708098e-06	5.694769e-09
2.31709951e-06	6.508662e-09
2.31711805e-06	6.114716e-09
2.31713659e-06	4.924264e-09
2.31715512e-06	1.149238e-09
2.31717366e-06	1.604576e-09
2.31719220e-06	5.116829e-09
2.31721073e-06	5.902647e-09
2.31722927e-06	5.312272e-09
2.31724781e-06	5.662330e-09
2.31726635e-06	6.172178e-09
2.31728489e-06	5.586874e-09
2.31730342e-06	6.025524e-09
2.31732196e-06	5.522505e-09
2.31734050e-06	5.236724e-09
2.31735904e-06	6.163920e-09
2.31737758e-06	6.150085e-09
2.31739612e-06	4.931107e-09
2.31741466e-06	4.465915e-09
2.31743320e-06	4.958807e-09
2.31745174e-06	3.440133e-09
2.31747028e-06	4.514604e-09
2.31748882e-06	2.895612e-09
2.31750736e-06	1.118996e-09
2.31752590e-06	3.817035e-09
2.31754444e-06	4.578272e-09
2.31756298e-06	4.476386e-09
2.31758152e-06	3.170416e-09
2.31760006e-06	7.598320e-10
2.31761860e-06	7.104357e-10
2.31763714e-06	2.814185e-09
2.31765568e-06	3.663431e-09
2.31767422e-06	2.916759e-09
2.31769276e-06	1.126569e-09
2.31771131e-06	7.898328e-10
2.31772985e-06	6.659265e-10
2.31774839e-06	2.253800e-09
2.31776693e-06	3.318270e-09
2.31778547e-06	2.006000e-09
2.31780401e-06	3.302158e-09
2.31782256e-06	4.567682e-09
2.31784110e-06	5.561667e-09
2.31785964e-06	5.804480e-09
2.31787819e-06	4.630763e-09
2.31789673e-06	4.141579e-09
2.31791527e-06	5.809800e-09
2.31793381e-06	5.779344e-09
2.31795236e-06	5.022032e-09
2.31797090e-06	5.615259e-09
2.31798945e-06	5.988021e-09
2.31800799e-06	4.485575e-09
2.31802653e-06	4.046480e-09
2.31804508e-06	4.553621e-09
2.31806362e-06	5.105230e-09
2.31808217e-06	5.230189e-09
2.31810071e-06	4.339969e-09
2.31811926e-06	5.781629e-09
2.31813780e-06	5.245496e-09
2.31815635e-06	3.111528e-09
2.31817489e-06	3.619977e-09
2.31819344e-06	6.191927e-09
2.31821198e-06	5.901918e-09
2.31823053e-06	3.867885e-09
2.31824907e-06	3.323423e-09
2.31826762e-06	2.019302e-09
2.31828617e-06	3.748114e-09
2.31830471e-06	5.789819e-09
2.31832326e-06	6.761227e-09
2.31834181e-06	6.132615e-09
2.31836035e-06	5.051427e-09
2.31837890e-06	5.362848e-09
2.31839745e-06	6.166600e-09
2.31841599e-06	6.561744e-09
2.31843454e-06	6.434702e-09
2.31845309e-06	4.238886e-09
2.31847164e-06	1.793843e-09
2.31849018e-06	7.259653e-10
2.31850873e-06	2.648546e-09
2.31852728e-06	4.543125e-09
2.31854583e-06	5.445295e-09
2.31856438e-06	6.293175e-09
2.31858292e-06	5.907986e-09
2.31860147e-06	5.065247e-09
2.31862002e-06	5.156084e-09
2.31863857e-06	4.637401e-09
2.31865712e-06	5.833649e-09
2.31867567e-06	5.664336e-09
2.31869422e-06	5.034863e-09
2.31871277e-06	5.390527e-09
2.31873132e-06	6.070108e-09
2.31874987e-06	6.045126e-09
2.31876842e-06	6.512480e-09
2.31878697e-06	7.013747e-09
2.31880552e-06	6.667508e-09
2.31882407e-06	5.462667e-09
2.31884262e-06	5.813124e-09
2.31886117e-06	4.989275e-09
2.31887972e-06	4.242268e-09
2.31889827e-06	4.917387e-09
2.31891682e-06	5.618798e-09
2.31893538e-06	5.242447e-09
2.31895393e-06	5.292575e-09
2.31897248e-06	5.560600e-09
2.31899103e-06	5.028272e-09
2.31900958e-06	4.901225e-09
2.31902813e-06	4.516563e-09
2.31904669e-06	4.402000e-09
2.31906524e-06	3.515161e-09
2.31908379e-06	3.452986e-09
2.31910234e-06	2.053731e-09
2.31912090e-06	6.918657e-10
2.31913945e-06	7.189948e-10
2.31915800e-06	2.000171e-09
2.31917656e-06	3.469396e-09
2.31919511e-06	4.462123e-09
2.31921366e-06	5.045699e-09
2.31923222e-06	5.171551e-09
2.31925077e-06	4.744051e-09
2.31926932e-06	5.029940e-09
2.31928788e-06	4.945823e-09
2.31930643e-06	4.487718e-09
2.31932499e-06	5.204518e-09
2.31934354e-06	3.568454e-09
2.31936210e-06	4.385474e-09
2.31938065e-06	5.240639e-09
2.31939921e-06	6.081855e-09
2.31941776e-06	6.150953e-09
2.31943632e-06	6.493837e-09
2.31945487e-06	5.572115e-09
2.31947343e-06	3.329521e-09
2.31949198e-06	3.787104e-09
2.31951054e-06	3.354223e-09
2.31952910e-06	2.848395e-09
2.31954765e-06	2.968981e-09
2.31956621e-06	2.099081e-09
2.31958477e-06	3.061245e-09
2.31960332e-06	5.837448e-09
2.31962188e-06	6.818616e-09
2.31964044e-06	6.923362e-09
2.31965899e-06	6.631770e-09
2.31967755e-06	5.153017e-09
2.31969611e-06	2.319813e-09
2.31971466e-06	3.798043e-09
2.31973322e-06	5.343969e-09
2.31975178e-06	6.531396e-09
2.31977034e-06	6.952875e-09
2.31978890e-06	6.793078e-09
2.31980746e-06	7.175126e-09
2.31982601e-06	6.977786e-09
2.31984457e-06	6.807923e-09
2.31986313e-06	6.132964e-09
2.31988169e-06	5.326795e-09
2.31990025e-06	6.214905e-09
2.31991881e-06	6.872178e-09
2.31993737e-06	6.947352e-09
2.31995593e-06	5.653618e-09
2.31997449e-06	5.053609e-09
2.31999305e-06	3.555154e-09
2.32001161e-06	1.401096e-09
2.32003017e-06	4.155029e-09
2.32004873e-06	5.969792e-09
2.32006729e-06	4.848781e-09
2.32008585e-06	4.604408e-09
2.32010441e-06	5.750842e-09
2.32012297e-06	6.546121e-09
2.32014153e-06	6.152958e-09
2.32016009e-06	6.512448e-09
2.32017865e-06	5.945919e-09
2.32019721e-06	5.931850e-09
2.32021577e-06	5.382835e-09
2.32023434e-06	5.438635e-09
2.32025290e-06	4.373166e-09
2.32027146e-06	1.656350e-09
2.32029002e-06	4.605443e-09
2.32030858e-06	6.401295e-09
2.32032715e-06	6.667823e-09
2.32034571e-06	5.633019e-09
2.32036427e-06	3.487989e-09
2.32038284e-06	3.111488e-09
2.32040140e-06	4.185904e-09
2.32041996e-06	1.478385e-09
2.32043853e-06	8.941961e-10
2.32045709e-06	4.095297e-09
2.32047565e-06	4.856118e-09
2.32049422e-06	4.095204e-09
2.32051278e-06	3.764701e-09
2.32053135e-06	2.737953e-09
2.32054991e-06	2.131636e-09
2.32056847e-06	7.803197e-10
2.32058704e-06	8.194254e-10
2.32060560e-06	7.985287e-10
2.32062417e-06	1.851861e-09
2.32064273e-06	3.336179e-09
2.32066130e-06	3.826095e-09
2.32067986e-06	4.074554e-09
2.32069843e-06	4.498011e-09
2.32071699e-06	4.818741e-09
2.32073556e-06	3.051926e-09
2.32075413e-06	3.437913e-09
2.32077269e-06	3.882117e-09
2.32079126e-06	5.544946e-09
2.32080982e-06	6.251969e-09
2.32082839e-06	6.360644e-09
2.32084696e-06	5.960505e-09
2.32086552e-06	4.895742e-09
2.32088409e-06	2.907435e-09
2.32090266e-06	3.650943e-09
2.32092123e-06	4.253977e-09
2.32093979e-06	3.319847e-09
2.32095836e-06	3.413589e-09
2.32097693e-06	5.216602e-09
2.32099550e-06	5.406060e-09
2.32101406e-06	4.718227e-09
2.32103263e-06	4.498196e-09
2.32105120e-06	3.873910e-09
2.32106977e-06	5.563817e-09
2.32108834e-06	6.687673e-09
2.32110691e-06	6.598872e-09
2.32112547e-06	5.028458e-09
2.32114404e-06	3.599582e-09
2.32116261e-06	4.553784e-09
2.32118118e-06	2.814698e-09
2.32119975e-06	8.757019e-10
2.32121832e-06	2.980473e-09
2.32123689e-06	5.198245e-09
2.32125546e-06	6.087209e-09
2.32127403e-06	5.340079e-09
2.32129260e-06	5.255140e-09
2.32131117e-06	3.638713e-09
2.32132974e-06	1.910707e-09
2.32134831e-06	2.551172e-09
2.32136688e-06	4.090667e-09
2.32138545e-06	6.362548e-09
2.32140403e-06	6.781317e-09
2.32142260e-06	6.692080e-09
2.32144117e-06	6.546617e-09
2.32145974e-06	6.694465e-09
2.32147831e-06	6.289923e-09
2.32149688e-06	4.365288e-09
2.32151545e-06	4.180126e-09
2.32153403e-06	5.013375e-09
2.32155260e-06	5.886445e-09
2.32157117e-06	6.722458e-09
2.32158974e-06	6.770609e-09
2.32160832e-06	6.289328e-09
2.32162689e-06	4.870121e-09
2.32164546e-06	2.309634e-09
2.32166404e-06	3.478790e-09
2.32168261e-06	5.648590e-09
2.32170118e-06	6.517473e-09
2.32171976e-06	6.469607e-09
2.32173833e-06	6.272082e-09
2.32175690e-06	6.149762e-09
2.32177548e-06	4.957235e-09
2.32179405e-06	3.300730e-09
2.32181263e-06	5.252592e-09
2.32183120e-06	5.036780e-09
2.32184978e-06	4.636743e-09
2.32186835e-06	4.670665e-09
2.32188692e-06	5.091763e-09
2.32190550e-06	4.638630e-09
2.32192408e-06	4.708089e-09
2.32194265e-06	1.263613e-09
2.32196123e-06	7.372876e-10
2.32197980e-06	3.897202e-09
2.32199838e-06	4.485582e-09
2.32201695e-06	4.124673e-09
2.32203553e-06	3.665889e-09
2.32205411e-06	2.370127e-09
2.32207268e-06	6.584113e-10
2.32209126e-06	7.585199e-10
2.32210984e-06	1.677772e-09
2.32212841e-06	3.440942e-09
2.32214699e-06	4.239161e-09
2.32216557e-06	4.162837e-09
2.32218414e-06	2.213314e-09
2.32220272e-06	2.073143e-09
2.32222130e-06	4.286934e-09
2.32223988e-06	4.373295e-09
2.32225846e-06	4.143175e-09
2.32227703e-06	5.783562e-09
2.32229561e-06	5.681538e-09
2.32231419e-06	4.548791e-09
2.32233277e-06	4.901485e-09
2.32235135e-06	4.494790e-09
2.32236993e-06	2.197261e-09
2.32238850e-06	2.726952e-09
2.32240708e-06	4.900025e-09
2.32242566e-06	5.294816e-09
2.32244424e-06	5.512545e-09
2.32246282e-06	3.484778e-09
2.32248140e-06	3.385489e-09
2.32249998e-06	4.114950e-09
2.32251856e-06	5.773406e-09
2.32253714e-06	5.075952e-09
2.32255572e-06	3.311714e-09
2.32257430e-06	3.162783e-09
2.32259288e-06	5.312960e-09
2.32261146e-06	4.974869e-09
2.32263005e-06	3.439205e-09
2.32264863e-06	8.497242e-10
2.32266721e-06	8.450169e-10
2.32268579e-06	1.170960e-09
2.32270437e-06	2.682176e-09
2.32272295e-06	1.710398e-09
2.32274153e-06	1.800217e-09
2.32276012e-06	1.365361e-09
2.32277870e-06	4.190862e-09
2.32279728e-06	4.701251e-09
2.32281586e-06	1.821162e-09
2.32283444e-06	2.904078e-09
2.32285303e-06	2.596044e-09
2.32287161e-06	1.276220e-09
2.32289019e-06	3.563169e-09
2.32290878e-06	2.918141e-09
2.32292736e-06	1.246986e-09
2.32294594e-06	3.130487e-09
2.32296453e-06	2.133766e-09
2.32298311e-06	4.574071e-09
2.32300169e-06	3.572276e-09
2.32302028e-06	1.090828e-09
2.32303886e-06	3.080155e-09
2.32305745e-06	5.198279e-09
2.32307603e-06	2.871619e-09
2.32309462e-06	1.300788e-09
2.32311320e-06	2.736042e-09
2.32313179e-06	2.452344e-09
2.32315037e-06	1.022617e-09
2.32316896e-06	7.144112e-10
2.32318754e-06	1.150844e-09
2.32320613e-06	1.648291e-09
2.32322471e-06	1.531038e-09
2.32324330e-06	4.405087e-09
2.32326188e-06	2.654863e-09
2.32328047e-06	1.586265e-09
2.32329906e-06	5.274156e-09
2.32331764e-06	5.472963e-09
2.32333623e-06	2.968366e-09
2.32335482e-06	2.102909e-09
2.32337340e-06	2.607407e-09
2.32339199e-06	4.644581e-09
2.32341058e-06	5.146358e-09
2.32342916e-06	4.040345e-09
2.32344775e-06	1.066460e-09
2.32346634e-06	2.176282e-09
2.32348493e-06	4.922110e-09
2.32350352e-06	5.455115e-09
2.32352210e-06	5.273794e-09
2.32354069e-06	3.335183e-09
2.32355928e-06	1.747705e-09
2.32357787e-06	3.032875e-09
2.32359646e-06	1.972469e-09
2.32361504e-06	7.227038e-10
2.32363363e-06	7.288059e-10
2.32365222e-06	1.913128e-09
2.32367081e-06	3.491892e-09
2.32368940e-06	4.239491e-09
2.32370799e-06	3.185956e-09
2.32372658e-06	1.088192e-09
2.32374517e-06	1.767294e-09
2.32376376e-06	3.469378e-09
2.32378235e-06	4.653523e-09
2.32380094e-06	2.185615e-09
2.32381953e-06	2.360271e-09
2.32383812e-06	5.055892e-09
2.32385671e-06	5.677632e-09
2.32387530e-06	5.803041e-09
2.32389389e-06	5.035222e-09
2.32391249e-06	4.911178e-09
2.32393108e-06	2.743119e-09
2.32394967e-06	3.091064e-09
2.32396826e-06	4.924351e-09
2.32398685e-06	4.235494e-09
2.32400544e-06	1.579694e-09
2.32402404e-06	6.371851e-10
2.32404263e-06	1.020053e-09
2.32406122e-06	1.644986e-09
2.32407981e-06	4.300765e-09
2.32409840e-06	4.283531e-09
2.32411700e-06	5.296573e-09
2.32413559e-06	6.083293e-09
2.32415418e-06	6.560714e-09
2.32417278e-06	6.235307e-09
2.32419137e-06	5.428561e-09
2.32420996e-06	5.877764e-09
2.32422856e-06	6.095022e-09
2.32424715e-06	6.164986e-09
2.32426575e-06	4.888932e-09
2.32428434e-06	2.366368e-09
2.32430293e-06	3.765008e-09
2.32432153e-06	5.637891e-09
2.32434012e-06	4.097993e-09
2.32435872e-06	3.914155e-09
2.32437731e-06	4.406939e-09
2.32439591e-06	2.181661e-09
2.32441450e-06	1.038749e-09
2.32443310e-06	3.870375e-09
2.32445169e-06	5.323604e-09
2.32447029e-06	4.292502e-09
2.32448888e-06	5.578778e-09
2.32450748e-06	6.378252e-09
2.32452608e-06	4.735218e-09
2.32454467e-06	4.046594e-09
2.32456327e-06	4.784965e-09
2.32458187e-06	6.025486e-09
2.32460046e-06	6.231175e-09
2.32461906e-06	5.170747e-09
2.32463766e-06	6.111284e-09
2.32465625e-06	5.475577e-09
2.32467485e-06	3.006599e-09
2.32469345e-06	3.555754e-09
2.32471205e-06	5.497051e-09
2.32473064e-06	3.270895e-09
2.32474924e-06	2.511956e-09
2.32476784e-06	4.557189e-09
2.32478644e-06	3.977600e-09
2.32480504e-06	9.634414e-10
2.32482363e-06	1.431783e-09
2.32484223e-06	3.560227e-09
2.32486083e-06	2.475057e-09
2.32487943e-06	3.319454e-09
2.32489803e-06	3.297746e-09
2.32491663e-06	3.947279e-09
2.32493523e-06	5.576829e-09
2.32495383e-06	5.595768e-09
2.32497243e-06	5.731481e-09
2.32499103e-06	4.637776e-09
2.32500963e-06	5.153865e-09
2.32502823e-06	5.597149e-09
2.32504683e-06	6.134906e-09
2.32506543e-06	6.035952e-09
2.32508403e-06	5.449654e-09
2.32510263e-06	3.952789e-09
2.32512123e-06	2.441469e-09
2.32513983e-06	3.783908e-09
2.32515843e-06	3.234306e-09
2.32517703e-06	1.772476e-09
2.32519563e-06	7.085792e-10
2.32521424e-06	6.766978e-10
2.32523284e-06	1.676787e-09
2.32525144e-06	8.945457e-10
2.32527004e-06	1.764170e-09
2.32528864e-06	4.041449e-09
2.32530725e-06	4.270326e-09
2.32532585e-06	4.120348e-09
2.32534445e-06	4.686841e-09
2.32536305e-06	5.904679e-09
2.32538166e-06	6.252769e-09
2.32540026e-06	5.813865e-09
2.32541886e-06	5.240763e-09
2.32543747e-06	5.331551e-09
2.32545607e-06	4.962985e-09
2.32547467e-06	6.011380e-09
2.32549328e-06	5.244698e-09
2.32551188e-06	4.756983e-09
2.32553048e-06	4.859128e-09
2.32554909e-06	5.182686e-09
2.32556769e-06	5.287580e-09
2.32558630e-06	4.050002e-09
2.32560490e-06	3.104645e-09
2.32562351e-06	4.293367e-09
2.32564211e-06	5.012841e-09
2.32566072e-06	3.576741e-09
2.32567932e-06	4.694789e-09
2.32569793e-06	5.290871e-09
2.32571654e-06	3.643677e-09
2.32573514e-06	8.556352e-10
2.32575375e-06	1.754584e-09
2.32577235e-06	4.651535e-09
2.32579096e-06	5.345201e-09
2.32580956e-06	5.957460e-09
2.32582817e-06	5.369771e-09
2.32584678e-06	2.471720e-09
2.32586538e-06	1.958925e-09
2.32588399e-06	1.969344e-09
2.32590260e-06	3.905364e-09
2.32592121e-06	4.657820e-09
2.32593981e-06	4.366538e-09
2.32595842e-06	3.085601e-09
2.32597703e-06	2.540525e-09
2.32599564e-06	2.375008e-09
2.32601424e-06	4.648798e-09
2.32603285e-06	4.886953e-09
2.32605146e-06	4.357047e-09
2.32607007e-06	4.761666e-09
2.32608868e-06	3.227676e-09
2.32610729e-06	3.005173e-09
2.32612590e-06	3.360961e-09
2.32614450e-06	5.681675e-09
2.32616311e-06	5.473815e-09
2.32618172e-06	4.695471e-09
2.32620033e-06	5.244134e-09
2.32621894e-06	4.994023e-09
2.32623755e-06	4.204962e-09
2.32625616e-06	1.031921e-09
2.32627477e-06	1.217130e-09
2.32629338e-06	2.346573e-09
2.32631199e-06	1.545910e-09
2.32633060e-06	3.133713e-09
2.32634921e-06	3.308528e-09
2.32636782e-06	4.407070e-09
2.32638643e-06	4.733985e-09
2.32640505e-06	4.548736e-09
2.32642366e-06	4.512154e-09
2.32644227e-06	3.855092e-09
2.32646088e-06	4.890424e-09
2.32647949e-06	5.403918e-09
2.32649810e-06	5.697201e-09
2.32651671e-06	5.756526e-09
2.32653533e-06	6.720615e-09
2.32655394e-06	5.792524e-09
2.32657255e-06	5.968841e-09
2.32659116e-06	6.017736e-09
2.32660978e-06	5.196653e-09
2.32662839e-06	3.678899e-09
2.32664700e-06	3.474349e-09
2.32666562e-06	4.390114e-09
2.32668423e-06	3.053055e-09
2.32670284e-06	4.583147e-09
2.32672146e-06	3.960158e-09
2.32674007e-06	3.979063e-09
2.32675869e-06	4.498316e-09
2.32677730e-06	3.662297e-09
2.32679591e-06	2.001031e-09
2.32681453e-06	7.019339e-10
2.32683314e-06	8.377865e-10
2.32685176e-06	1.673904e-09
2.32687037e-06	3.387614e-09
2.32688899e-06	3.879220e-09
2.32690760e-06	4.095875e-09
2.32692622e-06	4.569176e-09
2.32694483e-06	3.787425e-09
2.32696345e-06	4.195244e-09
2.32698206e-06	4.991909e-09
2.32700068e-06	5.226883e-09
2.32701930e-06	4.681244e-09
2.32703791e-06	5.494057e-09
2.32705653e-06	6.308630e-09
2.32707514e-06	5.450632e-09
2.32709376e-06	4.192779e-09
2.32711238e-06	3.093183e-09
2.32713099e-06	1.926801e-09
2.32714961e-06	3.273188e-09
2.32716823e-06	4.806022e-09
2.32718685e-06	4.256021e-09
2.32720546e-06	5.462468e-09
2.32722408e-06	5.733720e-09
2.32724270e-06	4.786525e-09
2.32726132e-06	6.306507e-09
2.32727993e-06	5.355650e-09
2.32729855e-06	3.357467e-09
2.32731717e-06	4.148309e-09
2.32733579e-06	5.941048e-09
2.32735441e-06	6.397804e-09
2.32737303e-06	5.379465e-09
2.32739165e-06	4.678439e-09
2.32741027e-06	3.735346e-09
2.32742888e-06	1.072502e-09
2.32744750e-06	1.011894e-09
2.32746612e-06	3.573621e-09
2.32748474e-06	5.042056e-09
2.32750336e-06	5.717470e-09
2.32752198e-06	5.524554e-09
2.32754060e-06	5.761077e-09
2.32755922e-06	5.686649e-09
2.32757784e-06	6.293179e-09
2.32759646e-06	4.602335e-09
2.32761509e-06	2.599232e-09
2.32763371e-06	4.926890e-09
2.32765233e-06	6.326905e-09
2.32767095e-06	5.736931e-09
2.32768957e-06	5.579911e-09
2.32770819e-06	6.068427e-09
2.32772681e-06	5.850056e-09
2.32774544e-06	6.182274e-09
2.32776406e-06	6.345924e-09
2.32778268e-06	6.265210e-09
2.32780130e-06	5.803119e-09
2.32781992e-06	4.559795e-09
2.32783855e-06	1.300072e-09
2.32785717e-06	9.430649e-10
2.32787579e-06	2.266191e-09
2.32789442e-06	3.808424e-09
2.32791304e-06	2.537883e-09
2.32793166e-06	2.790470e-09
2.32795028e-06	1.171436e-09
2.32796891e-06	1.030767e-09
2.32798753e-06	4.281382e-09
2.32800616e-06	5.433703e-09
2.32802478e-06	5.694434e-09
2.32804340e-06	4.973119e-09
2.32806203e-06	3.401934e-09
2.32808065e-06	8.376949e-10
2.32809928e-06	1.068019e-09
2.32811790e-06	3.535444e-09
2.32813653e-06	4.058963e-09
2.32815515e-06	4.588043e-09
2.32817378e-06	5.750986e-09
2.32819240e-06	5.021659e-09
2.32821103e-06	4.893776e-09
2.32822965e-06	4.254154e-09
2.32824828e-06	5.195435e-09
2.32826691e-06	5.762188e-09
2.32828553e-06	5.084386e-09
2.32830416e-06	3.074808e-09
2.32832279e-06	3.352322e-09
2.32834141e-06	4.927292e-09
2.32836004e-06	5.306816e-09
2.32837867e-06	4.852359e-09
2.32839729e-06	2.739843e-09
2.32841592e-06	1.336057e-09
2.32843455e-06	3.106737e-09
2.32845317e-06	2.353682e-09
2.32847180e-06	6.237631e-10
2.32849043e-06	7.522859e-10
2.32850906e-06	1.517606e-09
2.32852769e-06	3.085514e-09
2.32854631e-06	3.701746e-09
2.32856494e-06	4.843529e-09
2.32858357e-06	5.616929e-09
2.32860220e-06	5.553571e-09
2.32862083e-06	4.970677e-09
2.32863946e-06	3.416066e-09
2.32865809e-06	3.271896e-09
2.32867672e-06	3.720345e-09
2.32869535e-06	4.037123e-09
2.32871397e-06	1.410990e-09
2.32873260e-06	2.670463e-09
2.32875123e-06	3.660817e-09
2.32876987e-06	8.896338e-10
2.32878849e-06	1.084161e-09
2.32880712e-06	2.790980e-09
2.32882576e-06	3.554682e-09
2.32884439e-06	5.251300e-09
2.32886302e-06	5.676305e-09
2.32888165e-06	4.627392e-09
2.32890028e-06	4.187033e-09
2.32891891e-06	4.186296e-09
2.32893754e-06	4.172596e-09
2.32895617e-06	4.697961e-09
2.32897481e-06	5.469711e-09
2.32899344e-06	4.307975e-09
2.32901207e-06	4.207947e-09
2.32903070e-06	5.621637e-09
2.32904933e-06	5.627122e-09
2.32906797e-06	4.651166e-09
2.32908660e-06	2.376255e-09
2.32910523e-06	3.683948e-09
2.32912386e-06	6.046852e-09
2.32914250e-06	6.049549e-09
2.32916113e-06	5.506372e-09
2.32917976e-06	4.159574e-09
2.32919840e-06	1.244975e-09
2.32921703e-06	1.330282e-09
2.32923566e-06	4.854748e-09
2.32925430e-06	6.091077e-09
2.32927293e-06	5.770652e-09
2.32929157e-06	6.136240e-09
2.32931020e-06	6.768593e-09
2.32932883e-06	6.558795e-09
2.32934747e-06	5.474931e-09
2.32936610e-06	4.539895e-09
2.32938474e-06	3.723399e-09
2.32940337e-06	5.093971e-09
2.32942201e-06	4.407196e-09
2.32944065e-06	5.088807e-09
2.32945928e-06	4.039988e-09
2.32947792e-06	2.628338e-09
2.32949655e-06	1.134826e-09
2.32951519e-06	8.414044e-10
2.32953382e-06	3.257059e-09
2.32955246e-06	4.654538e-09
2.32957110e-06	5.469874e-09
2.32958973e-06	6.179043e-09
2.32960837e-06	6.659835e-09
2.32962701e-06	6.479342e-09
2.32964564e-06	5.603245e-09
2.32966428e-06	6.539803e-09
2.32968292e-06	7.120487e-09
2.32970156e-06	7.514990e-09
2.32972019e-06	7.454030e-09
2.32973883e-06	7.053839e-09
2.32975747e-06	6.184425e-09
2.32977611e-06	5.963890e-09
2.32979475e-06	4.043760e-09
2.32981338e-06	4.332021e-09
2.32983202e-06	6.373729e-09
2.32985066e-06	5.968094e-09
2.32986930e-06	4.749573e-09
2.32988794e-06	6.017066e-09
2.32990658e-06	5.914955e-09
2.32992522e-06	4.875671e-09
2.32994386e-06	4.776186e-09
2.32996250e-06	4.359544e-09
2.32998113e-06	5.186533e-09
2.32999977e-06	5.145739e-09
2.33001842e-06	2.226393e-09
2.33003706e-06	1.558649e-09
2.33005570e-06	4.566138e-09
2.33007434e-06	4.924463e-09
2.33009298e-06	3.587158e-09
2.33011162e-06	3.389271e-09
2.33013026e-06	3.623487e-09
2.33014890e-06	3.213700e-09
2.33016754e-06	1.068717e-09
2.33018618e-06	7.745887e-10
2.33020482e-06	7.125207e-10
2.33022347e-06	2.666741e-09
2.33024211e-06	3.164882e-09
2.33026075e-06	2.115402e-09
2.33027939e-06	8.402769e-10
2.33029803e-06	1.276429e-09
2.33031667e-06	4.005499e-09
2.33033532e-06	4.796886e-09
2.33035396e-06	5.126986e-09
2.33037260e-06	4.741389e-09
2.33039125e-06	2.556682e-09
2.33040989e-06	3.429114e-09
2.33042853e-06	5.091095e-09
2.33044718e-06	3.335554e-09
2.33046582e-06	2.079160e-09
2.33048446e-06	3.523651e-09
2.33050311e-06	3.644272e-09
2.33052175e-06	8.121535e-10
2.33054040e-06	1.061419e-09
2.33055904e-06	3.898096e-09
2.33057768e-06	2.804958e-09
2.33059633e-06	6.627377e-10
2.33061497e-06	1.981743e-09
2.33063362e-06	2.328993e-09
2.33065226e-06	2.204122e-09
2.33067091e-06	2.309412e-09
2.33068955e-06	2.834874e-09
2.33070820e-06	1.572924e-09
2.33072685e-06	3.230696e-09
2.33074549e-06	2.099097e-09
2.33076414e-06	3.614778e-09
2.33078278e-06	4.201202e-09
2.33080143e-06	3.220079e-09
2.33082008e-06	4.844306e-09
2.33083872e-06	5.657890e-09
2.33085737e-06	5.850127e-09
2.33087602e-06	5.255468e-09
2.33089466e-06	4.738388e-09
2.33091331e-06	5.477475e-09
2.33093196e-06	5.131101e-09
2.33095061e-06	4.564630e-09
2.33096925e-06	5.042269e-09
2.33098790e-06	4.240666e-09
2.33100655e-06	4.198714e-09
2.33102520e-06	2.890897e-09
2.33104384e-06	3.975794e-09
2.33106249e-06	4.247871e-09
2.33108114e-06	1.231200e-09
2.33109979e-06	8.314041e-10
2.33111844e-06	2.830094e-09
2.33113709e-06	4.176306e-09
2.33115574e-06	3.584521e-09
2.33117439e-06	3.325427e-09
2.33119304e-06	2.751270e-09
2.33121169e-06	6.761357e-10
2.33123033e-06	1.528731e-09
2.33124898e-06	3.169625e-09
2.33126763e-06	3.618669e-09
2.33128629e-06	5.409007e-09
2.33130493e-06	5.047726e-09
2.33132359e-06	4.996707e-09
2.33134224e-06	6.026108e-09
2.33136089e-06	5.396844e-09
2.33137954e-06	3.235995e-09
2.33139819e-06	4.314448e-09
2.33141684e-06	5.292303e-09
2.33143549e-06	5.014636e-09
2.33145414e-06	4.799882e-09
2.33147280e-06	5.772652e-09
2.33149145e-06	5.432912e-09
2.33151010e-06	5.260870e-09
2.33152875e-06	4.694353e-09
2.33154740e-06	2.952198e-09
2.33156606e-06	4.064458e-09
2.33158471e-06	3.811751e-09
2.33160336e-06	2.071958e-09
2.33162201e-06	3.022622e-09
2.33164067e-06	1.765953e-09
2.33165932e-06	1.288032e-09
2.33167797e-06	4.949466e-09
2.33169663e-06	5.363821e-09
2.33171528e-06	3.396864e-09
2.33173393e-06	1.889398e-09
2.33175259e-06	4.655287e-09
2.33177124e-06	4.315245e-09
2.33178990e-06	3.188684e-09
2.33180855e-06	4.579512e-09
2.33182720e-06	4.491890e-09
2.33184586e-06	4.723098e-09
2.33186451e-06	3.453760e-09
2.33188317e-06	3.184678e-09
2.33190182e-06	2.114034e-09
2.33192048e-06	6.522515e-10
2.33193913e-06	8.372792e-10
2.33195779e-06	8.024847e-10
2.33197644e-06	2.321907e-09
2.33199510e-06	3.133420e-09
2.33201376e-06	3.758457e-09
2.33203241e-06	5.105852e-09
2.33205107e-06	5.492581e-09
2.33206973e-06	5.411753e-09
2.33208838e-06	5.551031e-09
2.33210704e-06	4.064706e-09
2.33212570e-06	5.042976e-09
2.33214435e-06	5.722577e-09
2.33216301e-06	5.324232e-09
2.33218167e-06	5.627122e-09
2.33220033e-06	5.952324e-09
2.33221898e-06	4.156745e-09
2.33223764e-06	3.807341e-09
2.33225630e-06	2.915027e-09
2.33227496e-06	4.615172e-09
2.33229361e-06	6.197377e-09
2.33231227e-06	6.889437e-09
2.33233093e-06	6.438361e-09
2.33234959e-06	6.515493e-09
2.33236825e-06	6.257944e-09
2.33238691e-06	4.374058e-09
2.33240557e-06	3.860660e-09
2.33242423e-06	5.698073e-09
2.33244288e-06	6.074324e-09
2.33246154e-06	4.730465e-09
2.33248020e-06	3.743581e-09
2.33249886e-06	4.468110e-09
2.33251752e-06	5.884852e-09
2.33253618e-06	5.820732e-09
2.33255485e-06	3.155737e-09
2.33257350e-06	2.820952e-09
2.33259217e-06	4.681477e-09
2.33261083e-06	5.054702e-09
2.33262949e-06	6.357461e-09
2.33264815e-06	6.392089e-09
2.33266681e-06	5.763207e-09
2.33268547e-06	6.596409e-09
2.33270413e-06	6.416863e-09
2.33272279e-06	5.280681e-09
2.33274146e-06	4.026087e-09
2.33276012e-06	4.614845e-09
2.33277878e-06	3.776361e-09
2.33279744e-06	3.861804e-09
2.33281610e-06	3.429497e-09
2.33283477e-06	8.483927e-10
2.33285343e-06	8.145688e-10
2.33287209e-06	2.971873e-09
2.33289075e-06	1.294520e-09
2.33290942e-06	7.256150e-10
2.33292808e-06	3.468698e-09
2.33294675e-06	4.884736e-09
2.33296541e-06	5.457340e-09
2.33298407e-06	4.945400e-09
2.33300274e-06	5.131390e-09
2.33302140e-06	6.253317e-09
2.33304006e-06	5.833709e-09
2.33305873e-06	5.560713e-09
2.33307739e-06	5.700088e-09
2.33309606e-06	5.588181e-09
2.33311472e-06	4.784998e-09
2.33313339e-06	5.059198e-09
2.33315205e-06	3.821958e-09
2.33317072e-06	2.889429e-09
2.33318938e-06	4.961713e-09
2.33320805e-06	5.433555e-09
2.33322671e-06	3.574820e-09
2.33324538e-06	3.088624e-09
2.33326405e-06	4.451299e-09
2.33328271e-06	3.284386e-09
2.33330138e-06	5.192216e-09
2.33332004e-06	5.787878e-09
2.33333871e-06	5.738895e-09
2.33335738e-06	5.050964e-09
2.33337604e-06	4.187253e-09
2.33339471e-06	4.713929e-09
2.33341338e-06	4.536038e-09
2.33343205e-06	6.175381e-09
2.33345071e-06	6.376752e-09
2.33346938e-06	6.367942e-09
2.33348805e-06	5.713277e-09
2.33350672e-06	4.393281e-09
2.33352538e-06	3.097268e-09
2.33354405e-06	3.629837e-09
2.33356272e-06	2.811132e-09
2.33358139e-06	1.453195e-09
2.33360006e-06	4.352778e-09
2.33361873e-06	5.245970e-09
2.33363740e-06	4.497309e-09
2.33365607e-06	4.217873e-09
2.33367473e-06	3.668427e-09
2.33369340e-06	1.669518e-09
2.33371207e-06	7.175066e-10
2.33373074e-06	6.701920e-10
2.33374941e-06	2.207847e-09
2.33376808e-06	1.118043e-09
2.33378675e-06	8.210192e-10
2.33380542e-06	2.647289e-09
2.33382410e-06	4.454523e-09
2.33384277e-06	4.595219e-09
2.33386144e-06	5.152067e-09
2.33388011e-06	5.876883e-09
2.33389878e-06	5.540109e-09
2.33391745e-06	5.741839e-09
2.33393612e-06	5.010765e-09
2.33395479e-06	3.593277e-09
2.33397346e-06	5.435981e-09
2.33399213e-06	6.761690e-09
2.33401081e-06	6.529480e-09
2.33402948e-06	5.977448e-09
2.33404815e-06	5.526653e-09
2.33406682e-06	5.959954e-09
2.33408550e-06	6.711405e-09
2.33410417e-06	6.577551e-09
2.33412284e-06	5.067123e-09
2.33414152e-06	1.978039e-09
2.33416019e-06	9.438389e-10
2.33417886e-06	3.224587e-09
2.33419754e-06	2.805392e-09
2.33421621e-06	2.598822e-09
2.33423488e-06	4.256087e-09
2.33425356e-06	4.982331e-09
2.33427223e-06	4.859813e-09
2.33429090e-06	3.644077e-09
2.33430958e-06	1.914773e-09
2.33432825e-06	2.955777e-09
2.33434693e-06	3.492701e-09
2.33436560e-06	4.110706e-09
2.33438428e-06	5.343986e-09
2.33440295e-06	5.877700e-09
2.33442163e-06	4.146248e-09
2.33444030e-06	2.434305e-09
2.33445898e-06	3.617806e-09
2.33447765e-06	4.264433e-09
2.33449633e-06	4.699910e-09
2.33451501e-06	3.554742e-09
2.33453368e-06	4.405572e-09
2.33455236e-06	5.234917e-09
2.33457104e-06	4.327076e-09
2.33458971e-06	5.500776e-09
2.33460839e-06	5.768254e-09
2.33462706e-06	3.617301e-09
2.33464574e-06	3.387314e-09
2.33466442e-06	4.846896e-09
2.33468310e-06	5.579021e-09
2.33470177e-06	5.028883e-09
2.33472045e-06	4.143422e-09
2.33473913e-06	1.962444e-09
2.33475781e-06	8.330186e-10
2.33477648e-06	7.848618e-10
2.33479516e-06	2.208011e-09
2.33481384e-06	3.309947e-09
2.33483252e-06	2.923432e-09
2.33485120e-06	3.041598e-09
2.33486988e-06	2.781633e-09
2.33488856e-06	3.678277e-09
2.33490724e-06	5.926175e-09
2.33492591e-06	6.513326e-09
2.33494460e-06	6.225395e-09
2.33496327e-06	5.511794e-09
2.33498195e-06	2.898667e-09
2.33500063e-06	3.479023e-09
2.33501931e-06	6.094448e-09
2.33503799e-06	6.485134e-09
2.33505667e-06	6.572510e-09
2.33507535e-06	6.199950e-09
2.33509404e-06	4.235273e-09
2.33511272e-06	1.121478e-09
2.33513140e-06	1.040333e-09
2.33515008e-06	4.192355e-09
2.33516876e-06	4.848864e-09
2.33518744e-06	3.440925e-09
2.33520612e-06	3.853026e-09
2.33522480e-06	4.690510e-09
2.33524348e-06	3.499294e-09
2.33526217e-06	3.404663e-09
2.33528085e-06	4.539286e-09
2.33529953e-06	4.878021e-09
2.33531821e-06	4.533680e-09
2.33533690e-06	4.088788e-09
2.33535558e-06	4.298187e-09
2.33537426e-06	2.769666e-09
2.33539294e-06	2.490529e-09
2.33541163e-06	4.668840e-09
2.33543031e-06	5.074968e-09
2.33544900e-06	5.107616e-09
2.33546768e-06	4.544086e-09
2.33548636e-06	4.100017e-09
2.33550505e-06	3.514855e-09
2.33552373e-06	1.312291e-09
2.33554242e-06	7.311629e-10
2.33556110e-06	7.757350e-10
2.33557978e-06	3.239767e-09
2.33559847e-06	4.158831e-09
2.33561715e-06	4.124484e-09
2.33563584e-06	3.764069e-09
2.33565452e-06	2.389344e-09
2.33567321e-06	9.590099e-10
2.33569189e-06	2.842682e-09
2.33571058e-06	3.083369e-09
2.33572927e-06	2.802811e-09
2.33574795e-06	2.639614e-09
2.33576664e-06	8.105408e-10
2.33578532e-06	8.174225e-10
2.33580401e-06	2.774102e-09
2.33582269e-06	4.090888e-09
2.33584138e-06	5.111771e-09
2.33586007e-06	5.719400e-09
2.33587876e-06	5.315201e-09
2.33589744e-06	3.821351e-09
2.33591613e-06	3.874418e-09
2.33593482e-06	5.768337e-09
2.33595350e-06	5.626775e-09
2.33597219e-06	3.969355e-09
2.33599088e-06	4.610719e-09
2.33600957e-06	5.386719e-09
2.33602826e-06	5.451687e-09
2.33604694e-06	5.764292e-09
2.33606563e-06	6.507995e-09
2.33608432e-06	7.068455e-09
2.33610301e-06	7.261758e-09
2.33612170e-06	7.362049e-09
2.33614039e-06	6.842898e-09
2.33615908e-06	6.159519e-09
2.33617777e-06	6.223419e-09
2.33619646e-06	5.344398e-09
2.33621514e-06	5.412547e-09
2.33623383e-06	6.385763e-09
2.33625253e-06	5.590432e-09
2.33627121e-06	5.192973e-09
2.33628990e-06	4.762808e-09
2.33630860e-06	5.236538e-09
2.33632729e-06	3.753897e-09
2.33634598e-06	1.885368e-09
2.33636467e-06	2.450946e-09
2.33638336e-06	5.057712e-09
2.33640205e-06	4.676437e-09
2.33642074e-06	4.726075e-09
2.33643943e-06	5.933677e-09
2.33645812e-06	4.653785e-09
2.33647681e-06	5.876098e-09
2.33649551e-06	5.941046e-09
2.33651420e-06	5.849003e-09
2.33653289e-06	6.858181e-09
2.33655158e-06	6.058701e-09
2.33657028e-06	4.851248e-09
2.33658897e-06	6.032999e-09
2.33660766e-06	5.450228e-09
2.33662635e-06	5.106796e-09
2.33664505e-06	5.377268e-09
2.33666374e-06	5.627967e-09
2.33668243e-06	4.915785e-09
2.33670113e-06	2.437261e-09
2.33671982e-06	1.877830e-09
2.33673851e-06	3.079059e-09
2.33675721e-06	3.049829e-09
2.33677590e-06	4.426221e-09
2.33679460e-06	4.501223e-09
2.33681329e-06	2.861507e-09
2.33683198e-06	8.122981e-10
2.33685068e-06	9.603831e-10
2.33686937e-06	3.097432e-09
2.33688807e-06	3.528642e-09
2.33690676e-06	3.382409e-09
2.33692546e-06	3.756259e-09
2.33694415e-06	3.812997e-09
2.33696285e-06	4.211843e-09
2.33698155e-06	2.096704e-09
2.33700024e-06	2.707732e-09
2.33701894e-06	4.191964e-09
2.33703763e-06	4.870102e-09
2.33705633e-06	4.548820e-09
2.33707503e-06	5.225374e-09
2.33709372e-06	5.574434e-09
2.33711242e-06	5.555880e-09
2.33713112e-06	5.685215e-09
2.33714981e-06	4.837623e-09
2.33716851e-06	5.441230e-09
2.33718721e-06	6.471474e-09
2.33720591e-06	4.898070e-09
2.33722460e-06	4.015660e-09
2.33724330e-06	4.852031e-09
2.33726200e-06	4.702524e-09
2.33728070e-06	3.087830e-09
2.33729940e-06	3.107307e-09
2.33731809e-06	4.876968e-09
2.33733679e-06	5.139540e-09
2.33735549e-06	4.768070e-09
2.33737419e-06	3.852203e-09
2.33739289e-06	1.344832e-09
2.33741159e-06	7.174297e-10
2.33743029e-06	7.673003e-10
2.33744899e-06	3.448752e-09
2.33746769e-06	4.399442e-09
2.33748639e-06	3.956077e-09
2.33750509e-06	4.495980e-09
2.33752379e-06	5.147585e-09
2.33754249e-06	5.265928e-09
2.33756119e-06	5.315064e-09
2.33757989e-06	6.508029e-09
2.33759859e-06	6.592247e-09
2.33761729e-06	5.671361e-09
2.33763599e-06	4.139225e-09
2.33765469e-06	5.635086e-09
2.33767339e-06	5.588540e-09
2.33769209e-06	5.317256e-09
2.33771079e-06	4.658301e-09
2.33772950e-06	3.241157e-09
2.33774820e-06	1.533505e-09
2.33776690e-06	3.408605e-09
2.33778560e-06	5.216213e-09
2.33780431e-06	5.548250e-09
2.33782301e-06	5.656205e-09
2.33784171e-06	5.078181e-09
2.33786041e-06	5.193251e-09
2.33787912e-06	5.227937e-09
2.33789782e-06	4.270176e-09
2.33791652e-06	2.290388e-09
2.33793523e-06	8.080616e-10
2.33795393e-06	9.664051e-10
2.33797263e-06	2.729289e-09
2.33799134e-06	4.223480e-09
2.33801004e-06	4.998836e-09
2.33802874e-06	4.568140e-09
2.33804745e-06	3.777985e-09
2.33806615e-06	5.092760e-09
2.33808486e-06	5.116263e-09
2.33810356e-06	5.670554e-09
2.33812227e-06	4.715438e-09
2.33814097e-06	5.027610e-09
2.33815968e-06	5.218325e-09
2.33817838e-06	4.357382e-09
2.33819709e-06	3.380396e-09
2.33821579e-06	3.850372e-09
2.33823450e-06	1.668703e-09
2.33825321e-06	4.218785e-09
2.33827191e-06	4.814237e-09
2.33829062e-06	4.802667e-09
2.33830932e-06	4.495498e-09
2.33832803e-06	2.659702e-09
2.33834674e-06	2.691774e-09
2.33836544e-06	5.283031e-09
2.33838415e-06	5.113223e-09
2.33840286e-06	5.908772e-09
2.33842156e-06	5.685970e-09
2.33844027e-06	4.169696e-09
2.33845898e-06	2.244604e-09
2.33847769e-06	3.708259e-09
2.33849639e-06	4.836212e-09
2.33851510e-06	4.874188e-09
2.33853381e-06	3.721436e-09
2.33855252e-06	4.387425e-09
2.33857123e-06	4.447400e-09
2.33858994e-06	3.488806e-09
2.33860864e-06	3.985165e-09
2.33862735e-06	5.405601e-09
2.33864606e-06	5.225707e-09
2.33866477e-06	4.893426e-09
2.33868348e-06	3.624289e-09
2.33870219e-06	3.354836e-09
2.33872090e-06	1.670742e-09
2.33873961e-06	1.325895e-09
2.33875832e-06	2.924053e-09
2.33877703e-06	3.528521e-09
2.33879574e-06	5.383067e-09
2.33881445e-06	5.815356e-09
2.33883316e-06	6.299685e-09
2.33885187e-06	6.403466e-09
2.33887058e-06	4.466547e-09
2.33888929e-06	4.986075e-09
2.33890800e-06	4.987768e-09
2.33892672e-06	4.404454e-09
2.33894543e-06	2.560809e-09
2.33896414e-06	2.259554e-09
2.33898285e-06	4.592640e-09
2.33900156e-06	4.763022e-09
2.33902027e-06	4.357161e-09
2.33903899e-06	3.982750e-09
2.33905770e-06	2.599724e-09
2.33907641e-06	8.075915e-10
2.33909512e-06	8.438115e-10
2.33911384e-06	3.186706e-09
2.33913255e-06	4.473528e-09
2.33915126e-06	4.603597e-09
2.33916998e-06	4.484387e-09
2.33918869e-06	2.992198e-09
2.33920740e-06	3.438553e-09
2.33922612e-06	4.144756e-09
2.33924483e-06	4.807528e-09
2.33926354e-06	5.039728e-09
2.33928226e-06	3.633764e-09
2.33930097e-06	1.624472e-09
2.33931969e-06	6.881600e-10
2.33933840e-06	7.809313e-10
2.33935712e-06	3.533920e-09
2.33937583e-06	4.688303e-09
2.33939455e-06	5.012724e-09
2.33941326e-06	5.446015e-09
2.33943198e-06	5.448271e-09
2.33945069e-06	4.439068e-09
2.33946941e-06	2.356029e-09
2.33948812e-06	3.254685e-09
2.33950684e-06	5.415335e-09
2.33952556e-06	6.099048e-09
2.33954427e-06	6.070090e-09
2.33956299e-06	5.215533e-09
2.33958171e-06	4.635135e-09
2.33960042e-06	2.354955e-09
2.33961914e-06	1.920934e-09
2.33963785e-06	4.143532e-09
2.33965657e-06	3.036081e-09
2.33967529e-06	2.455754e-09
2.33969401e-06	5.473582e-09
2.33971272e-06	5.594602e-09
2.33973144e-06	4.395134e-09
2.33975016e-06	3.239278e-09
2.33976888e-06	4.704660e-09
2.33978760e-06	5.074803e-09
2.33980631e-06	4.988603e-09
2.33982503e-06	5.766337e-09
2.33984375e-06	4.944139e-09
2.33986247e-06	2.106968e-09
2.33988119e-06	6.507765e-10
2.33989991e-06	6.808591e-10
2.33991863e-06	2.793791e-09
2.33993735e-06	5.222235e-09
2.33995607e-06	4.613341e-09
2.33997479e-06	5.841489e-09
2.33999351e-06	6.111041e-09
2.34001223e-06	4.681108e-09
2.34003095e-06	2.376637e-09
2.34004967e-06	2.587851e-09
2.34006839e-06	2.687601e-09
2.34008711e-06	3.561537e-09
2.34010583e-06	5.024327e-09
2.34012455e-06	3.248526e-09
2.34014327e-06	4.230001e-09
2.34016199e-06	3.446740e-09
2.34018071e-06	3.729401e-09
2.34019943e-06	4.494727e-09
2.34021815e-06	4.672957e-09
2.34023688e-06	3.405075e-09
2.34025560e-06	7.891204e-10
2.34027432e-06	7.890852e-10
2.34029304e-06	1.851438e-09
2.34031177e-06	3.694198e-09
2.34033049e-06	4.476912e-09
2.34034921e-06	2.893312e-09
2.34036793e-06	1.641722e-09
2.34038666e-06	1.885652e-09
2.34040538e-06	1.837135e-09
2.34042410e-06	1.850439e-09
2.34044283e-06	1.515775e-09
2.34046155e-06	4.177225e-09
2.34048027e-06	5.485824e-09
2.34049900e-06	5.029225e-09
2.34051772e-06	1.878004e-09
2.34053644e-06	2.362087e-09
2.34055517e-06	3.901409e-09
2.34057389e-06	2.713867e-09
2.34059262e-06	3.596831e-09
2.34061134e-06	2.915061e-09
2.34063007e-06	2.476598e-09
2.34064879e-06	4.413903e-09
2.34066752e-06	3.205591e-09
2.34068624e-06	4.345248e-09
2.34070497e-06	6.500099e-09
2.34072369e-06	6.539718e-09
2.34074242e-06	6.521656e-09
2.34076115e-06	6.623514e-09
2.34077987e-06	5.288663e-09
2.34079860e-06	6.086561e-09
2.34081733e-06	5.572431e-09
2.34083605e-06	4.760341e-09
2.34085478e-06	5.713307e-09
2.34087350e-06	5.427965e-09
2.34089223e-06	5.316320e-09
2.34091096e-06	5.677925e-09
2.34092969e-06	5.418981e-09
2.34094841e-06	6.563098e-09
2.34096714e-06	5.961647e-09
2.34098587e-06	5.483610e-09
2.34100460e-06	5.424707e-09
2.34102333e-06	5.207033e-09
2.34104205e-06	4.323027e-09
2.34106078e-06	1.769510e-09
2.34107951e-06	7.627380e-10
2.34109824e-06	2.333439e-09
2.34111697e-06	3.664345e-09
2.34113570e-06	1.949938e-09
2.34115443e-06	6.202879e-10
2.34117315e-06	2.723324e-09
2.34119188e-06	4.696478e-09
2.34121061e-06	4.673073e-09
2.34122934e-06	4.199909e-09
2.34124807e-06	3.081817e-09
2.34126680e-06	6.162798e-10
2.34128553e-06	6.131422e-10
2.34130426e-06	3.507748e-09
2.34132299e-06	4.585433e-09
2.34134172e-06	2.988254e-09
2.34136045e-06	1.099446e-09
2.34137919e-06	3.791300e-09
2.34139792e-06	4.970724e-09
2.34141665e-06	4.488295e-09
2.34143538e-06	4.089042e-09
2.34145411e-06	2.906318e-09
2.34147284e-06	1.593463e-09
2.34149158e-06	8.329706e-10
2.34151031e-06	1.470284e-09
2.34152904e-06	3.560274e-09
2.34154777e-06	3.306447e-09
2.34156650e-06	3.994590e-09
2.34158524e-06	4.636490e-09
2.34160397e-06	5.731943e-09
2.34162270e-06	5.871991e-09
2.34164143e-06	5.951933e-09
2.34166017e-06	5.554925e-09
2.34167890e-06	4.137029e-09
2.34169763e-06	1.678348e-09
2.34171637e-06	1.652406e-09
2.34173510e-06	3.723218e-09
2.34175384e-06	4.769147e-09
2.34177257e-06	5.921377e-09
2.34179130e-06	5.375680e-09
2.34181004e-06	6.056877e-09
2.34182877e-06	5.890426e-09
2.34184751e-06	4.096243e-09
2.34186624e-06	2.409351e-09
2.34188498e-06	1.732029e-09
2.34190371e-06	4.122435e-09
2.34192245e-06	3.732561e-09
2.34194118e-06	2.772497e-09
2.34195992e-06	3.522597e-09
2.34197865e-06	4.387206e-09
2.34199739e-06	4.820035e-09
2.34201613e-06	4.125355e-09
2.34203486e-06	1.238389e-09
2.34205360e-06	6.173468e-10
2.34207233e-06	2.354841e-09
2.34209107e-06	3.987200e-09
2.34210981e-06	5.496887e-09
2.34212855e-06	6.006255e-09
2.34214728e-06	5.182893e-09
2.34216602e-06	3.979382e-09
2.34218476e-06	4.477137e-09
2.34220349e-06	6.037860e-09
2.34222223e-06	6.771860e-09
2.34224097e-06	6.892179e-09
2.34225971e-06	7.013008e-09
2.34227844e-06	7.383180e-09
2.34229718e-06	7.622088e-09
2.34231592e-06	6.799488e-09
2.34233466e-06	6.098347e-09
2.34235340e-06	6.783990e-09
2.34237214e-06	5.699746e-09
2.34239088e-06	5.181075e-09
2.34240962e-06	5.488956e-09
2.34242835e-06	5.225011e-09
2.34244709e-06	2.577918e-09
2.34246583e-06	3.942818e-09
2.34248457e-06	6.025755e-09
2.34250331e-06	6.616518e-09
2.34252205e-06	6.575081e-09
2.34254079e-06	4.542907e-09
2.34255953e-06	3.280391e-09
2.34257827e-06	4.054210e-09
2.34259702e-06	3.917691e-09
2.34261576e-06	4.772720e-09
2.34263450e-06	5.878414e-09
2.34265324e-06	6.000336e-09
2.34267198e-06	4.988958e-09
2.34269072e-06	4.010655e-09
2.34270946e-06	4.680682e-09
2.34272820e-06	3.355329e-09
2.34274695e-06	7.335703e-10
2.34276569e-06	7.930092e-10
2.34278443e-06	2.421184e-09
2.34280317e-06	4.198957e-09
2.34282191e-06	4.871092e-09
2.34284066e-06	3.642351e-09
2.34285940e-06	3.391139e-09
2.34287814e-06	4.092429e-09
2.34289689e-06	4.728779e-09
2.34291563e-06	5.614892e-09
2.34293437e-06	6.034988e-09
2.34295312e-06	6.109189e-09
2.34297186e-06	5.492178e-09
2.34299060e-06	4.560001e-09
2.34300935e-06	5.568708e-09
2.34302809e-06	6.440528e-09
2.34304684e-06	5.529282e-09
2.34306558e-06	4.348858e-09
2.34308432e-06	5.566674e-09
2.34310307e-06	6.145486e-09
2.34312181e-06	5.941787e-09
2.34314056e-06	5.821418e-09
2.34315930e-06	3.773698e-09
2.34317805e-06	4.659677e-09
2.34319679e-06	5.396868e-09
2.34321554e-06	4.127694e-09
2.34323429e-06	2.176113e-09
2.34325303e-06	1.286379e-09
2.34327178e-06	6.374999e-10
2.34329052e-06	2.335769e-09
2.34330927e-06	3.890031e-09
2.34332802e-06	5.305473e-09
2.34334676e-06	6.336282e-09
2.34336551e-06	6.200014e-09
2.34338426e-06	4.704306e-09
2.34340300e-06	5.393345e-09
2.34342175e-06	4.623847e-09
2.34344050e-06	4.481791e-09
2.34345925e-06	4.358368e-09
2.34347799e-06	2.425923e-09
2.34349674e-06	1.782214e-09
2.34351549e-06	4.097404e-09
2.34353424e-06	5.161800e-09
2.34355299e-06	5.131853e-09
2.34357173e-06	5.086825e-09
2.34359048e-06	3.905811e-09
2.34360923e-06	1.677952e-09
2.34362798e-06	1.233340e-09
2.34364673e-06	3.738289e-09
2.34366548e-06	2.427749e-09
2.34368423e-06	7.895590e-10
2.34370298e-06	1.771854e-09
2.34372173e-06	3.401039e-09
2.34374048e-06	5.471401e-09
2.34375923e-06	4.990364e-09
2.34377798e-06	5.045251e-09
2.34379673e-06	5.359016e-09
2.34381548e-06	2.855212e-09
2.34383423e-06	1.775516e-09
2.34385298e-06	3.526482e-09
2.34387173e-06	4.249671e-09
2.34389048e-06	5.648481e-09
2.34390923e-06	5.063104e-09
2.34392798e-06	4.898893e-09
2.34394673e-06	6.040590e-09
2.34396549e-06	5.501084e-09
2.34398424e-06	3.815593e-09
2.34400299e-06	4.588082e-09
2.34402174e-06	3.400959e-09
2.34404049e-06	2.461979e-09
2.34405925e-06	7.595314e-10
2.34407800e-06	7.968836e-10
2.34409675e-06	2.999682e-09
2.34411550e-06	4.104038e-09
2.34413426e-06	4.058108e-09
2.34415301e-06	4.861867e-09
2.34417176e-06	5.692353e-09
2.34419052e-06	5.828241e-09
2.34420927e-06	5.463231e-09
2.34422802e-06	5.554922e-09
2.34424678e-06	5.797724e-09
2.34426553e-06	6.168632e-09
2.34428429e-06	4.539005e-09
2.34430304e-06	4.363307e-09
2.34432179e-06	3.387212e-09
2.34434055e-06	4.350029e-09
2.34435930e-06	5.538577e-09
2.34437806e-06	5.352273e-09
2.34439681e-06	4.670084e-09
2.34441557e-06	4.405700e-09
2.34443432e-06	4.114535e-09
2.34445308e-06	1.615873e-09
2.34447183e-06	2.029888e-09
2.34449059e-06	3.628269e-09
2.34450935e-06	2.663611e-09
2.34452810e-06	3.697098e-09
2.34454686e-06	4.444851e-09
2.34456562e-06	3.778044e-09
2.34458437e-06	4.082993e-09
2.34460313e-06	5.241073e-09
2.34462189e-06	5.506156e-09
2.34464064e-06	4.817768e-09
2.34465940e-06	4.173142e-09
2.34467816e-06	2.747414e-09
2.34469691e-06	6.845981e-10
2.34471567e-06	6.776187e-10
2.34473443e-06	2.640271e-09
2.34475319e-06	3.439303e-09
2.34477195e-06	2.272653e-09
2.34479070e-06	7.810571e-10
2.34480946e-06	1.202119e-09
2.34482822e-06	2.626377e-09
2.34484698e-06	4.965113e-09
2.34486574e-06	4.910885e-09
2.34488450e-06	3.129205e-09
2.34490326e-06	3.419884e-09
2.34492202e-06	3.611666e-09
2.34494077e-06	4.057922e-09
2.34495953e-06	2.249779e-09
2.34497829e-06	3.722920e-09
2.34499705e-06	4.356876e-09
2.34501581e-06	2.659065e-09
2.34503457e-06	6.305557e-10
2.34505333e-06	7.590081e-10
2.34507209e-06	2.911582e-09
2.34509086e-06	2.403792e-09
2.34510962e-06	4.341764e-09
2.34512838e-06	5.775489e-09
2.34514714e-06	6.127870e-09
2.34516590e-06	5.549430e-09
2.34518466e-06	4.814291e-09
2.34520342e-06	4.593003e-09
2.34522218e-06	3.054136e-09
2.34524094e-06	1.893968e-09
2.34525971e-06	3.480294e-09
2.34527847e-06	3.234613e-09
2.34529723e-06	6.191977e-10
2.34531599e-06	7.586350e-10
2.34533476e-06	3.608184e-09
2.34535352e-06	4.103569e-09
2.34537228e-06	2.879787e-09
2.34539104e-06	2.410314e-09
2.34540981e-06	7.908133e-10
2.34542857e-06	8.008446e-10
2.34544733e-06	1.600986e-09
2.34546610e-06	2.540472e-09
2.34548486e-06	1.476831e-09
2.34550363e-06	2.307882e-09
2.34552239e-06	4.838937e-09
2.34554115e-06	5.106144e-09
2.34555992e-06	3.911990e-09
2.34557868e-06	5.020680e-09
2.34559745e-06	5.276255e-09
2.34561621e-06	1.662002e-09
2.34563498e-06	2.157084e-09
2.34565374e-06	5.012424e-09
2.34567251e-06	6.427115e-09
2.34569127e-06	5.693740e-09
2.34571004e-06	5.010397e-09
2.34572880e-06	6.233265e-09
2.34574757e-06	4.963704e-09
2.34576634e-06	4.939930e-09
2.34578510e-06	6.962040e-09
2.34580387e-06	7.338159e-09
2.34582263e-06	6.362620e-09
2.34584140e-06	4.040776e-09
2.34586017e-06	4.667095e-09
2.34587894e-06	6.762002e-09
2.34589770e-06	6.799197e-09
2.34591647e-06	6.897488e-09
2.34593524e-06	6.667346e-09
2.34595400e-06	6.135964e-09
2.34597277e-06	4.559179e-09
2.34599154e-06	3.684860e-09
2.34601031e-06	6.354031e-09
2.34602908e-06	7.150030e-09
2.34604784e-06	5.295626e-09
2.34606661e-06	4.590121e-09
2.34608538e-06	5.596618e-09
2.34610415e-06	4.990181e-09
2.34612292e-06	4.881885e-09
2.34614169e-06	5.967721e-09
2.34616046e-06	5.115335e-09
2.34617923e-06	3.472860e-09
2.34619800e-06	5.644082e-09
2.34621676e-06	6.547770e-09
2.34623553e-06	6.184361e-09
2.34625430e-06	5.865969e-09
2.34627307e-06	6.146578e-09
2.34629184e-06	6.378903e-09
2.34631061e-06	4.785913e-09
2.34632938e-06	4.600795e-09
2.34634816e-06	4.216703e-09
2.34636693e-06	4.390230e-09
2.34638570e-06	4.924623e-09
2.34640447e-06	4.487941e-09
2.34642324e-06	3.556631e-09
2.34644201e-06	1.036294e-09
2.34646078e-06	6.594424e-10
2.34647955e-06	2.315050e-09
2.34649833e-06	4.109941e-09
2.34651710e-06	5.083860e-09
2.34653587e-06	4.775277e-09
2.34655464e-06	5.710851e-09
2.34657341e-06	6.334867e-09
2.34659219e-06	5.725509e-09
2.34661096e-06	5.096661e-09
2.34662973e-06	5.255452e-09
2.34664851e-06	4.622528e-09
2.34666728e-06	4.753561e-09
2.34668605e-06	5.882625e-09
2.34670483e-06	6.246888e-09
2.34672360e-06	5.689077e-09
2.34674237e-06	5.331345e-09
2.34676115e-06	4.375884e-09
2.34677992e-06	2.829219e-09
2.34679870e-06	7.766049e-10
2.34681747e-06	7.694090e-10
2.34683625e-06	3.126374e-09
2.34685502e-06	4.307338e-09
2.34687379e-06	4.236218e-09
2.34689257e-06	2.104996e-09
2.34691134e-06	1.347339e-09
2.34693012e-06	2.291284e-09
2.34694889e-06	3.920305e-09
2.34696767e-06	4.923714e-09
2.34698645e-06	5.878854e-09
2.34700522e-06	5.670397e-09
2.34702400e-06	5.602175e-09
2.34704277e-06	6.147959e-09
2.34706155e-06	6.184188e-09
2.34708033e-06	6.528681e-09
2.34709910e-06	7.008980e-09
2.34711788e-06	6.633155e-09
2.34713666e-06	5.986285e-09
2.34715543e-06	4.088574e-09
2.34717421e-06	3.072747e-09
2.34719299e-06	1.530534e-09
2.34721177e-06	4.113147e-09
2.34723054e-06	4.542377e-09
2.34724932e-06	4.594615e-09
2.34726810e-06	4.944241e-09
2.34728688e-06	4.009647e-09
2.34730566e-06	3.878310e-09
2.34732444e-06	1.828079e-09
2.34734321e-06	4.942838e-09
2.34736199e-06	5.995744e-09
2.34738077e-06	5.885327e-09
2.34739955e-06	4.297248e-09
2.34741833e-06	2.465719e-09
2.34743711e-06	3.245556e-09
2.34745589e-06	5.295591e-09
2.34747467e-06	5.551883e-09
2.34749345e-06	3.597186e-09
2.34751223e-06	1.147491e-09
2.34753101e-06	2.656171e-09
2.34754979e-06	2.197163e-09
2.34756857e-06	2.686250e-09
2.34758735e-06	3.946384e-09
2.34760613e-06	5.389639e-09
2.34762491e-06	5.815535e-09
2.34764369e-06	4.007599e-09
2.34766247e-06	1.622980e-09
2.34768125e-06	3.216672e-09
2.34770004e-06	3.722540e-09
2.34771882e-06	3.390575e-09
2.34773760e-06	3.217666e-09
2.34775638e-06	4.111617e-09
2.34777516e-06	3.157306e-09
2.34779395e-06	4.297739e-09
2.34781273e-06	4.860507e-09
2.34783151e-06	5.247040e-09
2.34785029e-06	6.772433e-09
2.34786908e-06	6.090296e-09
2.34788786e-06	5.860168e-09
2.34790664e-06	6.900694e-09
2.34792542e-06	6.951734e-09
2.34794421e-06	6.416638e-09
2.34796299e-06	5.765898e-09
2.34798178e-06	6.251013e-09
2.34800056e-06	6.464922e-09
2.34801934e-06	5.299453e-09
2.34803813e-06	6.182133e-09
2.34805691e-06	6.272924e-09
2.34807570e-06	5.804512e-09
2.34809448e-06	5.141090e-09
2.34811327e-06	4.190971e-09
2.34813205e-06	3.531925e-09
2.34815084e-06	3.726430e-09
2.34816962e-06	5.021181e-09
2.34818841e-06	4.708687e-09
2.34820719e-06	3.517565e-09
2.34822598e-06	9.244575e-10
2.34824476e-06	7.840961e-10
2.34826355e-06	2.249549e-09
2.34828234e-06	4.062016e-09
2.34830112e-06	5.039321e-09
2.34831991e-06	5.773165e-09
2.34833869e-06	5.293762e-09
2.34835748e-06	5.562599e-09
2.34837627e-06	5.310242e-09
2.34839506e-06	5.986620e-09
2.34841384e-06	5.276663e-09
2.34843263e-06	4.799232e-09
2.34845142e-06	4.759996e-09
2.34847021e-06	6.144602e-09
2.34848899e-06	5.872924e-09
2.34850778e-06	5.825380e-09
2.34852657e-06	4.285106e-09
2.34854536e-06	4.194775e-09
2.34856415e-06	5.143777e-09
2.34858293e-06	5.405243e-09
2.34860172e-06	5.234832e-09
2.34862051e-06	6.666058e-09
2.34863930e-06	6.491742e-09
2.34865809e-06	5.205952e-09
2.34867688e-06	2.229570e-09
2.34869567e-06	2.511192e-09
2.34871446e-06	4.528724e-09
2.34873325e-06	4.445432e-09
2.34875204e-06	6.343669e-09
2.34877083e-06	6.815298e-09
2.34878962e-06	5.563566e-09
2.34880841e-06	4.638941e-09
2.34882720e-06	4.080265e-09
2.34884599e-06	4.193455e-09
2.34886478e-06	5.828225e-09
2.34888357e-06	5.657700e-09
2.34890236e-06	6.119321e-09
2.34892115e-06	6.851939e-09
2.34893994e-06	6.592533e-09
2.34895873e-06	3.772149e-09
2.34897753e-06	4.956993e-09
2.34899632e-06	4.134396e-09
2.34901511e-06	3.420473e-09
2.34903390e-06	5.882026e-09
2.34905269e-06	6.145551e-09
2.34907149e-06	6.152952e-09
2.34909028e-06	5.544403e-09
2.34910907e-06	4.797285e-09
2.34912787e-06	5.592281e-09
2.34914666e-06	5.324472e-09
2.34916545e-06	4.311268e-09
2.34918425e-06	5.007853e-09
2.34920304e-06	4.041115e-09
2.34922183e-06	4.577220e-09
2.34924063e-06	4.264083e-09
2.34925942e-06	5.668178e-09
2.34927821e-06	6.086329e-09
2.34929701e-06	3.154653e-09
2.34931580e-06	3.788424e-09
2.34933460e-06	4.269835e-09
2.34935339e-06	2.857122e-09
2.34937219e-06	1.841757e-09
2.34939098e-06	3.542158e-09
2.34940978e-06	3.999218e-09
2.34942857e-06	1.542902e-09
2.34944737e-06	3.938482e-09
2.34946616e-06	4.497923e-09
2.34948496e-06	2.584733e-09
2.34950375e-06	6.101611e-10
2.34952255e-06	2.210398e-09
2.34954135e-06	4.841683e-09
2.34956014e-06	5.456731e-09
2.34957894e-06	4.671889e-09
2.34959774e-06	5.591079e-09
2.34961653e-06	3.815480e-09
2.34963533e-06	3.021249e-09
2.34965413e-06	3.923580e-09
2.34967292e-06	2.694992e-09
2.34969172e-06	2.100799e-09
2.34971052e-06	7.979116e-10
2.34972932e-06	1.003636e-09
2.34974812e-06	2.631582e-09
2.34976691e-06	8.594183e-10
2.34978571e-06	3.031757e-09
2.34980451e-06	3.683942e-09
2.34982331e-06	2.732198e-09
2.34984211e-06	8.624773e-10
2.34986090e-06	2.287508e-09
2.34987970e-06	3.383985e-09
2.34989850e-06	4.057285e-09
2.34991730e-06	5.804158e-09
2.34993610e-06	5.686930e-09
2.34995490e-06	6.098882e-09
2.34997370e-06	4.858513e-09
