2.30001633e-06	9.967647e-09
2.30003473e-06	9.563203e-09
2.30005313e-06	1.002465e-08
2.30007153e-06	9.901880e-09
2.30008993e-06	9.705091e-09
2.30010833e-06	1.004230e-08
2.30012673e-06	1.014612e-08
2.30014513e-06	1.025603e-08
2.30016353e-06	1.022149e-08
2.30018194e-06	1.024671e-08
2.30020034e-06	1.028098e-08
2.30021874e-06	1.034176e-08
2.30023714e-06	1.020176e-08
2.30025554e-06	1.010247e-08
2.30027395e-06	1.019859e-08
2.30029235e-06	1.009307e-08
2.30031075e-06	1.013144e-08
2.30032915e-06	1.011522e-08
2.30034756e-06	1.017365e-08
2.30036596e-06	1.003135e-08
2.30038436e-06	9.997377e-09
2.30040276e-06	1.009501e-08
2.30042117e-06	1.001069e-08
2.30043957e-06	1.004525e-08
2.30045797e-06	9.983683e-09
2.30047638e-06	9.827482e-09
2.30049478e-06	9.997742e-09
2.30051319e-06	9.493598e-09
2.30053159e-06	1.012848e-08
2.30054999e-06	1.104256e-08
2.30056840e-06	9.383068e-09
2.30058680e-06	9.616273e-09
2.30060521e-06	9.664372e-09
2.30062361e-06	9.635148e-09
2.30064202e-06	9.833986e-09
2.30066042e-06	9.850994e-09
2.30067883e-06	9.914025e-09
2.30069723e-06	9.871073e-09
2.30071564e-06	9.672496e-09
2.30073404e-06	9.657320e-09
2.30075245e-06	9.560128e-09
2.30077086e-06	9.798983e-09
2.30078926e-06	9.893818e-09
2.30080767e-06	1.006569e-08
2.30082608e-06	1.008460e-08
2.30084448e-06	1.015588e-08
2.30086289e-06	1.016218e-08
2.30088129e-06	1.013677e-08
2.30089970e-06	1.013278e-08
2.30091811e-06	1.006047e-08
2.30093652e-06	1.006032e-08
2.30095492e-06	1.012841e-08
2.30097333e-06	9.897951e-09
2.30099174e-06	9.715040e-09
2.30101015e-06	9.693387e-09
2.30102856e-06	9.884247e-09
2.30104696e-06	9.990941e-09
2.30106537e-06	9.945731e-09
2.30108378e-06	9.628524e-09
2.30110219e-06	9.611870e-09
2.30112060e-06	9.764009e-09
2.30113901e-06	9.957825e-09
2.30115742e-06	1.001315e-08
2.30117583e-06	1.003729e-08
2.30119423e-06	9.886113e-09
2.30121265e-06	9.763334e-09
2.30123105e-06	9.841973e-09
2.30124946e-06	9.787582e-09
2.30126787e-06	9.683760e-09
2.30128628e-06	9.965145e-09
2.30130469e-06	1.058410e-08
2.30132310e-06	1.097335e-08
2.30134152e-06	9.634946e-09
2.30135993e-06	9.655599e-09
2.30137834e-06	9.689482e-09
2.30139675e-06	9.644941e-09
2.30141516e-06	9.562535e-09
2.30143357e-06	9.780734e-09
2.30145198e-06	9.866692e-09
2.30147039e-06	9.757318e-09
2.30148881e-06	9.519690e-09
2.30150722e-06	9.566872e-09
2.30152563e-06	9.753004e-09
2.30154404e-06	1.001233e-08
2.30156245e-06	1.008722e-08
2.30158087e-06	1.014989e-08
2.30159928e-06	1.025790e-08
2.30161769e-06	1.019981e-08
2.30163611e-06	9.991391e-09
2.30165452e-06	9.911137e-09
2.30167293e-06	9.891258e-09
2.30169135e-06	1.001978e-08
2.30170976e-06	1.013789e-08
2.30172817e-06	1.026760e-08
2.30174659e-06	1.022782e-08
2.30176500e-06	9.951742e-09
2.30178341e-06	1.011550e-08
2.30180183e-06	1.006494e-08
2.30182024e-06	9.958551e-09
2.30183866e-06	1.014863e-08
2.30185707e-06	1.003591e-08
2.30187549e-06	1.004163e-08
2.30189390e-06	1.013949e-08
2.30191232e-06	1.025260e-08
2.30193073e-06	1.024726e-08
2.30194915e-06	1.020133e-08
2.30196756e-06	1.021901e-08
2.30198598e-06	1.016528e-08
2.30200440e-06	1.006190e-08
2.30202281e-06	9.866004e-09
2.30204123e-06	9.866765e-09
2.30205964e-06	9.883419e-09
2.30207806e-06	9.694470e-09
2.30209648e-06	9.514687e-09
2.30211489e-06	1.050662e-08
2.30213331e-06	1.097926e-08
2.30215173e-06	9.325944e-09
2.30217014e-06	9.658684e-09
2.30218856e-06	9.829555e-09
2.30220698e-06	9.995126e-09
2.30222540e-06	1.005679e-08
2.30224381e-06	1.012230e-08
2.30226223e-06	9.989591e-09
2.30228065e-06	9.829858e-09
2.30229907e-06	1.011666e-08
2.30231749e-06	1.012722e-08
2.30233591e-06	1.012344e-08
2.30235433e-06	1.021897e-08
2.30237274e-06	1.030368e-08
2.30239116e-06	1.036570e-08
2.30240958e-06	1.027787e-08
2.30242800e-06	1.022840e-08
2.30244642e-06	1.028633e-08
2.30246484e-06	1.022661e-08
2.30248326e-06	1.023269e-08
2.30250168e-06	1.028424e-08
2.30252010e-06	1.028996e-08
2.30253852e-06	1.015825e-08
2.30255694e-06	1.023528e-08
2.30257536e-06	1.018218e-08
2.30259378e-06	1.022147e-08
2.30261220e-06	1.013391e-08
2.30263062e-06	1.021987e-08
2.30264904e-06	1.015105e-08
2.30266747e-06	1.010363e-08
2.30268589e-06	1.015555e-08
2.30270431e-06	1.018750e-08
2.30272273e-06	1.006622e-08
2.30274115e-06	9.813160e-09
2.30275957e-06	9.624632e-09
2.30277800e-06	9.575278e-09
2.30279642e-06	9.626562e-09
2.30281484e-06	9.670392e-09
2.30283326e-06	1.000480e-08
2.30285168e-06	1.003898e-08
2.30287011e-06	1.000179e-08
2.30288853e-06	9.980750e-09
2.30290695e-06	9.913635e-09
2.30292538e-06	9.743204e-09
2.30294380e-06	9.553692e-09
2.30296222e-06	9.592127e-09
2.30298065e-06	1.117028e-08
2.30299907e-06	9.934782e-09
2.30301750e-06	9.601872e-09
2.30303592e-06	9.768444e-09
2.30305434e-06	9.912389e-09
2.30307277e-06	9.976094e-09
2.30309119e-06	1.001503e-08
2.30310962e-06	9.987974e-09
2.30312804e-06	9.848880e-09
2.30314647e-06	1.008687e-08
2.30316489e-06	1.020488e-08
2.30318332e-06	1.003187e-08
2.30320174e-06	9.584313e-09
2.30322017e-06	9.621536e-09
2.30323860e-06	1.009356e-08
2.30325702e-06	1.024768e-08
2.30327545e-06	1.020585e-08
2.30329387e-06	9.993807e-09
2.30331230e-06	9.669074e-09
2.30333073e-06	9.681871e-09
2.30334915e-06	9.810476e-09
2.30336758e-06	1.001629e-08
2.30338601e-06	1.017715e-08
2.30340443e-06	1.023953e-08
2.30342286e-06	1.034772e-08
2.30344129e-06	1.037192e-08
2.30345972e-06	1.026297e-08
2.30347814e-06	1.033802e-08
2.30349657e-06	1.037187e-08
2.30351500e-06	1.033604e-08
2.30353343e-06	1.016385e-08
2.30355186e-06	1.011023e-08
2.30357028e-06	1.002610e-08
2.30358871e-06	9.777945e-09
2.30360714e-06	9.862495e-09
2.30362557e-06	1.002557e-08
2.30364400e-06	1.003260e-08
2.30366243e-06	1.016091e-08
2.30368086e-06	1.010379e-08
2.30369929e-06	1.011271e-08
2.30371772e-06	9.988939e-09
2.30373615e-06	9.840963e-09
2.30375458e-06	9.804461e-09
2.30377301e-06	9.735675e-09
2.30379144e-06	9.825264e-09
2.30380987e-06	9.794465e-09
2.30382830e-06	9.714353e-09
2.30384673e-06	9.416943e-09
2.30386516e-06	1.097630e-08
2.30388359e-06	1.044794e-08
2.30390202e-06	9.765800e-09
2.30392045e-06	9.697844e-09
2.30393888e-06	9.840745e-09
2.30395731e-06	9.926962e-09
2.30397575e-06	1.002491e-08
2.30399418e-06	1.001144e-08
2.30401261e-06	1.005216e-08
2.30403104e-06	1.018788e-08
2.30404947e-06	1.015356e-08
2.30406791e-06	1.005401e-08
2.30408634e-06	1.005920e-08
2.30410477e-06	1.006734e-08
2.30412321e-06	1.018797e-08
2.30414164e-06	1.020445e-08
2.30416007e-06	1.009090e-08
2.30417850e-06	1.010592e-08
2.30419694e-06	1.018459e-08
2.30421537e-06	9.902975e-09
2.30423381e-06	9.950157e-09
2.30425224e-06	1.021758e-08
2.30427067e-06	1.011570e-08
2.30428911e-06	1.008229e-08
2.30430754e-06	1.012174e-08
2.30432598e-06	1.000943e-08
2.30434441e-06	1.023314e-08
2.30436285e-06	1.040269e-08
2.30438128e-06	1.048402e-08
2.30439971e-06	1.035890e-08
2.30441815e-06	1.043288e-08
2.30443659e-06	1.038337e-08
2.30445502e-06	1.012890e-08
2.30447346e-06	1.002713e-08
2.30449189e-06	9.919605e-09
2.30451033e-06	1.018443e-08
2.30452877e-06	1.017904e-08
2.30454720e-06	1.023978e-08
2.30456564e-06	1.023599e-08
2.30458407e-06	1.030098e-08
2.30460251e-06	1.027334e-08
2.30462095e-06	1.010281e-08
2.30463938e-06	1.000061e-08
2.30465782e-06	1.010816e-08
2.30467626e-06	1.010827e-08
2.30469470e-06	1.000029e-08
2.30471313e-06	9.812754e-09
2.30473157e-06	9.648131e-09
2.30475001e-06	9.649540e-09
2.30476845e-06	9.494658e-09
2.30478688e-06	9.665797e-09
2.30480532e-06	1.117457e-08
2.30482376e-06	9.412892e-09
2.30484220e-06	9.522825e-09
2.30486064e-06	9.742394e-09
2.30487908e-06	9.805780e-09
2.30489752e-06	9.831702e-09
2.30491596e-06	9.801729e-09
2.30493440e-06	9.602179e-09
2.30495284e-06	9.638449e-09
2.30497128e-06	9.533275e-09
2.30498972e-06	9.573604e-09
2.30500815e-06	9.892794e-09
2.30502660e-06	1.000666e-08
2.30504504e-06	9.847028e-09
2.30506347e-06	9.962134e-09
2.30508192e-06	1.005168e-08
2.30510036e-06	1.005364e-08
2.30511880e-06	1.004862e-08
2.30513724e-06	1.016270e-08
2.30515568e-06	1.018259e-08
2.30517412e-06	1.016617e-08
2.30519256e-06	1.022003e-08
2.30521100e-06	1.004360e-08
2.30522944e-06	1.010356e-08
2.30524789e-06	1.003973e-08
2.30526633e-06	1.010210e-08
2.30528477e-06	1.016561e-08
2.30530321e-06	1.012233e-08
2.30532166e-06	9.812001e-09
2.30534010e-06	9.906060e-09
2.30535854e-06	1.009671e-08
2.30537698e-06	9.958465e-09
2.30539543e-06	9.705179e-09
2.30541387e-06	9.638386e-09
2.30543231e-06	9.602281e-09
2.30545076e-06	9.817442e-09
2.30546920e-06	9.777089e-09
2.30548764e-06	9.701913e-09
2.30550609e-06	9.777969e-09
2.30552453e-06	1.004914e-08
2.30554298e-06	1.010426e-08
2.30556142e-06	1.007662e-08
2.30557987e-06	1.005573e-08
2.30559831e-06	9.938698e-09
2.30561675e-06	9.722564e-09
2.30563520e-06	9.536470e-09
2.30565365e-06	9.694281e-09
2.30567209e-06	9.561104e-09
2.30569054e-06	9.659693e-09
2.30570898e-06	9.732526e-09
2.30572743e-06	9.703756e-09
2.30574587e-06	9.445233e-09
2.30576432e-06	1.048139e-08
2.30578276e-06	1.101701e-08
2.30580121e-06	9.299152e-09
2.30581966e-06	9.565349e-09
2.30583810e-06	9.760316e-09
2.30585655e-06	9.828390e-09
2.30587500e-06	9.909460e-09
2.30589344e-06	9.657089e-09
2.30591189e-06	9.825025e-09
2.30593034e-06	9.998790e-09
2.30594879e-06	9.968998e-09
2.30596723e-06	9.965853e-09
2.30598568e-06	9.886184e-09
2.30600413e-06	1.009300e-08
2.30602258e-06	1.028641e-08
2.30604102e-06	1.032611e-08
2.30605947e-06	1.034968e-08
2.30607792e-06	1.030782e-08
2.30609637e-06	1.025766e-08
2.30611482e-06	1.016904e-08
2.30613327e-06	9.966217e-09
2.30615172e-06	9.943236e-09
2.30617017e-06	1.018441e-08
2.30618862e-06	1.012287e-08
2.30620707e-06	9.971449e-09
2.30622551e-06	1.007224e-08
2.30624396e-06	1.025241e-08
2.30626241e-06	1.024095e-08
2.30628087e-06	1.017808e-08
2.30629932e-06	1.024414e-08
2.30631777e-06	1.038088e-08
2.30633622e-06	1.019253e-08
2.30635467e-06	9.923661e-09
2.30637312e-06	1.010114e-08
2.30639157e-06	1.007150e-08
2.30641002e-06	1.006917e-08
2.30642847e-06	1.011559e-08
2.30644692e-06	9.766598e-09
2.30646537e-06	9.774822e-09
2.30648383e-06	9.922115e-09
2.30650228e-06	9.684820e-09
2.30652073e-06	9.578637e-09
2.30653918e-06	9.873194e-09
2.30655763e-06	9.946340e-09
2.30657609e-06	9.922059e-09
2.30659454e-06	9.870557e-09
2.30661299e-06	9.935591e-09
2.30663144e-06	9.656832e-09
2.30664990e-06	9.573602e-09
2.30666835e-06	9.675884e-09
2.30668681e-06	9.644515e-09
2.30670526e-06	9.797041e-09
2.30672371e-06	9.759081e-09
2.30674217e-06	9.563858e-09
2.30676062e-06	9.396248e-09
2.30677907e-06	1.079709e-08
2.30679753e-06	1.084143e-08
2.30681598e-06	9.303270e-09
2.30683444e-06	9.646158e-09
2.30685289e-06	9.753695e-09
2.30687135e-06	9.879126e-09
2.30688980e-06	9.861550e-09
2.30690826e-06	9.791868e-09
2.30692671e-06	9.967872e-09
2.30694517e-06	1.007812e-08
2.30696362e-06	1.010840e-08
2.30698208e-06	1.008274e-08
2.30700053e-06	1.008490e-08
2.30701899e-06	1.028742e-08
2.30703745e-06	1.019853e-08
2.30705590e-06	1.008484e-08
2.30707436e-06	1.026362e-08
2.30709282e-06	1.025630e-08
2.30711127e-06	1.029279e-08
2.30712973e-06	1.028971e-08
2.30714819e-06	1.034498e-08
2.30716664e-06	1.025482e-08
2.30718510e-06	1.031696e-08
2.30720356e-06	1.037662e-08
2.30722202e-06	1.025785e-08
2.30724047e-06	1.014672e-08
2.30725893e-06	1.011709e-08
2.30727739e-06	1.016367e-08
2.30729585e-06	9.939081e-09
2.30731431e-06	9.849443e-09
2.30733277e-06	1.011003e-08
2.30735122e-06	1.024407e-08
2.30736968e-06	1.010925e-08
2.30738814e-06	9.853096e-09
2.30740660e-06	1.004479e-08
2.30742506e-06	1.021548e-08
2.30744352e-06	1.025253e-08
2.30746198e-06	1.024436e-08
2.30748044e-06	1.018809e-08
2.30749890e-06	1.009581e-08
2.30751736e-06	9.938727e-09
2.30753582e-06	9.998401e-09
2.30755428e-06	1.001629e-08
2.30757274e-06	9.903312e-09
2.30759120e-06	9.788297e-09
2.30760966e-06	9.697622e-09
2.30762812e-06	9.639993e-09
2.30764658e-06	9.882529e-09
2.30766504e-06	9.580247e-09
2.30768351e-06	9.651831e-09
2.30770197e-06	9.764207e-09
2.30772043e-06	9.857142e-09
2.30773889e-06	9.858308e-09
2.30775735e-06	9.827526e-09
2.30777581e-06	9.723879e-09
2.30779428e-06	9.638229e-09
2.30781274e-06	9.452817e-09
2.30783120e-06	1.071755e-08
2.30784966e-06	1.087833e-08
2.30786813e-06	9.257432e-09
2.30788659e-06	9.568123e-09
2.30790505e-06	9.710483e-09
2.30792352e-06	9.806700e-09
2.30794198e-06	9.960732e-09
2.30796044e-06	1.003928e-08
2.30797891e-06	1.011595e-08
2.30799737e-06	1.009312e-08
2.30801583e-06	1.004783e-08
2.30803430e-06	9.735803e-09
2.30805276e-06	9.525334e-09
2.30807123e-06	9.704838e-09
2.30808969e-06	1.006496e-08
2.30810816e-06	1.021714e-08
2.30812662e-06	1.019935e-08
2.30814509e-06	1.030346e-08
2.30816355e-06	1.037188e-08
2.30818202e-06	1.023735e-08
2.30820048e-06	9.979389e-09
2.30821895e-06	9.981969e-09
2.30823741e-06	1.022796e-08
2.30825588e-06	1.028264e-08
2.30827434e-06	1.008167e-08
2.30829281e-06	1.003420e-08
2.30831128e-06	1.019847e-08
2.30832974e-06	1.019179e-08
2.30834821e-06	1.010312e-08
2.30836668e-06	1.006073e-08
2.30838514e-06	1.017534e-08
2.30840361e-06	1.031920e-08
2.30842208e-06	1.032997e-08
2.30844055e-06	1.033033e-08
2.30845901e-06	1.023028e-08
2.30847748e-06	1.002112e-08
2.30849595e-06	9.893710e-09
2.30851442e-06	9.823129e-09
2.30853288e-06	9.985453e-09
2.30855135e-06	1.011530e-08
2.30856982e-06	1.020784e-08
2.30858829e-06	1.026913e-08
2.30860676e-06	1.031211e-08
2.30862523e-06	1.028064e-08
2.30864370e-06	1.020918e-08
2.30866217e-06	1.023182e-08
2.30868063e-06	1.031044e-08
2.30869911e-06	1.026291e-08
2.30871757e-06	1.014325e-08
2.30873604e-06	1.005660e-08
2.30875451e-06	1.009393e-08
2.30877298e-06	1.016362e-08
2.30879145e-06	1.009901e-08
2.30880992e-06	9.973641e-09
2.30882840e-06	9.924510e-09
2.30884687e-06	9.914979e-09
2.30886534e-06	9.787425e-09
2.30888381e-06	9.628205e-09
2.30890228e-06	9.420968e-09
2.30892075e-06	1.029344e-08
2.30893922e-06	1.108082e-08
2.30895769e-06	9.355477e-09
2.30897616e-06	9.557102e-09
2.30899464e-06	9.613799e-09
2.30901311e-06	9.718579e-09
2.30903158e-06	9.879874e-09
2.30905005e-06	9.966420e-09
2.30906852e-06	9.825679e-09
2.30908700e-06	9.726010e-09
2.30910547e-06	9.798155e-09
2.30912394e-06	9.706276e-09
2.30914242e-06	9.958272e-09
2.30916089e-06	9.971981e-09
2.30917936e-06	9.916836e-09
2.30919784e-06	9.585538e-09
2.30921631e-06	9.623761e-09
2.30923478e-06	9.928958e-09
2.30925326e-06	1.004139e-08
2.30927173e-06	1.022169e-08
2.30929021e-06	1.024302e-08
2.30930868e-06	1.029414e-08
2.30932715e-06	1.023068e-08
2.30934563e-06	1.000406e-08
2.30936410e-06	9.683354e-09
2.30938258e-06	9.814911e-09
2.30940105e-06	1.010495e-08
2.30941953e-06	1.019625e-08
2.30943800e-06	1.012734e-08
2.30945648e-06	1.004477e-08
2.30947495e-06	9.986798e-09
2.30949343e-06	9.998091e-09
2.30951191e-06	9.943977e-09
2.30953038e-06	9.860023e-09
2.30954886e-06	9.962283e-09
2.30956733e-06	1.005881e-08
2.30958581e-06	1.013503e-08
2.30960429e-06	1.001653e-08
2.30962277e-06	9.928625e-09
2.30964124e-06	9.711613e-09
2.30965972e-06	9.491581e-09
2.30967820e-06	9.767648e-09
2.30969667e-06	9.537680e-09
2.30971515e-06	9.720516e-09
2.30973363e-06	9.819144e-09
2.30975211e-06	9.699737e-09
2.30977059e-06	9.633940e-09
2.30978906e-06	9.565780e-09
2.30980754e-06	9.466230e-09
2.30982602e-06	9.534349e-09
2.30984450e-06	9.544647e-09
2.30986298e-06	9.819609e-09
2.30988146e-06	9.989213e-09
2.30989994e-06	9.965654e-09
2.30991842e-06	9.909930e-09
2.30993689e-06	9.619043e-09
2.30995537e-06	9.745622e-09
2.30997385e-06	9.847964e-09
2.30999233e-06	9.804202e-09
2.31001081e-06	9.701556e-09
2.31002929e-06	9.440136e-09
2.31004777e-06	9.422366e-09
2.31006625e-06	1.117995e-08
2.31008473e-06	9.661756e-09
2.31010321e-06	9.437368e-09
2.31012170e-06	9.591664e-09
2.31014018e-06	9.401410e-09
2.31015866e-06	9.604571e-09
2.31017714e-06	9.936915e-09
2.31019562e-06	9.969342e-09
2.31021410e-06	9.761134e-09
2.31023258e-06	9.895211e-09
2.31025107e-06	1.013164e-08
2.31026955e-06	1.020575e-08
2.31028803e-06	1.025471e-08
2.31030651e-06	1.020619e-08
2.31032499e-06	9.983607e-09
2.31034348e-06	9.988943e-09
2.31036196e-06	1.011145e-08
2.31038044e-06	9.938253e-09
2.31039893e-06	9.861696e-09
2.31041741e-06	9.970559e-09
2.31043589e-06	1.005173e-08
2.31045438e-06	9.826894e-09
2.31047286e-06	9.778672e-09
2.31049134e-06	9.938845e-09
2.31050983e-06	9.874416e-09
2.31052831e-06	1.007327e-08
2.31054680e-06	1.015037e-08
2.31056528e-06	1.008650e-08
2.31058377e-06	9.980528e-09
2.31060225e-06	1.017512e-08
2.31062073e-06	1.037249e-08
2.31063922e-06	1.034480e-08
2.31065770e-06	1.029331e-08
2.31067619e-06	1.028734e-08
2.31069467e-06	1.001290e-08
2.31071316e-06	1.009935e-08
2.31073165e-06	9.934993e-09
2.31075013e-06	9.931611e-09
2.31076862e-06	9.817334e-09
2.31078710e-06	9.961819e-09
2.31080559e-06	9.990940e-09
2.31082408e-06	1.007208e-08
2.31084256e-06	1.015096e-08
2.31086105e-06	1.005691e-08
2.31087954e-06	1.010623e-08
2.31089802e-06	9.939812e-09
2.31091651e-06	9.695829e-09
2.31093500e-06	9.757860e-09
2.31095349e-06	9.878696e-09
2.31097197e-06	9.766535e-09
2.31099046e-06	9.724164e-09
2.31100895e-06	9.658404e-09
2.31102744e-06	9.571436e-09
2.31104593e-06	1.002121e-08
2.31106441e-06	1.004283e-08
2.31108290e-06	1.002603e-08
2.31110139e-06	1.004896e-08
2.31111988e-06	9.936508e-09
2.31113837e-06	9.807281e-09
2.31115686e-06	9.651561e-09
2.31117535e-06	9.505407e-09
2.31119384e-06	9.769249e-09
2.31121233e-06	9.541440e-09
2.31123082e-06	1.069985e-08
2.31124931e-06	1.084707e-08
2.31126780e-06	9.291657e-09
2.31128629e-06	9.529576e-09
2.31130478e-06	9.736334e-09
2.31132327e-06	9.755129e-09
2.31134176e-06	9.792338e-09
2.31136025e-06	9.898435e-09
2.31137874e-06	9.979767e-09
2.31139723e-06	1.003452e-08
2.31141572e-06	9.902390e-09
2.31143421e-06	9.809654e-09
2.31145270e-06	9.972807e-09
2.31147120e-06	9.861530e-09
2.31148969e-06	9.934761e-09
2.31150818e-06	9.941329e-09
2.31152667e-06	9.845905e-09
2.31154516e-06	9.644545e-09
2.31156366e-06	9.620730e-09
2.31158215e-06	9.530436e-09
2.31160064e-06	9.749245e-09
2.31161913e-06	9.530839e-09
2.31163763e-06	9.462648e-09
2.31165612e-06	9.551024e-09
2.31167461e-06	9.498158e-09
2.31169311e-06	9.811161e-09
2.31171160e-06	9.970132e-09
2.31173009e-06	9.862633e-09
2.31174859e-06	9.966825e-09
2.31176708e-06	1.005632e-08
2.31178558e-06	9.846298e-09
2.31180407e-06	1.001176e-08
2.31182257e-06	1.013051e-08
2.31184106e-06	1.001735e-08
2.31185955e-06	1.004964e-08
2.31187805e-06	1.000628e-08
2.31189654e-06	9.414645e-09
2.31191504e-06	9.456367e-09
2.31193353e-06	9.922016e-09
2.31195203e-06	9.827562e-09
2.31197052e-06	1.006540e-08
2.31198902e-06	1.022862e-08
2.31200752e-06	1.008539e-08
2.31202601e-06	1.001675e-08
2.31204451e-06	9.834059e-09
2.31206301e-06	9.899778e-09
2.31208150e-06	1.000221e-08
2.31210000e-06	1.018603e-08
2.31211850e-06	1.002915e-08
2.31213699e-06	9.824598e-09
2.31215549e-06	1.009646e-08
2.31217399e-06	1.002939e-08
2.31219248e-06	9.688805e-09
2.31221098e-06	9.862296e-09
2.31222948e-06	9.886146e-09
2.31224798e-06	9.922311e-09
2.31226648e-06	9.996785e-09
2.31228497e-06	9.817022e-09
2.31230347e-06	9.677791e-09
2.31232197e-06	9.912769e-09
2.31234047e-06	9.809078e-09
2.31235897e-06	9.709097e-09
2.31237747e-06	9.721573e-09
2.31239596e-06	9.695618e-09
2.31241446e-06	9.462046e-09
2.31243296e-06	9.301926e-09
2.31245146e-06	1.114404e-08
2.31246996e-06	9.914136e-09
2.31248846e-06	9.407143e-09
2.31250696e-06	9.599962e-09
2.31252546e-06	9.759974e-09
2.31254396e-06	9.793657e-09
2.31256246e-06	9.898153e-09
2.31258096e-06	9.981276e-09
2.31259946e-06	9.927342e-09
2.31261796e-06	1.009758e-08
2.31263647e-06	1.011438e-08
2.31265497e-06	1.007082e-08
2.31267347e-06	1.018461e-08
2.31269197e-06	1.019396e-08
2.31271047e-06	1.001052e-08
2.31272897e-06	1.001566e-08
2.31274748e-06	1.009751e-08
2.31276598e-06	1.004622e-08
2.31278448e-06	1.021594e-08
2.31280298e-06	1.022249e-08
2.31282148e-06	1.011538e-08
2.31283999e-06	9.832448e-09
2.31285849e-06	9.608239e-09
2.31287699e-06	1.000413e-08
2.31289550e-06	1.006412e-08
2.31291400e-06	9.990241e-09
2.31293250e-06	9.947650e-09
2.31295100e-06	1.008885e-08
2.31296951e-06	1.009004e-08
2.31298801e-06	1.025533e-08
2.31300652e-06	1.003034e-08
2.31302502e-06	1.001386e-08
2.31304352e-06	1.001827e-08
2.31306203e-06	9.853529e-09
2.31308053e-06	9.914899e-09
2.31309904e-06	9.783927e-09
2.31311754e-06	9.472106e-09
2.31313605e-06	9.478467e-09
2.31315455e-06	9.773954e-09
2.31317306e-06	9.738628e-09
2.31319156e-06	9.957736e-09
2.31321007e-06	9.972937e-09
2.31322857e-06	9.716689e-09
2.31324708e-06	9.669985e-09
2.31326559e-06	9.953025e-09
2.31328409e-06	1.005242e-08
2.31330260e-06	1.005405e-08
2.31332111e-06	1.015772e-08
2.31333961e-06	1.028441e-08
2.31335812e-06	1.020687e-08
2.31337662e-06	1.007220e-08
2.31339513e-06	1.003608e-08
2.31341364e-06	1.005414e-08
2.31343215e-06	1.013940e-08
2.31345065e-06	1.014182e-08
2.31346916e-06	1.002935e-08
2.31348767e-06	1.006683e-08
2.31350618e-06	1.015173e-08
2.31352469e-06	1.009964e-08
2.31354319e-06	1.005925e-08
2.31356170e-06	9.905228e-09
2.31358021e-06	9.977135e-09
2.31359872e-06	9.870248e-09
2.31361723e-06	9.837264e-09
2.31363574e-06	9.773154e-09
2.31365425e-06	9.623356e-09
2.31367275e-06	9.443370e-09
2.31369127e-06	9.675748e-09
2.31370977e-06	1.112763e-08
2.31372828e-06	9.341165e-09
2.31374679e-06	9.368078e-09
2.31376530e-06	9.672726e-09
2.31378381e-06	9.723894e-09
2.31380232e-06	9.744094e-09
2.31382083e-06	9.746249e-09
2.31383935e-06	9.805324e-09
2.31385786e-06	9.942478e-09
2.31387637e-06	9.958884e-09
2.31389488e-06	9.924055e-09
2.31391339e-06	9.997779e-09
2.31393190e-06	9.972651e-09
2.31395041e-06	9.734846e-09
2.31396892e-06	9.796819e-09
2.31398744e-06	9.884087e-09
2.31400595e-06	9.780741e-09
2.31402446e-06	9.768773e-09
2.31404297e-06	9.676149e-09
2.31406148e-06	9.687191e-09
2.31408000e-06	9.767509e-09
2.31409851e-06	9.940809e-09
2.31411702e-06	9.857789e-09
2.31413553e-06	1.009045e-08
2.31415405e-06	1.014972e-08
2.31417256e-06	1.018548e-08
2.31419107e-06	1.014997e-08
2.31420959e-06	1.028117e-08
2.31422810e-06	1.018439e-08
2.31424662e-06	9.945775e-09
2.31426513e-06	1.008096e-08
2.31428364e-06	1.020040e-08
2.31430216e-06	1.025703e-08
2.31432067e-06	1.004446e-08
2.31433919e-06	1.004631e-08
2.31435770e-06	1.006702e-08
2.31437622e-06	9.696052e-09
2.31439473e-06	9.578455e-09
2.31441325e-06	1.002189e-08
2.31443176e-06	1.004842e-08
2.31445028e-06	1.013738e-08
2.31446879e-06	9.954079e-09
2.31448731e-06	9.854008e-09
2.31450582e-06	1.004222e-08
2.31452434e-06	1.000468e-08
2.31454286e-06	9.857946e-09
2.31456137e-06	1.002819e-08
2.31457989e-06	1.013162e-08
2.31459841e-06	1.009578e-08
2.31461692e-06	9.987805e-09
2.31463544e-06	9.782897e-09
2.31465396e-06	9.613557e-09
2.31467247e-06	9.627733e-09
2.31469099e-06	9.745149e-09
2.31470951e-06	9.642330e-09
2.31472803e-06	9.755027e-09
2.31474654e-06	9.788150e-09
2.31476506e-06	9.884507e-09
2.31478358e-06	9.935117e-09
2.31480210e-06	9.810803e-09
2.31482062e-06	9.810251e-09
2.31483913e-06	9.866726e-09
2.31485765e-06	9.764442e-09
2.31487617e-06	9.720235e-09
2.31489469e-06	9.779323e-09
2.31491321e-06	9.574823e-09
2.31493173e-06	9.554614e-09
2.31495025e-06	9.516370e-09
2.31496877e-06	9.552082e-09
2.31498729e-06	1.021718e-08
2.31500581e-06	1.110315e-08
2.31502433e-06	9.275269e-09
2.31504285e-06	9.395195e-09
2.31506137e-06	9.565592e-09
2.31507989e-06	9.650412e-09
2.31509841e-06	9.776455e-09
2.31511693e-06	9.710884e-09
2.31513545e-06	9.771763e-09
2.31515397e-06	9.949283e-09
2.31517250e-06	1.004540e-08
2.31519102e-06	1.008233e-08
2.31520954e-06	1.002640e-08
2.31522806e-06	9.814260e-09
2.31524658e-06	9.798040e-09
2.31526510e-06	9.780306e-09
2.31528362e-06	9.552858e-09
2.31530215e-06	9.626749e-09
2.31532067e-06	9.608087e-09
2.31533919e-06	9.911255e-09
2.31535771e-06	1.006398e-08
2.31537624e-06	1.014649e-08
2.31539476e-06	1.017211e-08
2.31541328e-06	1.006990e-08
2.31543181e-06	9.982609e-09
2.31545033e-06	1.004011e-08
2.31546885e-06	9.983903e-09
2.31548738e-06	9.952824e-09
2.31550590e-06	1.011440e-08
2.31552443e-06	1.016151e-08
2.31554295e-06	1.007270e-08
2.31556148e-06	1.005147e-08
2.31558000e-06	1.024948e-08
2.31559852e-06	9.981907e-09
2.31561705e-06	9.999296e-09
2.31563557e-06	1.020116e-08
2.31565410e-06	1.013849e-08
2.31567262e-06	1.015608e-08
2.31569115e-06	9.801380e-09
2.31570967e-06	9.661371e-09
2.31572820e-06	9.888222e-09
2.31574673e-06	9.949109e-09
2.31576525e-06	9.775382e-09
2.31578378e-06	9.884416e-09
2.31580231e-06	9.794410e-09
2.31582083e-06	9.440170e-09
2.31583936e-06	9.892968e-09
2.31585788e-06	9.930455e-09
2.31587641e-06	9.842782e-09
2.31589494e-06	1.005769e-08
2.31591347e-06	1.007748e-08
2.31593199e-06	1.026437e-08
2.31595052e-06	1.015007e-08
2.31596905e-06	1.000374e-08
2.31598758e-06	1.004245e-08
2.31600610e-06	9.910262e-09
2.31602463e-06	1.005554e-08
2.31604316e-06	1.013400e-08
2.31606169e-06	1.016425e-08
2.31608022e-06	1.021229e-08
2.31609875e-06	1.008102e-08
2.31611727e-06	9.882511e-09
2.31613580e-06	9.860202e-09
2.31615433e-06	9.842855e-09
2.31617286e-06	9.635723e-09
2.31619139e-06	9.797308e-09
2.31620992e-06	9.931416e-09
2.31622845e-06	9.749779e-09
2.31624698e-06	9.574307e-09
2.31626551e-06	9.588250e-09
2.31628404e-06	9.496012e-09
2.31630257e-06	9.427694e-09
2.31632110e-06	9.601412e-09
2.31633963e-06	1.114030e-08
2.31635816e-06	9.330210e-09
2.31637669e-06	9.449067e-09
2.31639522e-06	9.660298e-09
2.31641375e-06	9.730567e-09
2.31643229e-06	9.716798e-09
2.31645082e-06	9.766751e-09
2.31646935e-06	9.754211e-09
2.31648788e-06	9.910142e-09
2.31650641e-06	1.000671e-08
2.31652494e-06	9.935951e-09
2.31654348e-06	9.762450e-09
2.31656201e-06	9.380306e-09
2.31658054e-06	9.406303e-09
2.31659908e-06	9.799818e-09
2.31661761e-06	9.870056e-09
2.31663614e-06	9.971905e-09
2.31665467e-06	1.006844e-08
2.31667321e-06	9.999237e-09
2.31669174e-06	9.780917e-09
2.31671027e-06	9.978517e-09
2.31672881e-06	1.007115e-08
2.31674734e-06	1.010683e-08
2.31676587e-06	9.965815e-09
2.31678441e-06	1.013325e-08
2.31680294e-06	1.012384e-08
2.31682148e-06	9.794417e-09
2.31684001e-06	9.636975e-09
2.31685855e-06	9.850017e-09
2.31687708e-06	1.008686e-08
2.31689562e-06	1.010608e-08
2.31691415e-06	1.020592e-08
2.31693269e-06	1.019528e-08
2.31695122e-06	1.024565e-08
2.31696976e-06	1.021041e-08
2.31698830e-06	9.754637e-09
2.31700683e-06	9.723040e-09
2.31702537e-06	9.857910e-09
2.31704390e-06	9.798887e-09
2.31706244e-06	9.946337e-09
2.31708098e-06	1.008417e-08
2.31709951e-06	1.019711e-08
2.31711805e-06	1.010550e-08
2.31713659e-06	9.835756e-09
2.31715512e-06	9.451888e-09
2.31717366e-06	9.442102e-09
2.31719220e-06	9.900834e-09
2.31721073e-06	1.007869e-08
2.31722927e-06	9.918361e-09
2.31724781e-06	9.961475e-09
2.31726635e-06	1.005255e-08
2.31728489e-06	9.950943e-09
2.31730342e-06	1.012665e-08
2.31732196e-06	1.005998e-08
2.31734050e-06	9.972604e-09
2.31735904e-06	1.013122e-08
2.31737758e-06	1.011806e-08
2.31739612e-06	9.884684e-09
2.31741466e-06	9.787372e-09
2.31743320e-06	9.937937e-09
2.31745174e-06	9.782761e-09
2.31747028e-06	9.875345e-09
2.31748882e-06	9.606467e-09
2.31750736e-06	9.480161e-09
2.31752590e-06	9.735840e-09
2.31754444e-06	9.797539e-09
2.31756298e-06	9.693786e-09
2.31758152e-06	9.528031e-09
2.31760006e-06	9.797540e-09
2.31761860e-06	9.858322e-09
2.31763714e-06	9.463102e-09
2.31765568e-06	9.476491e-09
2.31767422e-06	9.402622e-09
2.31769276e-06	9.293862e-09
2.31771131e-06	1.103324e-08
2.31772985e-06	9.852951e-09
2.31774839e-06	9.432909e-09
2.31776693e-06	9.551522e-09
2.31778547e-06	9.595721e-09
2.31780401e-06	9.649988e-09
2.31782256e-06	9.736772e-09
2.31784110e-06	9.915833e-09
2.31785964e-06	1.000767e-08
2.31787819e-06	9.954810e-09
2.31789673e-06	9.880638e-09
2.31791527e-06	1.005755e-08
2.31793381e-06	1.002976e-08
2.31795236e-06	9.959783e-09
2.31797090e-06	1.005600e-08
2.31798945e-06	1.011353e-08
2.31800799e-06	9.950539e-09
2.31802653e-06	9.884550e-09
2.31804508e-06	9.830924e-09
2.31806362e-06	9.973304e-09
2.31808217e-06	1.004360e-08
2.31810071e-06	9.888388e-09
2.31811926e-06	1.006667e-08
2.31813780e-06	9.998619e-09
2.31815635e-06	9.701131e-09
2.31817489e-06	9.741225e-09
2.31819344e-06	1.009607e-08
2.31821198e-06	1.000965e-08
2.31823053e-06	9.681179e-09
2.31824907e-06	9.598075e-09
2.31826762e-06	9.593649e-09
2.31828617e-06	9.756498e-09
2.31830471e-06	1.001662e-08
2.31832326e-06	1.018067e-08
2.31834181e-06	1.010817e-08
2.31836035e-06	9.858453e-09
2.31837890e-06	9.995523e-09
2.31839745e-06	1.020896e-08
2.31841599e-06	1.021156e-08
2.31843454e-06	1.011758e-08
2.31845309e-06	9.724630e-09
2.31847164e-06	9.443226e-09
2.31849018e-06	9.564609e-09
2.31850873e-06	9.538955e-09
2.31852728e-06	9.828412e-09
2.31854583e-06	9.934904e-09
2.31856438e-06	1.018039e-08
2.31858292e-06	1.011482e-08
2.31860147e-06	9.949600e-09
2.31862002e-06	9.964875e-09
2.31863857e-06	9.908790e-09
2.31865712e-06	1.010325e-08
2.31867567e-06	1.008037e-08
2.31869422e-06	9.957667e-09
2.31871277e-06	1.004064e-08
2.31873132e-06	1.021139e-08
2.31874987e-06	1.019584e-08
2.31876842e-06	1.024360e-08
2.31878697e-06	1.033674e-08
2.31880552e-06	1.022441e-08
2.31882407e-06	9.969510e-09
2.31884262e-06	1.009807e-08
2.31886117e-06	1.000510e-08
2.31887972e-06	9.872871e-09
2.31889827e-06	9.983329e-09
2.31891682e-06	1.010799e-08
2.31893538e-06	1.002231e-08
2.31895393e-06	9.991727e-09
2.31897248e-06	1.001595e-08
2.31899103e-06	9.968874e-09
2.31900958e-06	9.942525e-09
2.31902813e-06	9.867441e-09
2.31904669e-06	9.785998e-09
2.31906524e-06	9.687468e-09
2.31908379e-06	9.536846e-09
2.31910234e-06	9.275220e-09
2.31912090e-06	1.062870e-08
2.31913945e-06	1.072501e-08
2.31915800e-06	9.227764e-09
2.31917656e-06	9.454616e-09
2.31919511e-06	9.606223e-09
2.31921366e-06	9.772122e-09
2.31923222e-06	9.879327e-09
2.31925077e-06	9.877262e-09
2.31926932e-06	9.915080e-09
2.31928788e-06	9.870811e-09
2.31930643e-06	9.803362e-09
2.31932499e-06	1.001136e-08
2.31934354e-06	9.644760e-09
2.31936210e-06	9.763576e-09
2.31938065e-06	9.969698e-09
2.31939921e-06	1.011599e-08
2.31941776e-06	1.009187e-08
2.31943632e-06	1.011936e-08
2.31945487e-06	1.008024e-08
2.31947343e-06	9.694668e-09
2.31949198e-06	9.727259e-09
2.31951054e-06	9.782538e-09
2.31952910e-06	9.779782e-09
2.31954765e-06	9.781356e-09
2.31956621e-06	9.678051e-09
2.31958477e-06	9.630074e-09
2.31960332e-06	1.001093e-08
2.31962188e-06	1.015563e-08
2.31964044e-06	1.021265e-08
2.31965899e-06	1.015978e-08
2.31967755e-06	9.912729e-09
2.31969611e-06	9.557184e-09
2.31971466e-06	9.749826e-09
2.31973322e-06	1.007683e-08
2.31975178e-06	1.024440e-08
2.31977034e-06	1.031265e-08
2.31978890e-06	1.029177e-08
2.31980746e-06	1.035625e-08
2.31982601e-06	1.033681e-08
2.31984457e-06	1.028836e-08
2.31986313e-06	1.013978e-08
2.31988169e-06	1.002060e-08
2.31990025e-06	1.023855e-08
2.31991881e-06	1.032715e-08
2.31993737e-06	1.029751e-08
2.31995593e-06	1.008566e-08
2.31997449e-06	9.937926e-09
2.31999305e-06	9.692659e-09
2.32001161e-06	9.567861e-09
2.32003017e-06	9.740780e-09
2.32004873e-06	9.987224e-09
2.32006729e-06	9.881678e-09
2.32008585e-06	9.893510e-09
2.32010441e-06	1.012561e-08
2.32012297e-06	1.026380e-08
2.32014153e-06	1.021758e-08
2.32016009e-06	1.026204e-08
2.32017865e-06	1.017223e-08
2.32019721e-06	1.012306e-08
2.32021577e-06	9.963982e-09
2.32023434e-06	9.943759e-09
2.32025290e-06	9.697392e-09
2.32027146e-06	9.464785e-09
2.32029002e-06	9.784535e-09
2.32030858e-06	1.006855e-08
2.32032715e-06	1.005699e-08
2.32034571e-06	9.977498e-09
2.32036427e-06	9.779284e-09
2.32038284e-06	9.752618e-09
2.32040140e-06	9.751580e-09
2.32041996e-06	9.451831e-09
2.32043853e-06	9.520122e-09
2.32045709e-06	9.675776e-09
2.32047565e-06	9.734331e-09
2.32049422e-06	9.677864e-09
2.32051278e-06	9.666802e-09
2.32053135e-06	9.553790e-09
2.32054991e-06	9.412734e-09
2.32056847e-06	9.509171e-09
2.32058704e-06	1.110947e-08
2.32060560e-06	9.579090e-09
2.32062417e-06	9.539972e-09
2.32064273e-06	9.626150e-09
2.32066130e-06	9.716043e-09
2.32067986e-06	9.763818e-09
2.32069843e-06	9.825509e-09
2.32071699e-06	9.896954e-09
2.32073556e-06	9.767395e-09
2.32075413e-06	9.776596e-09
2.32077269e-06	9.762247e-09
2.32079126e-06	1.000279e-08
2.32080982e-06	1.016545e-08
2.32082839e-06	1.015570e-08
2.32084696e-06	1.011105e-08
2.32086552e-06	9.964900e-09
2.32088409e-06	9.772993e-09
2.32090266e-06	9.811021e-09
2.32092123e-06	9.885837e-09
2.32093979e-06	9.764805e-09
2.32095836e-06	9.775043e-09
2.32097693e-06	1.000534e-08
2.32099550e-06	1.007511e-08
2.32101406e-06	1.000391e-08
2.32103263e-06	9.947992e-09
2.32105120e-06	9.880711e-09
2.32106977e-06	1.008832e-08
2.32108834e-06	1.019583e-08
2.32110691e-06	1.015315e-08
2.32112547e-06	9.934536e-09
2.32114404e-06	9.772176e-09
2.32116261e-06	9.821213e-09
2.32118118e-06	9.608882e-09
2.32119975e-06	9.627929e-09
2.32121832e-06	9.594581e-09
2.32123689e-06	9.881891e-09
2.32125546e-06	1.006671e-08
2.32127403e-06	1.000184e-08
2.32129260e-06	9.955099e-09
2.32131117e-06	9.692444e-09
2.32132974e-06	9.584291e-09
2.32134831e-06	9.607535e-09
2.32136688e-06	9.779798e-09
2.32138545e-06	1.011481e-08
2.32140403e-06	1.024076e-08
2.32142260e-06	1.029310e-08
2.32144117e-06	1.032567e-08
2.32145974e-06	1.025551e-08
2.32147831e-06	1.014465e-08
2.32149688e-06	9.890397e-09
2.32151545e-06	9.878118e-09
2.32153403e-06	1.002921e-08
2.32155260e-06	1.015798e-08
2.32157117e-06	1.027172e-08
2.32158974e-06	1.028590e-08
2.32160832e-06	1.010921e-08
2.32162689e-06	9.857115e-09
2.32164546e-06	9.614832e-09
2.32166404e-06	9.717320e-09
2.32168261e-06	1.001695e-08
2.32170118e-06	1.014424e-08
2.32171976e-06	1.013530e-08
2.32173833e-06	1.015311e-08
2.32175690e-06	1.017286e-08
2.32177548e-06	9.923309e-09
2.32179405e-06	9.627327e-09
2.32181263e-06	1.001377e-08
2.32183120e-06	1.003475e-08
2.32184978e-06	9.887637e-09
2.32186835e-06	9.844936e-09
2.32188692e-06	9.939820e-09
2.32190550e-06	9.875348e-09
2.32192408e-06	9.790126e-09
2.32194265e-06	9.407699e-09
2.32196123e-06	9.466952e-09
2.32197980e-06	9.655351e-09
2.32199838e-06	9.795198e-09
2.32201695e-06	9.721162e-09
2.32203553e-06	9.537581e-09
2.32205411e-06	9.265129e-09
2.32207268e-06	1.032666e-08
2.32209126e-06	1.091005e-08
2.32210984e-06	9.205251e-09
2.32212841e-06	9.404377e-09
2.32214699e-06	9.604215e-09
2.32216557e-06	9.747338e-09
2.32218414e-06	9.642825e-09
2.32220272e-06	9.551065e-09
2.32222130e-06	9.735823e-09
2.32223988e-06	9.829494e-09
2.32225846e-06	9.823917e-09
2.32227703e-06	1.004130e-08
2.32229561e-06	1.006689e-08
2.32231419e-06	9.915739e-09
2.32233277e-06	9.939320e-09
2.32235135e-06	9.872544e-09
2.32236993e-06	9.687568e-09
2.32238850e-06	9.687335e-09
2.32240708e-06	9.925942e-09
2.32242566e-06	9.936651e-09
2.32244424e-06	9.959828e-09
2.32246282e-06	9.732105e-09
2.32248140e-06	9.747903e-09
2.32249998e-06	9.838973e-09
2.32251856e-06	1.004460e-08
2.32253714e-06	9.991586e-09
2.32255572e-06	9.602869e-09
2.32257430e-06	9.456020e-09
2.32259288e-06	9.848925e-09
2.32261146e-06	9.824444e-09
2.32263005e-06	9.590774e-09
2.32264863e-06	1.037491e-08
2.32266721e-06	1.090247e-08
2.32268579e-06	1.076452e-08
2.32270437e-06	1.005936e-08
2.32272295e-06	1.051059e-08
2.32274153e-06	1.048639e-08
2.32276012e-06	1.059536e-08
2.32277870e-06	9.705054e-09
2.32279728e-06	9.799138e-09
2.32281586e-06	1.035872e-08
2.32283444e-06	1.006438e-08
2.32285303e-06	1.004833e-08
2.32287161e-06	1.064232e-08
2.32289019e-06	9.675410e-09
2.32290878e-06	9.661411e-09
2.32292736e-06	9.501103e-09
2.32294594e-06	9.828164e-09
2.32296453e-06	1.037629e-08
2.32298311e-06	9.781045e-09
2.32300169e-06	9.691713e-09
2.32302028e-06	1.075491e-08
2.32303886e-06	9.724969e-09
2.32305745e-06	9.867386e-09
2.32307603e-06	9.441163e-09
2.32309462e-06	9.366231e-09
2.32311320e-06	9.467867e-09
2.32313179e-06	1.011506e-08
2.32315037e-06	9.995417e-09
2.32316896e-06	9.493065e-09
2.32318754e-06	9.406819e-09
2.32320613e-06	1.035713e-08
2.32322471e-06	1.042878e-08
2.32324330e-06	9.734351e-09
2.32326188e-06	9.378501e-09
2.32328047e-06	9.264996e-09
2.32329906e-06	9.811641e-09
2.32331764e-06	9.847626e-09
2.32333623e-06	9.544486e-09
2.32335482e-06	1.003142e-08
2.32337340e-06	1.016252e-08
2.32339199e-06	9.865321e-09
2.32341058e-06	9.910559e-09
2.32342916e-06	9.679721e-09
2.32344775e-06	1.071982e-08
2.32346634e-06	9.931702e-09
2.32348493e-06	9.769276e-09
2.32350352e-06	9.828386e-09
2.32352210e-06	9.790722e-09
2.32354069e-06	9.581205e-09
2.32355928e-06	9.486543e-09
2.32357787e-06	9.457567e-09
2.32359646e-06	9.252798e-09
2.32361504e-06	1.076027e-08
2.32363363e-06	1.080412e-08
2.32365222e-06	9.229395e-09
2.32367081e-06	9.482030e-09
2.32368940e-06	9.567676e-09
2.32370799e-06	9.505424e-09
2.32372658e-06	1.068208e-08
2.32374517e-06	9.982462e-09
2.32376376e-06	9.690129e-09
2.32378235e-06	9.807961e-09
2.32380094e-06	9.492759e-09
2.32381953e-06	9.505734e-09
2.32383812e-06	9.861828e-09
2.32385671e-06	1.001495e-08
2.32387530e-06	1.006418e-08
2.32389389e-06	9.988633e-09
2.32391249e-06	9.943871e-09
2.32393108e-06	1.020891e-08
2.32394967e-06	9.907077e-09
2.32396826e-06	9.850277e-09
2.32398685e-06	9.719306e-09
2.32400544e-06	9.490641e-09
2.32402404e-06	9.705024e-09
2.32404263e-06	1.063706e-08
2.32406122e-06	1.023701e-08
2.32407981e-06	9.659471e-09
2.32409840e-06	9.744052e-09
2.32411700e-06	9.917810e-09
2.32413559e-06	1.006323e-08
2.32415418e-06	1.013752e-08
2.32417278e-06	1.007318e-08
2.32419137e-06	9.930062e-09
2.32420996e-06	1.007824e-08
2.32422856e-06	1.011968e-08
2.32424715e-06	1.012670e-08
2.32426575e-06	9.922851e-09
2.32428434e-06	1.028381e-08
2.32430293e-06	9.846688e-09
2.32432153e-06	1.001733e-08
2.32434012e-06	9.841061e-09
2.32435872e-06	9.797255e-09
2.32437731e-06	9.775161e-09
2.32439591e-06	9.960651e-09
2.32441450e-06	1.070859e-08
2.32443310e-06	9.638069e-09
2.32445169e-06	9.888409e-09
2.32447029e-06	9.767581e-09
2.32448888e-06	9.994798e-09
2.32450748e-06	1.013634e-08
2.32452608e-06	9.875310e-09
2.32454467e-06	9.775949e-09
2.32456327e-06	9.863562e-09
2.32458187e-06	1.006764e-08
2.32460046e-06	1.008507e-08
2.32461906e-06	9.832938e-09
2.32463766e-06	1.012757e-08
2.32465625e-06	1.001120e-08
2.32467485e-06	1.016491e-08
2.32469345e-06	9.995777e-09
2.32471205e-06	9.980015e-09
2.32473064e-06	9.763444e-09
2.32474924e-06	9.762894e-09
2.32476784e-06	9.859519e-09
2.32478644e-06	9.685545e-09
2.32480504e-06	1.062853e-08
2.32482363e-06	1.026786e-08
2.32484223e-06	9.721615e-09
2.32486083e-06	9.767410e-09
2.32487943e-06	9.799447e-09
2.32489803e-06	9.739963e-09
2.32491663e-06	9.751631e-09
2.32493523e-06	1.000434e-08
2.32495383e-06	1.003166e-08
2.32497243e-06	1.009123e-08
2.32499103e-06	9.973744e-09
2.32500963e-06	1.000951e-08
2.32502823e-06	9.971703e-09
2.32504683e-06	1.001401e-08
2.32506543e-06	9.994045e-09
2.32508403e-06	9.915550e-09
2.32510263e-06	9.752072e-09
2.32512123e-06	1.025824e-08
2.32513983e-06	9.619536e-09
2.32515843e-06	9.542636e-09
2.32517703e-06	9.289490e-09
2.32519563e-06	1.070455e-08
2.32521424e-06	1.042679e-08
2.32523284e-06	9.442949e-09
2.32525144e-06	1.079591e-08
2.32527004e-06	9.863590e-09
2.32528864e-06	9.614623e-09
2.32530725e-06	9.776592e-09
2.32532585e-06	9.760832e-09
2.32534445e-06	9.793846e-09
2.32536305e-06	9.968046e-09
2.32538166e-06	1.005217e-08
2.32540026e-06	9.948360e-09
2.32541886e-06	9.817345e-09
2.32543747e-06	9.964335e-09
2.32545607e-06	9.894533e-09
2.32547467e-06	1.003486e-08
2.32549328e-06	1.002337e-08
2.32551188e-06	9.958003e-09
2.32553048e-06	9.973996e-09
2.32554909e-06	9.995901e-09
2.32556769e-06	9.974830e-09
2.32558630e-06	9.981693e-09
2.32560490e-06	1.014225e-08
2.32562351e-06	9.820015e-09
2.32564211e-06	9.927743e-09
2.32566072e-06	9.751857e-09
2.32567932e-06	9.902314e-09
2.32569793e-06	9.876234e-09
2.32571654e-06	9.580815e-09
2.32573514e-06	1.082107e-08
2.32575375e-06	1.000692e-08
2.32577235e-06	9.761113e-09
2.32579096e-06	9.907826e-09
2.32580956e-06	9.995114e-09
2.32582817e-06	9.877738e-09
2.32584678e-06	9.557579e-09
2.32586538e-06	9.565777e-09
2.32588399e-06	9.597220e-09
2.32590260e-06	9.800201e-09
2.32592121e-06	9.934985e-09
2.32593981e-06	9.876242e-09
2.32595842e-06	9.750707e-09
2.32597703e-06	9.779502e-09
2.32599564e-06	9.741490e-09
2.32601424e-06	9.880411e-09
2.32603285e-06	9.880002e-09
2.32605146e-06	9.877033e-09
2.32607007e-06	9.941662e-09
2.32608868e-06	9.780675e-09
2.32610729e-06	9.865798e-09
2.32612590e-06	1.012886e-08
2.32614450e-06	1.000389e-08
2.32616311e-06	1.002718e-08
2.32618172e-06	9.913727e-09
2.32620033e-06	9.949683e-09
2.32621894e-06	9.899020e-09
2.32623755e-06	9.715674e-09
2.32625616e-06	1.058281e-08
2.32627477e-06	1.042911e-08
2.32629338e-06	9.522567e-09
2.32631199e-06	9.586178e-09
2.32633060e-06	9.690670e-09
2.32634921e-06	9.747933e-09
2.32636782e-06	9.901896e-09
2.32638643e-06	9.922978e-09
2.32640505e-06	9.885828e-09
2.32642366e-06	9.888143e-09
2.32644227e-06	9.698690e-09
2.32646088e-06	9.840688e-09
2.32647949e-06	1.001928e-08
2.32649810e-06	1.006934e-08
2.32651671e-06	1.004333e-08
2.32653533e-06	1.018327e-08
2.32655394e-06	1.003695e-08
2.32657255e-06	1.007496e-08
2.32659116e-06	1.009502e-08
2.32660978e-06	9.901307e-09
2.32662839e-06	9.615070e-09
2.32664700e-06	9.558415e-09
2.32666562e-06	9.804248e-09
2.32668423e-06	1.022822e-08
2.32670284e-06	9.795470e-09
2.32672146e-06	9.751323e-09
2.32674007e-06	9.727549e-09
2.32675869e-06	9.645979e-09
2.32677730e-06	9.449852e-09
2.32679591e-06	9.253815e-09
2.32681453e-06	1.060610e-08
2.32683314e-06	1.112867e-08
2.32685176e-06	9.348787e-09
2.32687037e-06	9.476027e-09
2.32688899e-06	9.630080e-09
2.32690760e-06	9.713694e-09
2.32692622e-06	9.758948e-09
2.32694483e-06	9.626144e-09
2.32696345e-06	9.706538e-09
2.32698206e-06	9.859334e-09
2.32700068e-06	9.993592e-09
2.32701930e-06	9.965764e-09
2.32703791e-06	1.006147e-08
2.32705653e-06	1.008649e-08
2.32707514e-06	1.003944e-08
2.32709376e-06	9.844842e-09
2.32711238e-06	9.676293e-09
2.32713099e-06	9.592168e-09
2.32714961e-06	9.702978e-09
2.32716823e-06	9.890454e-09
2.32718685e-06	9.829228e-09
2.32720546e-06	1.005978e-08
2.32722408e-06	1.012546e-08
2.32724270e-06	9.946290e-09
2.32726132e-06	1.012633e-08
2.32727993e-06	1.000822e-08
2.32729855e-06	1.018233e-08
2.32731717e-06	9.802542e-09
2.32733579e-06	1.005549e-08
2.32735441e-06	1.007935e-08
2.32737303e-06	9.980939e-09
2.32739165e-06	9.875429e-09
2.32741027e-06	9.686382e-09
2.32742888e-06	1.043486e-08
2.32744750e-06	1.061400e-08
2.32746612e-06	9.632588e-09
2.32748474e-06	9.879345e-09
2.32750336e-06	9.982600e-09
2.32752198e-06	1.001401e-08
2.32754060e-06	1.004887e-08
2.32755922e-06	1.001721e-08
2.32757784e-06	1.007842e-08
2.32759646e-06	9.860981e-09
2.32761509e-06	9.685014e-09
2.32763371e-06	9.929819e-09
2.32765233e-06	1.010438e-08
2.32767095e-06	9.968899e-09
2.32768957e-06	1.003438e-08
2.32770819e-06	1.016526e-08
2.32772681e-06	1.010791e-08
2.32774544e-06	1.013877e-08
2.32776406e-06	1.016345e-08
2.32778268e-06	1.011291e-08
2.32780130e-06	9.977723e-09
2.32781992e-06	9.695518e-09
2.32783855e-06	9.436490e-09
2.32785717e-06	9.467894e-09
2.32787579e-06	9.369451e-09
2.32789442e-06	9.643954e-09
2.32791304e-06	9.673022e-09
2.32793166e-06	9.672761e-09
2.32795028e-06	9.911585e-09
2.32796891e-06	9.509577e-09
2.32798753e-06	9.706356e-09
2.32800616e-06	9.899004e-09
2.32802478e-06	9.936558e-09
2.32804340e-06	9.787697e-09
2.32806203e-06	9.559196e-09
2.32808065e-06	1.062795e-08
2.32809928e-06	1.049862e-08
2.32811790e-06	9.601753e-09
2.32813653e-06	9.752019e-09
2.32815515e-06	9.882707e-09
2.32817378e-06	9.994700e-09
2.32819240e-06	9.862985e-09
2.32821103e-06	9.932950e-09
2.32822965e-06	9.883889e-09
2.32824828e-06	1.000051e-08
2.32826691e-06	1.003259e-08
2.32828553e-06	9.898636e-09
2.32830416e-06	9.708473e-09
2.32832279e-06	9.770912e-09
2.32834141e-06	9.877732e-09
2.32836004e-06	9.898622e-09
2.32837867e-06	9.836574e-09
2.32839729e-06	9.555490e-09
2.32841592e-06	9.526145e-09
2.32843455e-06	9.474702e-09
2.32845317e-06	9.293496e-09
2.32847180e-06	1.001450e-08
2.32849043e-06	1.085049e-08
2.32850906e-06	9.202330e-09
2.32852769e-06	9.480299e-09
2.32854631e-06	9.623125e-09
2.32856494e-06	9.723042e-09
2.32858357e-06	9.787005e-09
2.32860220e-06	9.911269e-09
2.32862083e-06	9.896875e-09
2.32863946e-06	1.013734e-08
2.32865809e-06	9.753638e-09
2.32867672e-06	9.784745e-09
2.32869535e-06	9.780497e-09
2.32871397e-06	9.472888e-09
2.32873260e-06	9.642100e-09
2.32875123e-06	9.599943e-09
2.32876987e-06	1.068159e-08
2.32878849e-06	1.045305e-08
2.32880712e-06	9.628680e-09
2.32882576e-06	9.703415e-09
2.32884439e-06	9.851796e-09
2.32886302e-06	9.954417e-09
2.32888165e-06	9.826420e-09
2.32890028e-06	9.730851e-09
2.32891891e-06	9.797666e-09
2.32893754e-06	9.888548e-09
2.32895617e-06	9.974553e-09
2.32897481e-06	1.005997e-08
2.32899344e-06	9.893502e-09
2.32901207e-06	9.828290e-09
2.32903070e-06	1.002026e-08
2.32904933e-06	1.005814e-08
2.32906797e-06	9.903356e-09
2.32908660e-06	9.731501e-09
2.32910523e-06	9.773792e-09
2.32912386e-06	1.001505e-08
2.32914250e-06	1.005727e-08
2.32916113e-06	9.950385e-09
2.32917976e-06	9.710771e-09
2.32919840e-06	9.507091e-09
2.32921703e-06	9.476053e-09
2.32923566e-06	9.730517e-09
2.32925430e-06	1.004918e-08
2.32927293e-06	1.015724e-08
2.32929157e-06	1.018613e-08
2.32931020e-06	1.020587e-08
2.32932883e-06	1.018146e-08
2.32934747e-06	1.005545e-08
2.32936610e-06	9.916020e-09
2.32938474e-06	1.015806e-08
2.32940337e-06	9.971559e-09
2.32942201e-06	9.921561e-09
2.32944065e-06	9.952998e-09
2.32945928e-06	9.794840e-09
2.32947792e-06	9.703604e-09
2.32949655e-06	1.009468e-08
2.32951519e-06	1.089434e-08
2.32953382e-06	9.516238e-09
2.32955246e-06	9.840066e-09
2.32957110e-06	9.939242e-09
2.32958973e-06	1.010768e-08
2.32960837e-06	1.015237e-08
2.32962701e-06	1.008977e-08
2.32964564e-06	9.996736e-09
2.32966428e-06	1.011172e-08
2.32968292e-06	1.025685e-08
2.32970156e-06	1.030477e-08
2.32972019e-06	1.029837e-08
2.32973883e-06	1.029270e-08
2.32975747e-06	1.018046e-08
2.32977611e-06	1.011309e-08
2.32979475e-06	9.866853e-09
2.32981338e-06	9.905508e-09
2.32983202e-06	1.015039e-08
2.32985066e-06	1.006981e-08
2.32986930e-06	9.869610e-09
2.32988794e-06	1.010347e-08
2.32990658e-06	1.007121e-08
2.32992522e-06	9.919306e-09
2.32994386e-06	9.885106e-09
2.32996250e-06	9.773428e-09
2.32998113e-06	9.900167e-09
2.32999977e-06	9.858056e-09
2.33001842e-06	9.554435e-09
2.33003706e-06	9.516086e-09
2.33005570e-06	9.745391e-09
2.33007434e-06	9.820693e-09
2.33009298e-06	9.731261e-09
2.33011162e-06	9.705978e-09
2.33013026e-06	9.655003e-09
2.33014890e-06	9.442527e-09
2.33016754e-06	9.997255e-09
2.33018618e-06	1.093344e-08
2.33020482e-06	9.568546e-09
2.33022347e-06	9.402257e-09
2.33024211e-06	9.525695e-09
2.33026075e-06	9.458110e-09
2.33027939e-06	1.101497e-08
2.33029803e-06	9.713396e-09
2.33031667e-06	9.588325e-09
2.33033532e-06	9.753888e-09
2.33035396e-06	9.836825e-09
2.33037260e-06	9.805705e-09
2.33039125e-06	9.677668e-09
2.33040989e-06	9.725247e-09
2.33042853e-06	9.845832e-09
2.33044718e-06	9.725406e-09
2.33046582e-06	9.759722e-09
2.33048446e-06	9.687418e-09
2.33050311e-06	9.623586e-09
2.33052175e-06	9.606911e-09
2.33054040e-06	9.506664e-09
2.33055904e-06	9.567714e-09
2.33057768e-06	9.518414e-09
2.33059633e-06	9.568719e-09
2.33061497e-06	9.486661e-09
2.33063362e-06	9.561682e-09
2.33065226e-06	9.676882e-09
2.33067091e-06	9.767911e-09
2.33068955e-06	9.671247e-09
2.33070820e-06	9.484197e-09
2.33072685e-06	9.646363e-09
2.33074549e-06	9.613879e-09
2.33076414e-06	9.722105e-09
2.33078278e-06	9.776892e-09
2.33080143e-06	9.649817e-09
2.33082008e-06	9.934223e-09
2.33083872e-06	1.008265e-08
2.33085737e-06	1.008744e-08
2.33087602e-06	9.990489e-09
2.33089466e-06	9.916190e-09
2.33091331e-06	9.982594e-09
2.33093196e-06	9.951923e-09
2.33095061e-06	9.899269e-09
2.33096925e-06	9.937578e-09
2.33098790e-06	1.005497e-08
2.33100655e-06	9.836757e-09
2.33102520e-06	9.679469e-09
2.33104384e-06	9.750245e-09
2.33106249e-06	9.610334e-09
2.33108114e-06	1.008769e-08
2.33109979e-06	1.086773e-08
2.33111844e-06	9.452644e-09
2.33113709e-06	9.725908e-09
2.33115574e-06	9.755831e-09
2.33117439e-06	9.579184e-09
2.33119304e-06	9.493034e-09
2.33121169e-06	9.562087e-09
2.33123033e-06	9.404416e-09
2.33124898e-06	9.568710e-09
2.33126763e-06	9.712333e-09
2.33128629e-06	9.890849e-09
2.33130493e-06	9.928338e-09
2.33132359e-06	9.988856e-09
2.33134224e-06	1.009787e-08
2.33136089e-06	1.001122e-08
2.33137954e-06	9.788669e-09
2.33139819e-06	9.893908e-09
2.33141684e-06	1.002566e-08
2.33143549e-06	9.987032e-09
2.33145414e-06	9.886508e-09
2.33147280e-06	1.001859e-08
2.33149145e-06	9.986746e-09
2.33151010e-06	9.893369e-09
2.33152875e-06	9.890252e-09
2.33154740e-06	9.706411e-09
2.33156606e-06	9.775838e-09
2.33158471e-06	9.759356e-09
2.33160336e-06	9.732352e-09
2.33162201e-06	9.661382e-09
2.33164067e-06	9.373761e-09
2.33165932e-06	9.352956e-09
2.33167797e-06	9.720866e-09
2.33169663e-06	9.928107e-09
2.33171528e-06	9.658149e-09
2.33173393e-06	9.519846e-09
2.33175259e-06	9.778693e-09
2.33177124e-06	9.816480e-09
2.33178990e-06	9.724867e-09
2.33180855e-06	9.819957e-09
2.33182720e-06	9.700203e-09
2.33184586e-06	9.734295e-09
2.33186451e-06	9.943551e-09
2.33188317e-06	9.562656e-09
2.33190182e-06	9.421477e-09
2.33192048e-06	1.019330e-08
2.33193913e-06	1.112423e-08
2.33195779e-06	1.078055e-08
2.33197644e-06	9.514466e-09
2.33199510e-06	9.599553e-09
2.33201376e-06	9.669663e-09
2.33203241e-06	9.782136e-09
2.33205107e-06	9.839793e-09
2.33206973e-06	9.877924e-09
2.33208838e-06	9.960410e-09
2.33210704e-06	9.825853e-09
2.33212570e-06	9.922975e-09
2.33214435e-06	9.883214e-09
2.33216301e-06	9.885142e-09
2.33218167e-06	9.961103e-09
2.33220033e-06	1.001077e-08
2.33221898e-06	9.843210e-09
2.33223764e-06	9.788964e-09
2.33225630e-06	9.657858e-09
2.33227496e-06	9.848141e-09
2.33229361e-06	1.007123e-08
2.33231227e-06	1.023849e-08
2.33233093e-06	1.023759e-08
2.33234959e-06	1.025689e-08
2.33236825e-06	1.012488e-08
2.33238691e-06	9.758623e-09
2.33240557e-06	9.592018e-09
2.33242423e-06	9.910024e-09
2.33244288e-06	1.011270e-08
2.33246154e-06	9.848216e-09
2.33248020e-06	9.650443e-09
2.33249886e-06	9.754161e-09
2.33251752e-06	1.000618e-08
2.33253618e-06	9.963266e-09
2.33255485e-06	9.658826e-09
2.33257350e-06	9.647216e-09
2.33259217e-06	9.864099e-09
2.33261083e-06	9.909650e-09
2.33262949e-06	1.010354e-08
2.33264815e-06	1.013196e-08
2.33266681e-06	1.002302e-08
2.33268547e-06	1.015425e-08
2.33270413e-06	1.008601e-08
2.33272279e-06	9.928402e-09
2.33274146e-06	9.736051e-09
2.33276012e-06	9.829578e-09
2.33277878e-06	9.982501e-09
2.33279744e-06	9.713749e-09
2.33281610e-06	9.576310e-09
2.33283477e-06	1.057087e-08
2.33285343e-06	1.075885e-08
2.33287209e-06	9.454787e-09
2.33289075e-06	9.501732e-09
2.33290942e-06	9.658413e-09
2.33292808e-06	9.539618e-09
2.33294675e-06	9.766575e-09
2.33296541e-06	9.953292e-09
2.33298407e-06	9.913276e-09
2.33300274e-06	9.896975e-09
2.33302140e-06	1.013485e-08
2.33304006e-06	1.007644e-08
2.33305873e-06	9.997965e-09
2.33307739e-06	1.001451e-08
2.33309606e-06	1.004492e-08
2.33311472e-06	9.948179e-09
2.33313339e-06	9.978966e-09
2.33315205e-06	9.819327e-09
2.33317072e-06	9.655684e-09
2.33318938e-06	9.858273e-09
2.33320805e-06	9.942532e-09
2.33322671e-06	9.762753e-09
2.33324538e-06	9.722164e-09
2.33326405e-06	9.854334e-09
2.33328271e-06	9.725585e-09
2.33330138e-06	9.949480e-09
2.33332004e-06	1.000696e-08
2.33333871e-06	1.001842e-08
2.33335738e-06	9.975532e-09
2.33337604e-06	9.833311e-09
2.33339471e-06	9.896160e-09
2.33341338e-06	9.830218e-09
2.33343205e-06	1.003841e-08
2.33345071e-06	1.008252e-08
2.33346938e-06	1.011443e-08
2.33348805e-06	1.001480e-08
2.33350672e-06	9.846161e-09
2.33352538e-06	9.677957e-09
2.33354405e-06	9.712626e-09
2.33356272e-06	9.606141e-09
2.33358139e-06	9.528744e-09
2.33360006e-06	9.704200e-09
2.33361873e-06	9.858998e-09
2.33363740e-06	9.827069e-09
2.33365607e-06	9.731256e-09
2.33367473e-06	9.499998e-09
2.33369340e-06	9.274265e-09
2.33371207e-06	1.067707e-08
2.33373074e-06	1.017582e-08
2.33374941e-06	9.640043e-09
2.33376808e-06	1.024327e-08
2.33378675e-06	1.095212e-08
2.33380542e-06	9.367672e-09
2.33382410e-06	9.622309e-09
2.33384277e-06	9.798554e-09
2.33386144e-06	9.891429e-09
2.33388011e-06	9.900967e-09
2.33389878e-06	9.896314e-09
2.33391745e-06	9.998729e-09
2.33393612e-06	9.898916e-09
2.33395479e-06	9.700831e-09
2.33397346e-06	9.946846e-09
2.33399213e-06	1.012977e-08
2.33401081e-06	1.017355e-08
2.33402948e-06	1.012497e-08
2.33404815e-06	1.006359e-08
2.33406682e-06	1.006594e-08
2.33408550e-06	1.008375e-08
2.33410417e-06	9.989846e-09
2.33412284e-06	9.823003e-09
2.33414152e-06	9.543017e-09
2.33416019e-06	9.574191e-09
2.33417886e-06	9.693293e-09
2.33419754e-06	9.707926e-09
2.33421621e-06	9.736868e-09
2.33423488e-06	9.826985e-09
2.33425356e-06	9.859090e-09
2.33427223e-06	9.897820e-09
2.33429090e-06	9.801319e-09
2.33430958e-06	9.785831e-09
2.33432825e-06	9.696921e-09
2.33434693e-06	9.714839e-09
2.33436560e-06	9.803367e-09
2.33438428e-06	9.987706e-09
2.33440295e-06	1.003407e-08
2.33442163e-06	9.791350e-09
2.33444030e-06	9.666716e-09
2.33445898e-06	9.747761e-09
2.33447765e-06	9.813801e-09
2.33449633e-06	9.895611e-09
2.33451501e-06	9.707758e-09
2.33453368e-06	9.738989e-09
2.33455236e-06	9.947992e-09
2.33457104e-06	9.893091e-09
2.33458971e-06	1.004646e-08
2.33460839e-06	9.940467e-09
2.33462706e-06	9.707915e-09
2.33464574e-06	9.721354e-09
2.33466442e-06	9.865321e-09
2.33468310e-06	9.832270e-09
2.33470177e-06	9.795134e-09
2.33472045e-06	9.639803e-09
2.33473913e-06	9.560384e-09
2.33475781e-06	1.100925e-08
2.33477648e-06	9.995722e-09
2.33479516e-06	9.521519e-09
2.33481384e-06	9.620866e-09
2.33483252e-06	9.609779e-09
2.33485120e-06	9.668500e-09
2.33486988e-06	9.620815e-09
2.33488856e-06	9.671997e-09
2.33490724e-06	9.925707e-09
2.33492591e-06	1.003254e-08
2.33494460e-06	1.004820e-08
2.33496327e-06	9.943069e-09
2.33498195e-06	9.587352e-09
2.33500063e-06	9.686013e-09
2.33501931e-06	1.004609e-08
2.33503799e-06	1.011619e-08
2.33505667e-06	1.008141e-08
2.33507535e-06	1.001819e-08
2.33509404e-06	9.742929e-09
2.33511272e-06	9.495696e-09
2.33513140e-06	9.395035e-09
2.33515008e-06	9.587755e-09
2.33516876e-06	9.909454e-09
2.33518744e-06	9.786065e-09
2.33520612e-06	9.812060e-09
2.33522480e-06	9.874715e-09
2.33524348e-06	9.710212e-09
2.33526217e-06	9.718336e-09
2.33528085e-06	9.840814e-09
2.33529953e-06	9.893390e-09
2.33531821e-06	9.889641e-09
2.33533690e-06	9.810188e-09
2.33535558e-06	9.826368e-09
2.33537426e-06	9.695759e-09
2.33539294e-06	9.693537e-09
2.33541163e-06	9.876142e-09
2.33543031e-06	9.965187e-09
2.33544900e-06	9.939698e-09
2.33546768e-06	1.010924e-08
2.33548636e-06	1.026960e-08
2.33550505e-06	9.530262e-09
2.33552373e-06	9.180114e-09
2.33554242e-06	1.073012e-08
2.33556110e-06	9.388392e-09
2.33557978e-06	9.479679e-09
2.33559847e-06	9.687764e-09
2.33561715e-06	9.704849e-09
2.33563584e-06	9.605182e-09
2.33565452e-06	9.485403e-09
2.33567321e-06	9.514536e-09
2.33569189e-06	9.541521e-09
2.33571058e-06	9.630723e-09
2.33572927e-06	9.527888e-09
2.33574795e-06	9.427752e-09
2.33576664e-06	1.036792e-08
2.33578532e-06	1.091838e-08
2.33580401e-06	9.785752e-09
2.33582269e-06	9.673467e-09
2.33584138e-06	9.840456e-09
2.33586007e-06	9.971376e-09
2.33587876e-06	9.958684e-09
2.33589744e-06	9.750753e-09
2.33591613e-06	9.681783e-09
2.33593482e-06	9.998453e-09
2.33595350e-06	1.005360e-08
2.33597219e-06	9.856865e-09
2.33599088e-06	9.948625e-09
2.33600957e-06	1.005597e-08
2.33602826e-06	1.005215e-08
2.33604694e-06	1.007965e-08
2.33606563e-06	1.022618e-08
2.33608432e-06	1.030649e-08
2.33610301e-06	1.035968e-08
2.33612170e-06	1.038669e-08
2.33614039e-06	1.030119e-08
2.33615908e-06	1.016208e-08
2.33617777e-06	1.014997e-08
2.33619646e-06	1.003313e-08
2.33621514e-06	1.004380e-08
2.33623383e-06	1.017732e-08
2.33625253e-06	1.006921e-08
2.33627121e-06	9.951456e-09
2.33628990e-06	9.821311e-09
2.33630860e-06	9.917747e-09
2.33632729e-06	9.783720e-09
2.33634598e-06	9.640511e-09
2.33636467e-06	9.636792e-09
2.33638336e-06	9.900688e-09
2.33640205e-06	9.908295e-09
2.33642074e-06	9.938053e-09
2.33643943e-06	1.007869e-08
2.33645812e-06	9.881442e-09
2.33647681e-06	1.005998e-08
2.33649551e-06	1.006476e-08
2.33651420e-06	1.005820e-08
2.33653289e-06	1.021971e-08
2.33655158e-06	1.007812e-08
2.33657028e-06	9.857306e-09
2.33658897e-06	1.007498e-08
2.33660766e-06	1.000646e-08
2.33662635e-06	9.937396e-09
2.33664505e-06	9.957750e-09
2.33666374e-06	9.958022e-09
2.33668243e-06	9.846137e-09
2.33670113e-06	9.693025e-09
2.33671982e-06	9.801195e-09
2.33673851e-06	9.681566e-09
2.33675721e-06	9.627437e-09
2.33677590e-06	9.737656e-09
2.33679460e-06	9.678884e-09
2.33681329e-06	9.393203e-09
2.33683198e-06	1.088699e-08
2.33685068e-06	1.028169e-08
2.33686937e-06	9.598132e-09
2.33688807e-06	9.669225e-09
2.33690676e-06	9.635813e-09
2.33692546e-06	9.686074e-09
2.33694415e-06	9.707155e-09
2.33696285e-06	9.802032e-09
2.33698155e-06	9.743726e-09
2.33700024e-06	9.727108e-09
2.33701894e-06	9.833860e-09
2.33703763e-06	9.913435e-09
2.33705633e-06	9.811227e-09
2.33707503e-06	9.888779e-09
2.33709372e-06	9.980768e-09
2.33711242e-06	1.003391e-08
2.33713112e-06	1.001362e-08
2.33714981e-06	9.887980e-09
2.33716851e-06	9.995090e-09
2.33718721e-06	1.009095e-08
2.33720591e-06	9.874876e-09
2.33722460e-06	9.749043e-09
2.33724330e-06	9.871743e-09
2.33726200e-06	9.856951e-09
2.33728070e-06	9.710242e-09
2.33729940e-06	9.695668e-09
2.33731809e-06	9.803127e-09
2.33733679e-06	9.775114e-09
2.33735549e-06	9.653922e-09
2.33737419e-06	9.437324e-09
2.33739289e-06	9.183357e-09
2.33741159e-06	1.065519e-08
2.33743029e-06	9.270983e-09
2.33744899e-06	9.528484e-09
2.33746769e-06	9.727318e-09
2.33748639e-06	9.776263e-09
2.33750509e-06	9.875502e-09
2.33752379e-06	9.966341e-09
2.33754249e-06	9.929813e-09
2.33756119e-06	9.799489e-09
2.33757989e-06	1.003251e-08
2.33759859e-06	1.006784e-08
2.33761729e-06	9.952643e-09
2.33763599e-06	9.769416e-09
2.33765469e-06	1.004944e-08
2.33767339e-06	1.007384e-08
2.33769209e-06	9.982436e-09
2.33771079e-06	9.845917e-09
2.33772950e-06	9.690257e-09
2.33774820e-06	9.789758e-09
2.33776690e-06	9.688855e-09
2.33778560e-06	9.855041e-09
2.33780431e-06	9.948577e-09
2.33782301e-06	9.972351e-09
2.33784171e-06	9.932569e-09
2.33786041e-06	9.958792e-09
2.33787912e-06	9.820722e-09
2.33789782e-06	9.633038e-09
2.33791652e-06	9.383836e-09
2.33793523e-06	1.089504e-08
2.33795393e-06	1.012543e-08
2.33797263e-06	9.443357e-09
2.33799134e-06	9.656569e-09
2.33801004e-06	9.801902e-09
2.33802874e-06	9.849548e-09
2.33804745e-06	9.866303e-09
2.33806615e-06	9.971882e-09
2.33808486e-06	9.996825e-09
2.33810356e-06	1.005077e-08
2.33812227e-06	9.882214e-09
2.33814097e-06	9.836025e-09
2.33815968e-06	9.864592e-09
2.33817838e-06	9.829258e-09
2.33819709e-06	9.701233e-09
2.33821579e-06	9.654156e-09
2.33823450e-06	9.426093e-09
2.33825321e-06	9.684605e-09
2.33827191e-06	9.863236e-09
2.33829062e-06	9.891658e-09
2.33830932e-06	9.820451e-09
2.33832803e-06	9.700587e-09
2.33834674e-06	9.693537e-09
2.33836544e-06	9.953133e-09
2.33838415e-06	9.961909e-09
2.33840286e-06	1.010437e-08
2.33842156e-06	1.006024e-08
2.33844027e-06	9.775327e-09
2.33845898e-06	9.525775e-09
2.33847769e-06	9.682528e-09
2.33849639e-06	9.897541e-09
2.33851510e-06	9.926123e-09
2.33853381e-06	1.002437e-08
2.33855252e-06	1.064164e-08
2.33857123e-06	1.002317e-08
2.33858994e-06	9.715859e-09
2.33860864e-06	9.771542e-09
2.33862735e-06	1.003676e-08
2.33864606e-06	9.998576e-09
2.33866477e-06	9.925651e-09
2.33868348e-06	9.723579e-09
2.33870219e-06	9.636882e-09
2.33872090e-06	9.532669e-09
2.33873961e-06	9.646495e-09
2.33875832e-06	9.579086e-09
2.33877703e-06	9.634830e-09
2.33879574e-06	9.982314e-09
2.33881445e-06	1.005038e-08
2.33883316e-06	1.009046e-08
2.33885187e-06	1.006924e-08
2.33887058e-06	9.666671e-09
2.33888929e-06	9.873740e-09
2.33890800e-06	9.933186e-09
2.33892672e-06	9.827026e-09
2.33894543e-06	9.676315e-09
2.33896414e-06	9.679727e-09
2.33898285e-06	9.820237e-09
2.33900156e-06	9.801737e-09
2.33902027e-06	9.734346e-09
2.33903899e-06	9.611067e-09
2.33905770e-06	9.407991e-09
2.33907641e-06	1.092452e-08
2.33909512e-06	1.030167e-08
2.33911384e-06	9.535750e-09
2.33913255e-06	9.737000e-09
2.33915126e-06	9.860581e-09
2.33916998e-06	9.826068e-09
2.33918869e-06	9.605799e-09
2.33920740e-06	9.626812e-09
2.33922612e-06	9.822040e-09
2.33924483e-06	9.775814e-09
2.33926354e-06	9.706136e-09
2.33928226e-06	9.573064e-09
2.33930097e-06	9.442780e-09
2.33931969e-06	1.049433e-08
2.33933840e-06	9.503299e-09
2.33935712e-06	9.475430e-09
2.33937583e-06	9.647039e-09
2.33939455e-06	9.757244e-09
2.33941326e-06	9.905211e-09
2.33943198e-06	9.881345e-09
2.33945069e-06	9.776942e-09
2.33946941e-06	9.637612e-09
2.33948812e-06	9.700368e-09
2.33950684e-06	9.975509e-09
2.33952556e-06	1.011707e-08
2.33954427e-06	1.007822e-08
2.33956299e-06	9.896283e-09
2.33958171e-06	9.768361e-09
2.33960042e-06	9.546933e-09
2.33961914e-06	9.591090e-09
2.33963785e-06	9.782769e-09
2.33965657e-06	9.635494e-09
2.33967529e-06	9.581665e-09
2.33969401e-06	9.868116e-09
2.33971272e-06	9.944351e-09
2.33973144e-06	9.761856e-09
2.33975016e-06	9.675683e-09
2.33976888e-06	9.850432e-09
2.33978760e-06	9.882251e-09
2.33980631e-06	9.804138e-09
2.33982503e-06	9.852779e-09
2.33984375e-06	9.747500e-09
2.33986247e-06	9.489453e-09
2.33988119e-06	9.656961e-09
2.33989991e-06	9.544870e-09
2.33991863e-06	9.359029e-09
2.33993735e-06	9.759966e-09
2.33995607e-06	9.815770e-09
2.33997479e-06	1.001800e-08
2.33999351e-06	1.003708e-08
2.34001223e-06	9.897554e-09
2.34003095e-06	9.604772e-09
2.34004967e-06	9.560984e-09
2.34006839e-06	9.640143e-09
2.34008711e-06	9.718246e-09
2.34010583e-06	9.878464e-09
2.34012455e-06	9.687876e-09
2.34014327e-06	9.751287e-09
2.34016199e-06	9.526911e-09
2.34018071e-06	9.714450e-09
2.34019943e-06	9.839630e-09
2.34021815e-06	9.694674e-09
2.34023688e-06	9.443891e-09
2.34025560e-06	1.050995e-08
2.34027432e-06	1.080908e-08
2.34029304e-06	9.597816e-09
2.34031177e-06	9.639298e-09
2.34033049e-06	9.730381e-09
2.34034921e-06	9.626701e-09
2.34036793e-06	9.512082e-09
2.34038666e-06	9.629061e-09
2.34040538e-06	9.695628e-09
2.34042410e-06	9.550717e-09
2.34044283e-06	9.508379e-09
2.34046155e-06	9.820737e-09
2.34048027e-06	9.874002e-09
2.34049900e-06	9.796133e-09
2.34051772e-06	9.544354e-09
2.34053644e-06	9.562535e-09
2.34055517e-06	9.687359e-09
2.34057389e-06	9.572413e-09
2.34059262e-06	9.599640e-09
2.34061134e-06	9.649600e-09
2.34063007e-06	9.726187e-09
2.34064879e-06	9.823292e-09
2.34066752e-06	9.600730e-09
2.34068624e-06	9.736266e-09
2.34070497e-06	1.005860e-08
2.34072369e-06	1.015508e-08
2.34074242e-06	1.024244e-08
2.34076115e-06	1.015496e-08
2.34077987e-06	9.798093e-09
2.34079860e-06	9.974567e-09
2.34081733e-06	9.971846e-09
2.34083605e-06	9.876022e-09
2.34085478e-06	1.003014e-08
2.34087350e-06	1.001026e-08
2.34089223e-06	9.990854e-09
2.34091096e-06	1.000698e-08
2.34092969e-06	9.930370e-09
2.34094841e-06	1.012029e-08
2.34096714e-06	1.005953e-08
2.34098587e-06	1.001735e-08
2.34100460e-06	9.962437e-09
2.34102333e-06	9.852516e-09
2.34104205e-06	9.706309e-09
2.34106078e-06	9.584992e-09
2.34107951e-06	9.828129e-09
2.34109824e-06	9.598171e-09
2.34111697e-06	9.653382e-09
2.34113570e-06	9.421751e-09
2.34115443e-06	9.583097e-09
2.34117315e-06	9.477994e-09
2.34119188e-06	9.776965e-09
2.34121061e-06	9.630522e-09
2.34122934e-06	9.545866e-09
2.34124807e-06	9.390810e-09
2.34126680e-06	9.866056e-09
2.34128553e-06	9.779545e-09
2.34130426e-06	9.334376e-09
2.34132299e-06	9.594697e-09
2.34134172e-06	9.526914e-09
2.34136045e-06	9.536574e-09
2.34137919e-06	9.589901e-09
2.34139792e-06	9.781067e-09
2.34141665e-06	9.801349e-09
2.34143538e-06	9.744365e-09
2.34145411e-06	9.648377e-09
2.34147284e-06	9.526579e-09
2.34149158e-06	1.104505e-08
2.34151031e-06	9.568293e-09
2.34152904e-06	9.579290e-09
2.34154777e-06	9.663588e-09
2.34156650e-06	9.778470e-09
2.34158524e-06	9.879013e-09
2.34160397e-06	9.921862e-09
2.34162270e-06	9.903901e-09
2.34164143e-06	9.945492e-09
2.34166017e-06	9.848543e-09
2.34167890e-06	9.742723e-09
2.34169763e-06	9.719854e-09
2.34171637e-06	9.669654e-09
2.34173510e-06	9.737708e-09
2.34175384e-06	9.877960e-09
2.34177257e-06	9.952575e-09
2.34179130e-06	9.897626e-09
2.34181004e-06	1.005532e-08
2.34182877e-06	9.978998e-09
2.34184751e-06	9.683219e-09
2.34186624e-06	9.561255e-09
2.34188498e-06	9.585131e-09
2.34190371e-06	9.715994e-09
2.34192245e-06	9.615484e-09
2.34194118e-06	9.580783e-09
2.34195992e-06	9.691230e-09
2.34197865e-06	9.800520e-09
2.34199739e-06	9.787325e-09
2.34201613e-06	9.528219e-09
2.34203486e-06	9.386350e-09
2.34205360e-06	9.689321e-09
2.34207233e-06	9.512353e-09
2.34209107e-06	9.766899e-09
2.34210981e-06	9.960165e-09
2.34212855e-06	9.964802e-09
2.34214728e-06	9.847351e-09
2.34216602e-06	9.779887e-09
2.34218476e-06	9.891520e-09
2.34220349e-06	1.013557e-08
2.34222223e-06	1.023465e-08
2.34224097e-06	1.024160e-08
2.34225971e-06	1.025008e-08
2.34227844e-06	1.028790e-08
2.34229718e-06	1.025561e-08
2.34231592e-06	1.008320e-08
2.34233466e-06	9.989600e-09
2.34235340e-06	1.015174e-08
2.34237214e-06	9.998497e-09
2.34239088e-06	9.915996e-09
2.34240962e-06	9.972571e-09
2.34242835e-06	9.874601e-09
2.34244709e-06	9.429276e-09
2.34246583e-06	9.596941e-09
2.34248457e-06	1.007325e-08
2.34250331e-06	1.021776e-08
2.34252205e-06	1.010266e-08
2.34254079e-06	9.767041e-09
2.34255953e-06	9.683286e-09
2.34257827e-06	9.842907e-09
2.34259702e-06	9.823965e-09
2.34261576e-06	9.921166e-09
2.34263450e-06	9.978928e-09
2.34265324e-06	9.942834e-09
2.34267198e-06	9.788270e-09
2.34269072e-06	9.702311e-09
2.34270946e-06	9.645149e-09
2.34272820e-06	9.428303e-09
2.34274695e-06	1.034400e-08
2.34276569e-06	1.084562e-08
2.34278443e-06	9.400187e-09
2.34280317e-06	9.624616e-09
2.34282191e-06	9.759958e-09
2.34284066e-06	9.687847e-09
2.34285940e-06	9.644329e-09
2.34287814e-06	9.790002e-09
2.34289689e-06	9.893377e-09
2.34291563e-06	1.002983e-08
2.34293437e-06	1.003183e-08
2.34295312e-06	1.005425e-08
2.34297186e-06	1.000054e-08
2.34299060e-06	9.883771e-09
2.34300935e-06	1.000914e-08
2.34302809e-06	1.015394e-08
2.34304684e-06	9.995624e-09
2.34306558e-06	9.845079e-09
2.34308432e-06	9.984984e-09
2.34310307e-06	9.971282e-09
2.34312181e-06	9.974390e-09
2.34314056e-06	9.975801e-09
2.34315930e-06	9.699742e-09
2.34317805e-06	9.791839e-09
2.34319679e-06	9.810576e-09
2.34321554e-06	9.683010e-09
2.34323429e-06	9.534760e-09
2.34325303e-06	9.237049e-09
2.34327178e-06	1.013876e-08
2.34329052e-06	9.359885e-09
2.34330927e-06	9.670897e-09
2.34332802e-06	9.783804e-09
2.34334676e-06	9.953472e-09
2.34336551e-06	1.003077e-08
2.34338426e-06	9.835317e-09
2.34340300e-06	9.930078e-09
2.34342175e-06	9.824805e-09
2.34344050e-06	9.843499e-09
2.34345925e-06	9.800986e-09
2.34347799e-06	9.665768e-09
2.34349674e-06	9.726003e-09
2.34351549e-06	9.746150e-09
2.34353424e-06	9.897869e-09
2.34355299e-06	9.958876e-09
2.34357173e-06	9.908855e-09
2.34359048e-06	9.739485e-09
2.34360923e-06	9.639980e-09
2.34362798e-06	9.580240e-09
2.34364673e-06	9.643286e-09
2.34366548e-06	9.498816e-09
2.34368423e-06	9.583726e-09
2.34370298e-06	9.630501e-09
2.34372173e-06	9.712266e-09
2.34374048e-06	9.918337e-09
2.34375923e-06	9.870003e-09
2.34377798e-06	9.823746e-09
2.34379673e-06	9.866597e-09
2.34381548e-06	9.667042e-09
2.34383423e-06	9.748482e-09
2.34385298e-06	9.712208e-09
2.34387173e-06	9.810290e-09
2.34389048e-06	9.983899e-09
2.34390923e-06	9.938574e-09
2.34392798e-06	9.912352e-09
2.34394673e-06	9.996876e-09
2.34396549e-06	9.886981e-09
2.34398424e-06	9.670741e-09
2.34400299e-06	9.739918e-09
2.34402174e-06	9.545838e-09
2.34404049e-06	9.444551e-09
2.34405925e-06	1.073285e-08
2.34407800e-06	1.044530e-08
2.34409675e-06	9.429825e-09
2.34411550e-06	9.626594e-09
2.34413426e-06	9.711889e-09
2.34415301e-06	9.816647e-09
2.34417176e-06	9.916001e-09
2.34419052e-06	9.997829e-09
2.34420927e-06	9.966792e-09
2.34422802e-06	9.941376e-09
2.34424678e-06	9.977988e-09
2.34426553e-06	1.007053e-08
2.34428429e-06	9.810378e-09
2.34430304e-06	9.783336e-09
2.34432179e-06	9.667979e-09
2.34434055e-06	9.827278e-09
2.34435930e-06	9.998930e-09
2.34437806e-06	1.002085e-08
2.34439681e-06	9.889284e-09
2.34441557e-06	9.812126e-09
2.34443432e-06	9.736933e-09
2.34445308e-06	9.794610e-09
2.34447183e-06	9.775078e-09
2.34449059e-06	9.718321e-09
2.34450935e-06	9.651808e-09
2.34452810e-06	9.754694e-09
2.34454686e-06	9.775871e-09
2.34456562e-06	9.680523e-09
2.34458437e-06	9.791946e-09
2.34460313e-06	9.906281e-09
2.34462189e-06	9.808277e-09
2.34464064e-06	9.762652e-09
2.34465940e-06	9.658364e-09
2.34467816e-06	9.458276e-09
2.34469691e-06	9.827755e-09
2.34471567e-06	9.830842e-09
2.34473443e-06	9.399745e-09
2.34475319e-06	9.544896e-09
2.34477195e-06	9.514027e-09
2.34479070e-06	9.632570e-09
2.34480946e-06	9.479090e-09
2.34482822e-06	9.527776e-09
2.34484698e-06	9.793816e-09
2.34486574e-06	9.845584e-09
2.34488450e-06	9.710574e-09
2.34490326e-06	9.734732e-09
2.34492202e-06	9.680579e-09
2.34494077e-06	9.728027e-09
2.34495953e-06	9.612694e-09
2.34497829e-06	9.695045e-09
2.34499705e-06	9.662583e-09
2.34501581e-06	9.445859e-09
2.34503457e-06	9.679007e-09
2.34505333e-06	9.543111e-09
2.34507209e-06	9.515615e-09
2.34509086e-06	9.482939e-09
2.34510962e-06	9.706019e-09
2.34512838e-06	9.908508e-09
2.34514714e-06	9.954538e-09
2.34516590e-06	9.929561e-09
2.34518466e-06	9.794149e-09
2.34520342e-06	9.746451e-09
2.34522218e-06	9.666635e-09
2.34524094e-06	9.723756e-09
2.34525971e-06	9.674035e-09
2.34527847e-06	9.579315e-09
2.34529723e-06	9.566779e-09
2.34531599e-06	9.372521e-09
2.34533476e-06	9.607923e-09
2.34535352e-06	9.694778e-09
2.34537228e-06	9.646587e-09
2.34539104e-06	9.415752e-09
2.34540981e-06	1.085882e-08
2.34542857e-06	1.031350e-08
2.34544733e-06	9.665762e-09
2.34546610e-06	9.596430e-09
2.34548486e-06	9.729762e-09
2.34550363e-06	9.631083e-09
2.34552239e-06	9.779073e-09
2.34554115e-06	9.816112e-09
2.34555992e-06	9.659459e-09
2.34557868e-06	9.802850e-09
2.34559745e-06	9.726190e-09
2.34561621e-06	9.273921e-09
2.34563498e-06	9.384564e-09
2.34565374e-06	9.833423e-09
2.34567251e-06	1.007078e-08
2.34569127e-06	9.928482e-09
2.34571004e-06	9.760500e-09
2.34572880e-06	1.003013e-08
2.34574757e-06	9.919664e-09
2.34576634e-06	9.924317e-09
2.34578510e-06	1.015599e-08
2.34580387e-06	1.021259e-08
2.34582263e-06	1.006410e-08
2.34584140e-06	9.689110e-09
2.34586017e-06	9.860656e-09
2.34587894e-06	1.019491e-08
2.34589770e-06	1.029417e-08
2.34591647e-06	1.028878e-08
2.34593524e-06	1.019311e-08
2.34595400e-06	1.011470e-08
2.34597277e-06	9.868354e-09
2.34599154e-06	9.728279e-09
2.34601031e-06	1.004675e-08
2.34602908e-06	1.015004e-08
2.34604784e-06	9.963794e-09
2.34606661e-06	9.916996e-09
2.34608538e-06	1.003124e-08
2.34610415e-06	9.931703e-09
2.34612292e-06	9.883001e-09
2.34614169e-06	1.005141e-08
2.34616046e-06	9.896285e-09
2.34617923e-06	9.647949e-09
2.34619800e-06	9.989414e-09
2.34621676e-06	1.008870e-08
2.34623553e-06	1.005755e-08
2.34625430e-06	1.003096e-08
2.34627307e-06	1.005314e-08
2.34629184e-06	1.009212e-08
2.34631061e-06	9.878946e-09
2.34632938e-06	9.851156e-09
2.34634816e-06	9.661977e-09
2.34636693e-06	9.650301e-09
2.34638570e-06	9.722756e-09
2.34640447e-06	9.718593e-09
2.34642324e-06	9.538651e-09
2.34644201e-06	9.533089e-09
2.34646078e-06	9.863671e-09
2.34647955e-06	9.434585e-09
2.34649833e-06	9.592139e-09
2.34651710e-06	9.787230e-09
2.34653587e-06	9.816590e-09
2.34655464e-06	9.922309e-09
2.34657341e-06	1.004306e-08
2.34659219e-06	9.979975e-09
2.34661096e-06	9.879213e-09
2.34662973e-06	9.935332e-09
2.34664851e-06	9.905844e-09
2.34666728e-06	9.901672e-09
2.34668605e-06	9.914000e-09
2.34670483e-06	9.939908e-09
2.34672360e-06	9.881314e-09
2.34674237e-06	9.783571e-09
2.34676115e-06	9.648481e-09
2.34677992e-06	9.417042e-09
2.34679870e-06	1.064022e-08
2.34681747e-06	1.047490e-08
2.34683625e-06	9.398149e-09
2.34685502e-06	9.627765e-09
2.34687379e-06	9.683995e-09
2.34689257e-06	9.622404e-09
2.34691134e-06	9.757804e-09
2.34693012e-06	9.617048e-09
2.34694889e-06	9.772052e-09
2.34696767e-06	9.915138e-09
2.34698645e-06	1.002296e-08
2.34700522e-06	1.006207e-08
2.34702400e-06	1.007321e-08
2.34704277e-06	1.009341e-08
2.34706155e-06	1.016130e-08
2.34708033e-06	1.013008e-08
2.34709910e-06	1.016435e-08
2.34711788e-06	1.013827e-08
2.34713666e-06	1.003041e-08
2.34715543e-06	9.779238e-09
2.34717421e-06	9.587824e-09
2.34719299e-06	9.271830e-09
2.34721177e-06	9.677521e-09
2.34723054e-06	9.867819e-09
2.34724932e-06	9.891475e-09
2.34726810e-06	9.868289e-09
2.34728688e-06	9.643738e-09
2.34730566e-06	9.577867e-09
2.34732444e-06	9.372084e-09
2.34734321e-06	9.838937e-09
2.34736199e-06	1.006852e-08
2.34738077e-06	1.003838e-08
2.34739955e-06	9.823371e-09
2.34741833e-06	9.709065e-09
2.34743711e-06	9.696651e-09
2.34745589e-06	9.890289e-09
2.34747467e-06	9.946595e-09
2.34749345e-06	9.696562e-09
2.34751223e-06	9.543784e-09
2.34753101e-06	9.578915e-09
2.34754979e-06	9.688567e-09
2.34756857e-06	9.645943e-09
2.34758735e-06	9.664278e-09
2.34760613e-06	9.828156e-09
2.34762491e-06	9.966099e-09
2.34764369e-06	9.616944e-09
2.34766247e-06	9.281186e-09
2.34768125e-06	9.659068e-09
2.34770004e-06	9.745862e-09
2.34771882e-06	9.728327e-09
2.34773760e-06	9.739417e-09
2.34775638e-06	9.779819e-09
2.34777516e-06	9.541349e-09
2.34779395e-06	9.741930e-09
2.34781273e-06	9.901766e-09
2.34783151e-06	1.000802e-08
2.34785029e-06	1.020544e-08
2.34786908e-06	1.006521e-08
2.34788786e-06	1.007373e-08
2.34790664e-06	1.026795e-08
2.34792542e-06	1.021674e-08
2.34794421e-06	1.013903e-08
2.34796299e-06	9.963301e-09
2.34798178e-06	1.004197e-08
2.34800056e-06	1.010641e-08
2.34801934e-06	9.864156e-09
2.34803813e-06	1.006188e-08
2.34805691e-06	1.014948e-08
2.34807570e-06	1.005104e-08
2.34809448e-06	9.902150e-09
2.34811327e-06	9.717244e-09
2.34813205e-06	9.685209e-09
2.34815084e-06	9.766191e-09
2.34816962e-06	9.828263e-09
2.34818841e-06	9.638436e-09
2.34820719e-06	9.417884e-09
2.34822598e-06	1.001294e-08
2.34824476e-06	1.086791e-08
2.34826355e-06	9.331154e-09
2.34828234e-06	9.627133e-09
2.34830112e-06	9.767960e-09
2.34831991e-06	9.879467e-09
2.34833869e-06	9.937441e-09
2.34835748e-06	1.001932e-08
2.34837627e-06	9.971118e-09
2.34839506e-06	1.008036e-08
2.34841384e-06	1.002430e-08
2.34843263e-06	9.860198e-09
2.34845142e-06	9.800670e-09
2.34847021e-06	1.009940e-08
2.34848899e-06	1.003104e-08
2.34850778e-06	1.005758e-08
2.34852657e-06	9.848090e-09
2.34854536e-06	9.852265e-09
2.34856415e-06	9.992540e-09
2.34858293e-06	9.951996e-09
2.34860172e-06	9.868012e-09
2.34862051e-06	1.011819e-08
2.34863930e-06	1.009817e-08
2.34865809e-06	9.895396e-09
2.34867688e-06	9.487119e-09
2.34869567e-06	9.460481e-09
2.34871446e-06	9.829236e-09
2.34873325e-06	9.825817e-09
2.34875204e-06	1.009408e-08
2.34877083e-06	1.017385e-08
2.34878962e-06	1.004513e-08
2.34880841e-06	9.905471e-09
2.34882720e-06	9.819446e-09
2.34884599e-06	9.863260e-09
2.34886478e-06	1.010985e-08
2.34888357e-06	1.003888e-08
2.34890236e-06	1.013064e-08
2.34892115e-06	1.020409e-08
2.34893994e-06	9.992401e-09
2.34895873e-06	9.553024e-09
2.34897753e-06	9.894206e-09
2.34899632e-06	9.807479e-09
2.34901511e-06	9.704652e-09
2.34903390e-06	1.008546e-08
2.34905269e-06	1.019310e-08
2.34907149e-06	1.018005e-08
2.34909028e-06	1.007307e-08
2.34910907e-06	9.852259e-09
2.34912787e-06	9.951218e-09
2.34914666e-06	9.930995e-09
2.34916545e-06	9.778130e-09
2.34918425e-06	9.912615e-09
2.34920304e-06	9.767310e-09
2.34922183e-06	9.854242e-09
2.34924063e-06	9.838555e-09
2.34925942e-06	1.001422e-08
2.34927821e-06	9.957320e-09
2.34929701e-06	9.503967e-09
2.34931580e-06	9.628576e-09
2.34933460e-06	9.802477e-09
2.34935339e-06	9.596197e-09
2.34937219e-06	9.575941e-09
2.34939098e-06	9.690913e-09
2.34940978e-06	9.679593e-09
2.34942857e-06	9.427603e-09
2.34944737e-06	9.614666e-09
2.34946616e-06	9.776570e-09
2.34948496e-06	9.374472e-09
2.34950375e-06	9.847572e-09
2.34952255e-06	9.380652e-09
2.34954135e-06	9.712166e-09
2.34956014e-06	9.794676e-09
2.34957894e-06	9.749239e-09
2.34959774e-06	9.825291e-09
2.34961653e-06	9.693702e-09
2.34963533e-06	9.632689e-09
2.34965413e-06	9.680614e-09
2.34967292e-06	9.582459e-09
2.34969172e-06	9.368092e-09
2.34971052e-06	1.088408e-08
2.34972932e-06	9.898901e-09
2.34974812e-06	9.375428e-09
2.34976691e-06	9.286457e-09
2.34978571e-06	9.562403e-09
2.34980451e-06	9.668870e-09
2.34982331e-06	9.584373e-09
2.34984211e-06	9.740196e-09
2.34986090e-06	9.526597e-09
2.34987970e-06	9.689129e-09
2.34989850e-06	9.789642e-09
2.34991730e-06	9.952961e-09
2.34993610e-06	1.001200e-08
2.34995490e-06	1.008054e-08
2.34997370e-06	9.958978e-09
