2.30001633e-06	1.414719e-08
2.30003473e-06	1.387438e-08
2.30005313e-06	1.402026e-08
2.30007153e-06	1.359368e-08
2.30008993e-06	1.375688e-08
2.30010833e-06	1.421736e-08
2.30012673e-06	1.423838e-08
2.30014513e-06	1.419373e-08
2.30016353e-06	1.408198e-08
2.30018194e-06	1.415497e-08
2.30020034e-06	1.416462e-08
2.30021874e-06	1.427480e-08
2.30023714e-06	1.420226e-08
2.30025554e-06	1.403549e-08
2.30027395e-06	1.385102e-08
2.30029235e-06	1.360101e-08
2.30031075e-06	1.393637e-08
2.30032915e-06	1.414179e-08
2.30034756e-06	1.426255e-08
2.30036596e-06	1.396137e-08
2.30038436e-06	1.352453e-08
2.30040276e-06	1.374426e-08
2.30042117e-06	1.382561e-08
2.30043957e-06	1.398138e-08
2.30045797e-06	1.408496e-08
2.30047638e-06	1.368986e-08
2.30049478e-06	1.304101e-08
2.30051319e-06	1.318549e-08
2.30053159e-06	1.310647e-08
2.30054999e-06	1.373842e-08
2.30056840e-06	1.349380e-08
2.30058680e-06	1.373406e-08
2.30060521e-06	1.287908e-08
2.30062361e-06	1.333062e-08
2.30064202e-06	1.376067e-08
2.30066042e-06	1.386445e-08
2.30067883e-06	1.400432e-08
2.30069723e-06	1.404474e-08
2.30071564e-06	1.388368e-08
2.30073404e-06	1.286541e-08
2.30075245e-06	1.299086e-08
2.30077086e-06	1.386625e-08
2.30078926e-06	1.405160e-08
2.30080767e-06	1.401131e-08
2.30082608e-06	1.398679e-08
2.30084448e-06	1.398663e-08
2.30086289e-06	1.397955e-08
2.30088129e-06	1.399956e-08
2.30089970e-06	1.396553e-08
2.30091811e-06	1.408157e-08
2.30093652e-06	1.410190e-08
2.30095492e-06	1.409296e-08
2.30097333e-06	1.363545e-08
2.30099174e-06	1.373519e-08
2.30101015e-06	1.390439e-08
2.30102856e-06	1.368841e-08
2.30104696e-06	1.399590e-08
2.30106537e-06	1.394291e-08
2.30108378e-06	1.319830e-08
2.30110219e-06	1.296530e-08
2.30112060e-06	1.382472e-08
2.30113901e-06	1.412453e-08
2.30115742e-06	1.423120e-08
2.30117583e-06	1.416731e-08
2.30119423e-06	1.381266e-08
2.30121265e-06	1.364959e-08
2.30123105e-06	1.403901e-08
2.30124946e-06	1.407447e-08
2.30126787e-06	1.388333e-08
2.30128628e-06	1.305486e-08
2.30130469e-06	1.342697e-08
2.30132310e-06	1.369227e-08
2.30134152e-06	1.276984e-08
2.30135993e-06	1.319909e-08
2.30137834e-06	1.337712e-08
2.30139675e-06	1.283896e-08
2.30141516e-06	1.335703e-08
2.30143357e-06	1.422536e-08
2.30145198e-06	1.425151e-08
2.30147039e-06	1.388587e-08
2.30148881e-06	1.321045e-08
2.30150722e-06	1.306477e-08
2.30152563e-06	1.377349e-08
2.30154404e-06	1.406617e-08
2.30156245e-06	1.406466e-08
2.30158087e-06	1.388900e-08
2.30159928e-06	1.409173e-08
2.30161769e-06	1.414582e-08
2.30163611e-06	1.384789e-08
2.30165452e-06	1.375084e-08
2.30167293e-06	1.385927e-08
2.30169135e-06	1.406689e-08
2.30170976e-06	1.413382e-08
2.30172817e-06	1.420810e-08
2.30174659e-06	1.411906e-08
2.30176500e-06	1.393932e-08
2.30178341e-06	1.419811e-08
2.30180183e-06	1.413768e-08
2.30182024e-06	1.389891e-08
2.30183866e-06	1.407426e-08
2.30185707e-06	1.398609e-08
2.30187549e-06	1.374569e-08
2.30189390e-06	1.393593e-08
2.30191232e-06	1.418832e-08
2.30193073e-06	1.407693e-08
2.30194915e-06	1.405478e-08
2.30196756e-06	1.422610e-08
2.30198598e-06	1.417047e-08
2.30200440e-06	1.401831e-08
2.30202281e-06	1.357256e-08
2.30204123e-06	1.364394e-08
2.30205964e-06	1.392434e-08
2.30207806e-06	1.413704e-08
2.30209648e-06	1.378985e-08
2.30211489e-06	1.339427e-08
2.30213331e-06	1.369471e-08
2.30215173e-06	1.345651e-08
2.30217014e-06	1.412385e-08
2.30218856e-06	1.418045e-08
2.30220698e-06	1.417967e-08
2.30222540e-06	1.406477e-08
2.30224381e-06	1.405903e-08
2.30226223e-06	1.362883e-08
2.30228065e-06	1.353209e-08
2.30229907e-06	1.390709e-08
2.30231749e-06	1.401553e-08
2.30233591e-06	1.411146e-08
2.30235433e-06	1.419625e-08
2.30237274e-06	1.421289e-08
2.30239116e-06	1.423986e-08
2.30240958e-06	1.409179e-08
2.30242800e-06	1.398992e-08
2.30244642e-06	1.410053e-08
2.30246484e-06	1.415197e-08
2.30248326e-06	1.416370e-08
2.30250168e-06	1.410317e-08
2.30252010e-06	1.401969e-08
2.30253852e-06	1.386621e-08
2.30255694e-06	1.405363e-08
2.30257536e-06	1.419017e-08
2.30259378e-06	1.415981e-08
2.30261220e-06	1.410064e-08
2.30263062e-06	1.405961e-08
2.30264904e-06	1.403417e-08
2.30266747e-06	1.406520e-08
2.30268589e-06	1.424463e-08
2.30270431e-06	1.414979e-08
2.30272273e-06	1.400068e-08
2.30274115e-06	1.383337e-08
2.30275957e-06	1.288959e-08
2.30277800e-06	1.308379e-08
2.30279642e-06	1.364754e-08
2.30281484e-06	1.355048e-08
2.30283326e-06	1.395426e-08
2.30285168e-06	1.399260e-08
2.30287011e-06	1.416885e-08
2.30288853e-06	1.414009e-08
2.30290695e-06	1.389008e-08
2.30292538e-06	1.380878e-08
2.30294380e-06	1.397824e-08
2.30296222e-06	1.289322e-08
2.30298065e-06	1.380821e-08
2.30299907e-06	1.284612e-08
2.30301750e-06	1.316212e-08
2.30303592e-06	1.333424e-08
2.30305434e-06	1.401385e-08
2.30307277e-06	1.408913e-08
2.30309119e-06	1.408247e-08
2.30310962e-06	1.395875e-08
2.30312804e-06	1.362767e-08
2.30314647e-06	1.406469e-08
2.30316489e-06	1.417193e-08
2.30318332e-06	1.400400e-08
2.30320174e-06	1.353139e-08
2.30322017e-06	1.379357e-08
2.30323860e-06	1.425195e-08
2.30325702e-06	1.422061e-08
2.30327545e-06	1.406389e-08
2.30329387e-06	1.383326e-08
2.30331230e-06	1.329441e-08
2.30333073e-06	1.306466e-08
2.30334915e-06	1.310226e-08
2.30336758e-06	1.359745e-08
2.30338601e-06	1.420562e-08
2.30340443e-06	1.423112e-08
2.30342286e-06	1.429105e-08
2.30344129e-06	1.425186e-08
2.30345972e-06	1.412907e-08
2.30347814e-06	1.411918e-08
2.30349657e-06	1.418050e-08
2.30351500e-06	1.421294e-08
2.30353343e-06	1.401048e-08
2.30355186e-06	1.387689e-08
2.30357028e-06	1.365572e-08
2.30358871e-06	1.327624e-08
2.30360714e-06	1.327897e-08
2.30362557e-06	1.372958e-08
2.30364400e-06	1.397379e-08
2.30366243e-06	1.418986e-08
2.30368086e-06	1.412538e-08
2.30369929e-06	1.410282e-08
2.30371772e-06	1.397971e-08
2.30373615e-06	1.352097e-08
2.30375458e-06	1.344089e-08
2.30377301e-06	1.335007e-08
2.30379144e-06	1.358067e-08
2.30380987e-06	1.323396e-08
2.30382830e-06	1.325740e-08
2.30384673e-06	1.329117e-08
2.30386516e-06	1.368623e-08
2.30388359e-06	1.332168e-08
2.30390202e-06	1.301853e-08
2.30392045e-06	1.304612e-08
2.30393888e-06	1.371789e-08
2.30395731e-06	1.354272e-08
2.30397575e-06	1.379645e-08
2.30399418e-06	1.413385e-08
2.30401261e-06	1.410750e-08
2.30403104e-06	1.421234e-08
2.30404947e-06	1.413660e-08
2.30406791e-06	1.402248e-08
2.30408634e-06	1.400349e-08
2.30410477e-06	1.406148e-08
2.30412321e-06	1.420568e-08
2.30414164e-06	1.423119e-08
2.30416007e-06	1.415714e-08
2.30417850e-06	1.410808e-08
2.30419694e-06	1.406851e-08
2.30421537e-06	1.395553e-08
2.30423381e-06	1.394943e-08
2.30425224e-06	1.414709e-08
2.30427067e-06	1.402427e-08
2.30428911e-06	1.403912e-08
2.30430754e-06	1.407491e-08
2.30432598e-06	1.388528e-08
2.30434441e-06	1.399512e-08
2.30436285e-06	1.419345e-08
2.30438128e-06	1.430341e-08
2.30439971e-06	1.424767e-08
2.30441815e-06	1.425111e-08
2.30443659e-06	1.424513e-08
2.30445502e-06	1.404273e-08
2.30447346e-06	1.411185e-08
2.30449189e-06	1.412981e-08
2.30451033e-06	1.409753e-08
2.30452877e-06	1.410440e-08
2.30454720e-06	1.421755e-08
2.30456564e-06	1.413755e-08
2.30458407e-06	1.415839e-08
2.30460251e-06	1.416700e-08
2.30462095e-06	1.401019e-08
2.30463938e-06	1.385426e-08
2.30465782e-06	1.402003e-08
2.30467626e-06	1.421760e-08
2.30469470e-06	1.405814e-08
2.30471313e-06	1.384324e-08
2.30473157e-06	1.328820e-08
2.30475001e-06	1.350694e-08
2.30476845e-06	1.398784e-08
2.30478688e-06	1.288646e-08
2.30480532e-06	1.380391e-08
2.30482376e-06	1.294852e-08
2.30484220e-06	1.399970e-08
2.30486064e-06	1.333962e-08
2.30487908e-06	1.335054e-08
2.30489752e-06	1.395236e-08
2.30491596e-06	1.387772e-08
2.30493440e-06	1.309102e-08
2.30495284e-06	1.348669e-08
2.30497128e-06	1.360552e-08
2.30498972e-06	1.321375e-08
2.30500815e-06	1.342847e-08
2.30502660e-06	1.407579e-08
2.30504504e-06	1.384454e-08
2.30506347e-06	1.381775e-08
2.30508192e-06	1.377054e-08
2.30510036e-06	1.384736e-08
2.30511880e-06	1.397663e-08
2.30513724e-06	1.406479e-08
2.30515568e-06	1.389883e-08
2.30517412e-06	1.396480e-08
2.30519256e-06	1.406235e-08
2.30521100e-06	1.383832e-08
2.30522944e-06	1.394596e-08
2.30524789e-06	1.403914e-08
2.30526633e-06	1.399316e-08
2.30528477e-06	1.403948e-08
2.30530321e-06	1.411606e-08
2.30532166e-06	1.390371e-08
2.30534010e-06	1.393937e-08
2.30535854e-06	1.398081e-08
2.30537698e-06	1.401751e-08
2.30539543e-06	1.377371e-08
2.30541387e-06	1.286637e-08
2.30543231e-06	1.344357e-08
2.30545076e-06	1.391655e-08
2.30546920e-06	1.355699e-08
2.30548764e-06	1.285796e-08
2.30550609e-06	1.357039e-08
2.30552453e-06	1.411387e-08
2.30554298e-06	1.421896e-08
2.30556142e-06	1.415778e-08
2.30557987e-06	1.404649e-08
2.30559831e-06	1.409855e-08
2.30561675e-06	1.404969e-08
2.30563520e-06	1.308419e-08
2.30565365e-06	1.280900e-08
2.30567209e-06	1.361165e-08
2.30569054e-06	1.390822e-08
2.30570898e-06	1.406868e-08
2.30572743e-06	1.373195e-08
2.30574587e-06	1.371570e-08
2.30576432e-06	1.332348e-08
2.30578276e-06	1.370552e-08
2.30580121e-06	1.339126e-08
2.30581966e-06	1.413587e-08
2.30583810e-06	1.418518e-08
2.30585655e-06	1.370401e-08
2.30587500e-06	1.296826e-08
2.30589344e-06	1.316845e-08
2.30591189e-06	1.373899e-08
2.30593034e-06	1.394968e-08
2.30594879e-06	1.371516e-08
2.30596723e-06	1.376836e-08
2.30598568e-06	1.373798e-08
2.30600413e-06	1.399073e-08
2.30602258e-06	1.413122e-08
2.30604102e-06	1.420310e-08
2.30605947e-06	1.423190e-08
2.30607792e-06	1.416843e-08
2.30609637e-06	1.411678e-08
2.30611482e-06	1.405873e-08
2.30613327e-06	1.370559e-08
2.30615172e-06	1.368776e-08
2.30617017e-06	1.394027e-08
2.30618862e-06	1.362377e-08
2.30620707e-06	1.353118e-08
2.30622551e-06	1.376631e-08
2.30624396e-06	1.406720e-08
2.30626241e-06	1.405505e-08
2.30628087e-06	1.403651e-08
2.30629932e-06	1.412429e-08
2.30631777e-06	1.424133e-08
2.30633622e-06	1.414112e-08
2.30635467e-06	1.402245e-08
2.30637312e-06	1.408048e-08
2.30639157e-06	1.403672e-08
2.30641002e-06	1.390460e-08
2.30642847e-06	1.414022e-08
2.30644692e-06	1.391606e-08
2.30646537e-06	1.375150e-08
2.30648383e-06	1.370211e-08
2.30650228e-06	1.362547e-08
2.30652073e-06	1.368549e-08
2.30653918e-06	1.329376e-08
2.30655763e-06	1.355154e-08
2.30657609e-06	1.385816e-08
2.30659454e-06	1.404543e-08
2.30661299e-06	1.409878e-08
2.30663144e-06	1.374223e-08
2.30664990e-06	1.330773e-08
2.30666835e-06	1.279448e-08
2.30668681e-06	1.353753e-08
2.30670526e-06	1.377692e-08
2.30672371e-06	1.370387e-08
2.30674217e-06	1.405005e-08
2.30676062e-06	1.337621e-08
2.30677907e-06	1.354757e-08
2.30679753e-06	1.358556e-08
2.30681598e-06	1.374273e-08
2.30683444e-06	1.373006e-08
2.30685289e-06	1.327921e-08
2.30687135e-06	1.389052e-08
2.30688980e-06	1.404636e-08
2.30690826e-06	1.364040e-08
2.30692671e-06	1.308432e-08
2.30694517e-06	1.379110e-08
2.30696362e-06	1.396234e-08
2.30698208e-06	1.411209e-08
2.30700053e-06	1.419448e-08
2.30701899e-06	1.421084e-08
2.30703745e-06	1.409707e-08
2.30705590e-06	1.394633e-08
2.30707436e-06	1.415912e-08
2.30709282e-06	1.415219e-08
2.30711127e-06	1.418592e-08
2.30712973e-06	1.420680e-08
2.30714819e-06	1.420627e-08
2.30716664e-06	1.419531e-08
2.30718510e-06	1.420935e-08
2.30720356e-06	1.420887e-08
2.30722202e-06	1.406678e-08
2.30724047e-06	1.383756e-08
2.30725893e-06	1.394851e-08
2.30727739e-06	1.411272e-08
2.30729585e-06	1.358634e-08
2.30731431e-06	1.341113e-08
2.30733277e-06	1.402489e-08
2.30735122e-06	1.415915e-08
2.30736968e-06	1.407429e-08
2.30738814e-06	1.367251e-08
2.30740660e-06	1.370765e-08
2.30742506e-06	1.409261e-08
2.30744352e-06	1.422756e-08
2.30746198e-06	1.420650e-08
2.30748044e-06	1.397732e-08
2.30749890e-06	1.385857e-08
2.30751736e-06	1.334634e-08
2.30753582e-06	1.372924e-08
2.30755428e-06	1.401239e-08
2.30757274e-06	1.398397e-08
2.30759120e-06	1.387213e-08
2.30760966e-06	1.345246e-08
2.30762812e-06	1.281588e-08
2.30764658e-06	1.268841e-08
2.30766504e-06	1.328877e-08
2.30768351e-06	1.365894e-08
2.30770197e-06	1.406862e-08
2.30772043e-06	1.425676e-08
2.30773889e-06	1.423442e-08
2.30775735e-06	1.424002e-08
2.30777581e-06	1.420376e-08
2.30779428e-06	1.367958e-08
2.30781274e-06	1.337989e-08
2.30783120e-06	1.349330e-08
2.30784966e-06	1.360391e-08
2.30786813e-06	1.368649e-08
2.30788659e-06	1.408258e-08
2.30790505e-06	1.420593e-08
2.30792352e-06	1.413935e-08
2.30794198e-06	1.399655e-08
2.30796044e-06	1.414918e-08
2.30797891e-06	1.415529e-08
2.30799737e-06	1.405593e-08
2.30801583e-06	1.325980e-08
2.30803430e-06	1.373193e-08
2.30805276e-06	1.349982e-08
2.30807123e-06	1.383220e-08
2.30808969e-06	1.408303e-08
2.30810816e-06	1.403187e-08
2.30812662e-06	1.399427e-08
2.30814509e-06	1.413339e-08
2.30816355e-06	1.422297e-08
2.30818202e-06	1.415360e-08
2.30820048e-06	1.391308e-08
2.30821895e-06	1.400448e-08
2.30823741e-06	1.410121e-08
2.30825588e-06	1.415701e-08
2.30827434e-06	1.385041e-08
2.30829281e-06	1.355683e-08
2.30831128e-06	1.396650e-08
2.30832974e-06	1.408940e-08
2.30834821e-06	1.404057e-08
2.30836668e-06	1.395930e-08
2.30838514e-06	1.392599e-08
2.30840361e-06	1.407873e-08
2.30842208e-06	1.415456e-08
2.30844055e-06	1.418800e-08
2.30845901e-06	1.409805e-08
2.30847748e-06	1.392534e-08
2.30849595e-06	1.372701e-08
2.30851442e-06	1.348648e-08
2.30853288e-06	1.381952e-08
2.30855135e-06	1.404321e-08
2.30856982e-06	1.403286e-08
2.30858829e-06	1.402518e-08
2.30860676e-06	1.412434e-08
2.30862523e-06	1.421078e-08
2.30864370e-06	1.409586e-08
2.30866217e-06	1.411691e-08
2.30868063e-06	1.422721e-08
2.30869911e-06	1.408509e-08
2.30871757e-06	1.395970e-08
2.30873604e-06	1.385664e-08
2.30875451e-06	1.391427e-08
2.30877298e-06	1.415986e-08
2.30879145e-06	1.397376e-08
2.30880992e-06	1.351481e-08
2.30882840e-06	1.364859e-08
2.30884687e-06	1.411229e-08
2.30886534e-06	1.416913e-08
2.30888381e-06	1.388336e-08
2.30890228e-06	1.348048e-08
2.30892075e-06	1.315474e-08
2.30893922e-06	1.373740e-08
2.30895769e-06	1.315033e-08
2.30897616e-06	1.364332e-08
2.30899464e-06	1.314758e-08
2.30901311e-06	1.357261e-08
2.30903158e-06	1.403516e-08
2.30905005e-06	1.397519e-08
2.30906852e-06	1.382112e-08
2.30908700e-06	1.327298e-08
2.30910547e-06	1.323659e-08
2.30912394e-06	1.363874e-08
2.30914242e-06	1.371925e-08
2.30916089e-06	1.324079e-08
2.30917936e-06	1.390975e-08
2.30919784e-06	1.351189e-08
2.30921631e-06	1.356336e-08
2.30923478e-06	1.388829e-08
2.30925326e-06	1.405468e-08
2.30927173e-06	1.415081e-08
2.30929021e-06	1.408086e-08
2.30930868e-06	1.419459e-08
2.30932715e-06	1.408537e-08
2.30934563e-06	1.387513e-08
2.30936410e-06	1.317085e-08
2.30938258e-06	1.364008e-08
2.30940105e-06	1.412544e-08
2.30941953e-06	1.394442e-08
2.30943800e-06	1.382161e-08
2.30945648e-06	1.362409e-08
2.30947495e-06	1.348443e-08
2.30949343e-06	1.388476e-08
2.30951191e-06	1.385966e-08
2.30953038e-06	1.368118e-08
2.30954886e-06	1.382732e-08
2.30956733e-06	1.404230e-08
2.30958581e-06	1.409516e-08
2.30960429e-06	1.402884e-08
2.30962277e-06	1.404824e-08
2.30964124e-06	1.407948e-08
2.30965972e-06	1.316789e-08
2.30967820e-06	1.273488e-08
2.30969667e-06	1.332216e-08
2.30971515e-06	1.409867e-08
2.30973363e-06	1.423086e-08
2.30975211e-06	1.379917e-08
2.30977059e-06	1.282940e-08
2.30978906e-06	1.316976e-08
2.30980754e-06	1.348886e-08
2.30982602e-06	1.343355e-08
2.30984450e-06	1.313099e-08
2.30986298e-06	1.398295e-08
2.30988146e-06	1.407373e-08
2.30989994e-06	1.392052e-08
2.30991842e-06	1.383016e-08
2.30993689e-06	1.343380e-08
2.30995537e-06	1.376576e-08
2.30997385e-06	1.408600e-08
2.30999233e-06	1.380182e-08
2.31001081e-06	1.361779e-08
2.31002929e-06	1.406070e-08
2.31004777e-06	1.289949e-08
2.31006625e-06	1.379217e-08
2.31008473e-06	1.275839e-08
2.31010321e-06	1.391897e-08
2.31012170e-06	1.383151e-08
2.31014018e-06	1.339363e-08
2.31015866e-06	1.371476e-08
2.31017714e-06	1.409468e-08
2.31019562e-06	1.417344e-08
2.31021410e-06	1.391667e-08
2.31023258e-06	1.396977e-08
2.31025107e-06	1.422240e-08
2.31026955e-06	1.426415e-08
2.31028803e-06	1.418932e-08
2.31030651e-06	1.417286e-08
2.31032499e-06	1.396913e-08
2.31034348e-06	1.329863e-08
2.31036196e-06	1.374470e-08
2.31038044e-06	1.328840e-08
2.31039893e-06	1.312143e-08
2.31041741e-06	1.361405e-08
2.31043589e-06	1.393269e-08
2.31045438e-06	1.356308e-08
2.31047286e-06	1.342650e-08
2.31049134e-06	1.359835e-08
2.31050983e-06	1.313892e-08
2.31052831e-06	1.374620e-08
2.31054680e-06	1.403558e-08
2.31056528e-06	1.396274e-08
2.31058377e-06	1.359916e-08
2.31060225e-06	1.391704e-08
2.31062073e-06	1.425318e-08
2.31063922e-06	1.412738e-08
2.31065770e-06	1.388242e-08
2.31067619e-06	1.410381e-08
2.31069467e-06	1.400429e-08
2.31071316e-06	1.386663e-08
2.31073165e-06	1.371745e-08
2.31075013e-06	1.382244e-08
2.31076862e-06	1.384207e-08
2.31078710e-06	1.390078e-08
2.31080559e-06	1.365656e-08
2.31082408e-06	1.388750e-08
2.31084256e-06	1.402502e-08
2.31086105e-06	1.397116e-08
2.31087954e-06	1.398607e-08
2.31089802e-06	1.367453e-08
2.31091651e-06	1.345648e-08
2.31093500e-06	1.371352e-08
2.31095349e-06	1.384458e-08
2.31097197e-06	1.318426e-08
2.31099046e-06	1.324433e-08
2.31100895e-06	1.367187e-08
2.31102744e-06	1.380241e-08
2.31104593e-06	1.410508e-08
2.31106441e-06	1.420500e-08
2.31108290e-06	1.395695e-08
2.31110139e-06	1.397809e-08
2.31111988e-06	1.415605e-08
2.31113837e-06	1.423304e-08
2.31115686e-06	1.415627e-08
2.31117535e-06	1.331926e-08
2.31119384e-06	1.269770e-08
2.31121233e-06	1.284612e-08
2.31123082e-06	1.345765e-08
2.31124931e-06	1.357488e-08
2.31126780e-06	1.362178e-08
2.31128629e-06	1.373383e-08
2.31130478e-06	1.357816e-08
2.31132327e-06	1.333491e-08
2.31134176e-06	1.327880e-08
2.31136025e-06	1.369686e-08
2.31137874e-06	1.397967e-08
2.31139723e-06	1.408349e-08
2.31141572e-06	1.388865e-08
2.31143421e-06	1.376769e-08
2.31145270e-06	1.376166e-08
2.31147120e-06	1.311071e-08
2.31148969e-06	1.365392e-08
2.31150818e-06	1.390308e-08
2.31152667e-06	1.358097e-08
2.31154516e-06	1.346828e-08
2.31156366e-06	1.276506e-08
2.31158215e-06	1.358715e-08
2.31160064e-06	1.419376e-08
2.31161913e-06	1.382087e-08
2.31163763e-06	1.326032e-08
2.31165612e-06	1.303476e-08
2.31167461e-06	1.349553e-08
2.31169311e-06	1.394409e-08
2.31171160e-06	1.407284e-08
2.31173009e-06	1.377024e-08
2.31174859e-06	1.373406e-08
2.31176708e-06	1.396126e-08
2.31178558e-06	1.369093e-08
2.31180407e-06	1.394347e-08
2.31182257e-06	1.394263e-08
2.31184106e-06	1.363222e-08
2.31185955e-06	1.372681e-08
2.31187805e-06	1.410689e-08
2.31189654e-06	1.367267e-08
2.31191504e-06	1.349598e-08
2.31193353e-06	1.386526e-08
2.31195203e-06	1.361824e-08
2.31197052e-06	1.388684e-08
2.31198902e-06	1.410888e-08
2.31200752e-06	1.397729e-08
2.31202601e-06	1.374013e-08
2.31204451e-06	1.304993e-08
2.31206301e-06	1.336969e-08
2.31208150e-06	1.363783e-08
2.31210000e-06	1.400893e-08
2.31211850e-06	1.408090e-08
2.31213699e-06	1.390802e-08
2.31215549e-06	1.402722e-08
2.31217399e-06	1.400619e-08
2.31219248e-06	1.381096e-08
2.31221098e-06	1.361832e-08
2.31222948e-06	1.369226e-08
2.31224798e-06	1.384028e-08
2.31226648e-06	1.385726e-08
2.31228497e-06	1.363787e-08
2.31230347e-06	1.351694e-08
2.31232197e-06	1.409290e-08
2.31234047e-06	1.394789e-08
2.31235897e-06	1.369375e-08
2.31237747e-06	1.346986e-08
2.31239596e-06	1.361289e-08
2.31241446e-06	1.398542e-08
2.31243296e-06	1.304545e-08
2.31245146e-06	1.376527e-08
2.31246996e-06	1.291254e-08
2.31248846e-06	1.378899e-08
2.31250696e-06	1.395644e-08
2.31252546e-06	1.401079e-08
2.31254396e-06	1.357457e-08
2.31256246e-06	1.387694e-08
2.31258096e-06	1.370360e-08
2.31259946e-06	1.349799e-08
2.31261796e-06	1.405214e-08
2.31263647e-06	1.403851e-08
2.31265497e-06	1.402636e-08
2.31267347e-06	1.419233e-08
2.31269197e-06	1.412667e-08
2.31271047e-06	1.376739e-08
2.31272897e-06	1.390130e-08
2.31274748e-06	1.383349e-08
2.31276598e-06	1.386104e-08
2.31278448e-06	1.415666e-08
2.31280298e-06	1.407930e-08
2.31282148e-06	1.403960e-08
2.31283999e-06	1.330310e-08
2.31285849e-06	1.353012e-08
2.31287699e-06	1.387127e-08
2.31289550e-06	1.400326e-08
2.31291400e-06	1.374829e-08
2.31293250e-06	1.368253e-08
2.31295100e-06	1.388238e-08
2.31296951e-06	1.358966e-08
2.31298801e-06	1.409719e-08
2.31300652e-06	1.397462e-08
2.31302502e-06	1.375102e-08
2.31304352e-06	1.381090e-08
2.31306203e-06	1.365722e-08
2.31308053e-06	1.358732e-08
2.31309904e-06	1.340894e-08
2.31311754e-06	1.339861e-08
2.31313605e-06	1.350684e-08
2.31315455e-06	1.376350e-08
2.31317306e-06	1.342084e-08
2.31319156e-06	1.369341e-08
2.31321007e-06	1.381613e-08
2.31322857e-06	1.323474e-08
2.31324708e-06	1.304828e-08
2.31326559e-06	1.401711e-08
2.31328409e-06	1.403588e-08
2.31330260e-06	1.391849e-08
2.31332111e-06	1.409427e-08
2.31333961e-06	1.421175e-08
2.31335812e-06	1.399255e-08
2.31337662e-06	1.388193e-08
2.31339513e-06	1.372911e-08
2.31341364e-06	1.373842e-08
2.31343215e-06	1.413973e-08
2.31345065e-06	1.421365e-08
2.31346916e-06	1.404380e-08
2.31348767e-06	1.402313e-08
2.31350618e-06	1.408877e-08
2.31352469e-06	1.405868e-08
2.31354319e-06	1.412109e-08
2.31356170e-06	1.404689e-08
2.31358021e-06	1.401764e-08
2.31359872e-06	1.336533e-08
2.31361723e-06	1.345093e-08
2.31363574e-06	1.396980e-08
2.31365425e-06	1.393389e-08
2.31367275e-06	1.375111e-08
2.31369127e-06	1.281147e-08
2.31370977e-06	1.375208e-08
2.31372828e-06	1.294515e-08
2.31374679e-06	1.413687e-08
2.31376530e-06	1.381237e-08
2.31378381e-06	1.367976e-08
2.31380232e-06	1.392961e-08
2.31382083e-06	1.325857e-08
2.31383935e-06	1.321008e-08
2.31385786e-06	1.369254e-08
2.31387637e-06	1.391448e-08
2.31389488e-06	1.376693e-08
2.31391339e-06	1.393920e-08
2.31393190e-06	1.399116e-08
2.31395041e-06	1.366179e-08
2.31396892e-06	1.379140e-08
2.31398744e-06	1.385380e-08
2.31400595e-06	1.346103e-08
2.31402446e-06	1.374860e-08
2.31404297e-06	1.273193e-08
2.31406148e-06	1.271917e-08
2.31408000e-06	1.369662e-08
2.31409851e-06	1.410071e-08
2.31411702e-06	1.403571e-08
2.31413553e-06	1.409793e-08
2.31415405e-06	1.365847e-08
2.31417256e-06	1.403443e-08
2.31419107e-06	1.399784e-08
2.31420959e-06	1.413117e-08
2.31422810e-06	1.407890e-08
2.31424662e-06	1.381418e-08
2.31426513e-06	1.389571e-08
2.31428364e-06	1.404010e-08
2.31430216e-06	1.419752e-08
2.31432067e-06	1.386624e-08
2.31433919e-06	1.387252e-08
2.31435770e-06	1.393634e-08
2.31437622e-06	1.370417e-08
2.31439473e-06	1.354273e-08
2.31441325e-06	1.379742e-08
2.31443176e-06	1.362834e-08
2.31445028e-06	1.385763e-08
2.31446879e-06	1.365000e-08
2.31448731e-06	1.375675e-08
2.31450582e-06	1.392360e-08
2.31452434e-06	1.363688e-08
2.31454286e-06	1.308701e-08
2.31456137e-06	1.372060e-08
2.31457989e-06	1.411091e-08
2.31459841e-06	1.409198e-08
2.31461692e-06	1.409697e-08
2.31463544e-06	1.424173e-08
2.31465396e-06	1.397548e-08
2.31467247e-06	1.277550e-08
2.31469099e-06	1.268240e-08
2.31470951e-06	1.327153e-08
2.31472803e-06	1.321930e-08
2.31474654e-06	1.289856e-08
2.31476506e-06	1.354177e-08
2.31478358e-06	1.396553e-08
2.31480210e-06	1.324473e-08
2.31482062e-06	1.321151e-08
2.31483913e-06	1.402499e-08
2.31485765e-06	1.350003e-08
2.31487617e-06	1.296186e-08
2.31489469e-06	1.381207e-08
2.31491321e-06	1.371542e-08
2.31493173e-06	1.375513e-08
2.31495025e-06	1.373088e-08
2.31496877e-06	1.286468e-08
2.31498729e-06	1.294345e-08
2.31500581e-06	1.373319e-08
2.31502433e-06	1.305824e-08
2.31504285e-06	1.401851e-08
2.31506137e-06	1.355694e-08
2.31507989e-06	1.368785e-08
2.31509841e-06	1.397280e-08
2.31511693e-06	1.359343e-08
2.31513545e-06	1.366457e-08
2.31515397e-06	1.399188e-08
2.31517250e-06	1.400645e-08
2.31519102e-06	1.416795e-08
2.31520954e-06	1.407218e-08
2.31522806e-06	1.388226e-08
2.31524658e-06	1.390154e-08
2.31526510e-06	1.408447e-08
2.31528362e-06	1.367633e-08
2.31530215e-06	1.281091e-08
2.31532067e-06	1.314501e-08
2.31533919e-06	1.381647e-08
2.31535771e-06	1.410372e-08
2.31537624e-06	1.414768e-08
2.31539476e-06	1.417810e-08
2.31541328e-06	1.392974e-08
2.31543181e-06	1.357904e-08
2.31545033e-06	1.374887e-08
2.31546885e-06	1.398504e-08
2.31548738e-06	1.390680e-08
2.31550590e-06	1.391821e-08
2.31552443e-06	1.355637e-08
2.31554295e-06	1.392340e-08
2.31556148e-06	1.398260e-08
2.31558000e-06	1.421931e-08
2.31559852e-06	1.390414e-08
2.31561705e-06	1.390491e-08
2.31563557e-06	1.415372e-08
2.31565410e-06	1.417819e-08
2.31567262e-06	1.414036e-08
2.31569115e-06	1.371388e-08
2.31570967e-06	1.361403e-08
2.31572820e-06	1.376946e-08
2.31574673e-06	1.372699e-08
2.31576525e-06	1.354620e-08
2.31578378e-06	1.357021e-08
2.31580231e-06	1.387360e-08
2.31582083e-06	1.381733e-08
2.31583936e-06	1.401695e-08
2.31585788e-06	1.351596e-08
2.31587641e-06	1.302159e-08
2.31589494e-06	1.393366e-08
2.31591347e-06	1.418756e-08
2.31593199e-06	1.418166e-08
2.31595052e-06	1.397013e-08
2.31596905e-06	1.374708e-08
2.31598758e-06	1.384522e-08
2.31600610e-06	1.363191e-08
2.31602463e-06	1.396573e-08
2.31604316e-06	1.418808e-08
2.31606169e-06	1.423010e-08
2.31608022e-06	1.400032e-08
2.31609875e-06	1.382797e-08
2.31611727e-06	1.362263e-08
2.31613580e-06	1.344965e-08
2.31615433e-06	1.342971e-08
2.31617286e-06	1.336850e-08
2.31619139e-06	1.395271e-08
2.31620992e-06	1.397762e-08
2.31622845e-06	1.370615e-08
2.31624698e-06	1.296404e-08
2.31626551e-06	1.304638e-08
2.31628404e-06	1.322479e-08
2.31630257e-06	1.341584e-08
2.31632110e-06	1.280576e-08
2.31633963e-06	1.375221e-08
2.31635816e-06	1.294901e-08
2.31637669e-06	1.383766e-08
2.31639522e-06	1.366353e-08
2.31641375e-06	1.296314e-08
2.31643229e-06	1.286047e-08
2.31645082e-06	1.358003e-08
2.31646935e-06	1.357317e-08
2.31648788e-06	1.387276e-08
2.31650641e-06	1.398043e-08
2.31652494e-06	1.401255e-08
2.31654348e-06	1.405711e-08
2.31656201e-06	1.341751e-08
2.31658054e-06	1.342290e-08
2.31659908e-06	1.376057e-08
2.31661761e-06	1.334531e-08
2.31663614e-06	1.352806e-08
2.31665467e-06	1.383460e-08
2.31667321e-06	1.384848e-08
2.31669174e-06	1.360786e-08
2.31671027e-06	1.395666e-08
2.31672881e-06	1.404425e-08
2.31674734e-06	1.405472e-08
2.31676587e-06	1.363625e-08
2.31678441e-06	1.399639e-08
2.31680294e-06	1.420503e-08
2.31682148e-06	1.378374e-08
2.31684001e-06	1.309649e-08
2.31685855e-06	1.373181e-08
2.31687708e-06	1.397685e-08
2.31689562e-06	1.396517e-08
2.31691415e-06	1.405148e-08
2.31693269e-06	1.357288e-08
2.31695122e-06	1.408623e-08
2.31696976e-06	1.417654e-08
2.31698830e-06	1.374317e-08
2.31700683e-06	1.346578e-08
2.31702537e-06	1.350095e-08
2.31704390e-06	1.304614e-08
2.31706244e-06	1.359839e-08
2.31708098e-06	1.396858e-08
2.31709951e-06	1.416837e-08
2.31711805e-06	1.410915e-08
2.31713659e-06	1.399125e-08
2.31715512e-06	1.325123e-08
2.31717366e-06	1.334380e-08
2.31719220e-06	1.397959e-08
2.31721073e-06	1.405467e-08
2.31722927e-06	1.399020e-08
2.31724781e-06	1.406068e-08
2.31726635e-06	1.412491e-08
2.31728489e-06	1.404022e-08
2.31730342e-06	1.403923e-08
2.31732196e-06	1.390931e-08
2.31734050e-06	1.390043e-08
2.31735904e-06	1.408428e-08
2.31737758e-06	1.409230e-08
2.31739612e-06	1.389779e-08
2.31741466e-06	1.385122e-08
2.31743320e-06	1.385621e-08
2.31745174e-06	1.317328e-08
2.31747028e-06	1.371094e-08
2.31748882e-06	1.347704e-08
2.31750736e-06	1.312511e-08
2.31752590e-06	1.361015e-08
2.31754444e-06	1.392082e-08
2.31756298e-06	1.405968e-08
2.31758152e-06	1.379465e-08
2.31760006e-06	1.264667e-08
2.31761860e-06	1.265313e-08
2.31763714e-06	1.376177e-08
2.31765568e-06	1.411160e-08
2.31767422e-06	1.394554e-08
2.31769276e-06	1.301968e-08
2.31771131e-06	1.368280e-08
2.31772985e-06	1.283593e-08
2.31774839e-06	1.351866e-08
2.31776693e-06	1.380121e-08
2.31778547e-06	1.305591e-08
2.31780401e-06	1.357566e-08
2.31782256e-06	1.399422e-08
2.31784110e-06	1.413644e-08
2.31785964e-06	1.414150e-08
2.31787819e-06	1.352943e-08
2.31789673e-06	1.338321e-08
2.31791527e-06	1.407519e-08
2.31793381e-06	1.405900e-08
2.31795236e-06	1.382822e-08
2.31797090e-06	1.396711e-08
2.31798945e-06	1.408105e-08
2.31800799e-06	1.341342e-08
2.31802653e-06	1.324883e-08
2.31804508e-06	1.383811e-08
2.31806362e-06	1.384586e-08
2.31808217e-06	1.377974e-08
2.31810071e-06	1.358393e-08
2.31811926e-06	1.403248e-08
2.31813780e-06	1.388790e-08
2.31815635e-06	1.322869e-08
2.31817489e-06	1.345089e-08
2.31819344e-06	1.415379e-08
2.31821198e-06	1.409417e-08
2.31823053e-06	1.375942e-08
2.31824907e-06	1.370118e-08
2.31826762e-06	1.309780e-08
2.31828617e-06	1.357061e-08
2.31830471e-06	1.405172e-08
2.31832326e-06	1.418870e-08
2.31834181e-06	1.407526e-08
2.31836035e-06	1.398246e-08
2.31837890e-06	1.385029e-08
2.31839745e-06	1.388902e-08
2.31841599e-06	1.415157e-08
2.31843454e-06	1.419834e-08
2.31845309e-06	1.385088e-08
2.31847164e-06	1.338831e-08
2.31849018e-06	1.300160e-08
2.31850873e-06	1.348764e-08
2.31852728e-06	1.381591e-08
2.31854583e-06	1.402578e-08
2.31856438e-06	1.408642e-08
2.31858292e-06	1.400387e-08
2.31860147e-06	1.384955e-08
2.31862002e-06	1.387235e-08
2.31863857e-06	1.367920e-08
2.31865712e-06	1.399432e-08
2.31867567e-06	1.393971e-08
2.31869422e-06	1.382084e-08
2.31871277e-06	1.386436e-08
2.31873132e-06	1.395022e-08
2.31874987e-06	1.395871e-08
2.31876842e-06	1.408942e-08
2.31878697e-06	1.417319e-08
2.31880552e-06	1.414591e-08
2.31882407e-06	1.397075e-08
2.31884262e-06	1.398785e-08
2.31886117e-06	1.370948e-08
2.31887972e-06	1.353299e-08
2.31889827e-06	1.370394e-08
2.31891682e-06	1.388904e-08
2.31893538e-06	1.383332e-08
2.31895393e-06	1.391035e-08
2.31897248e-06	1.400304e-08
2.31899103e-06	1.380800e-08
2.31900958e-06	1.378655e-08
2.31902813e-06	1.371792e-08
2.31904669e-06	1.384363e-08
2.31906524e-06	1.350002e-08
2.31908379e-06	1.387097e-08
2.31910234e-06	1.359517e-08
2.31912090e-06	1.338535e-08
2.31913945e-06	1.346093e-08
2.31915800e-06	1.378251e-08
2.31917656e-06	1.405426e-08
2.31919511e-06	1.414580e-08
2.31921366e-06	1.412399e-08
2.31923222e-06	1.403192e-08
2.31925077e-06	1.383378e-08
2.31926932e-06	1.390777e-08
2.31928788e-06	1.392555e-08
2.31930643e-06	1.382872e-08
2.31932499e-06	1.380179e-08
2.31934354e-06	1.365698e-08
2.31936210e-06	1.384019e-08
2.31938065e-06	1.390061e-08
2.31939921e-06	1.406347e-08
2.31941776e-06	1.409696e-08
2.31943632e-06	1.419206e-08
2.31945487e-06	1.389894e-08
2.31947343e-06	1.341276e-08
2.31949198e-06	1.362596e-08
2.31951054e-06	1.307710e-08
2.31952910e-06	1.283379e-08
2.31954765e-06	1.286221e-08
2.31956621e-06	1.280503e-08
2.31958477e-06	1.346819e-08
2.31960332e-06	1.410158e-08
2.31962188e-06	1.422630e-08
2.31964044e-06	1.420428e-08
2.31965899e-06	1.416810e-08
2.31967755e-06	1.393939e-08
2.31969611e-06	1.335452e-08
2.31971466e-06	1.356808e-08
2.31973322e-06	1.374902e-08
2.31975178e-06	1.410629e-08
2.31977034e-06	1.417237e-08
2.31978890e-06	1.412761e-08
2.31980746e-06	1.418083e-08
2.31982601e-06	1.413189e-08
2.31984457e-06	1.411737e-08
2.31986313e-06	1.403690e-08
2.31988169e-06	1.375312e-08
2.31990025e-06	1.388840e-08
2.31991881e-06	1.414109e-08
2.31993737e-06	1.419241e-08
2.31995593e-06	1.391652e-08
2.31997449e-06	1.387264e-08
2.31999305e-06	1.356245e-08
2.32001161e-06	1.296192e-08
2.32003017e-06	1.379421e-08
2.32004873e-06	1.415206e-08
2.32006729e-06	1.385090e-08
2.32008585e-06	1.369380e-08
2.32010441e-06	1.390759e-08
2.32012297e-06	1.409467e-08
2.32014153e-06	1.396813e-08
2.32016009e-06	1.407633e-08
2.32017865e-06	1.393239e-08
2.32019721e-06	1.399117e-08
2.32021577e-06	1.394161e-08
2.32023434e-06	1.398940e-08
2.32025290e-06	1.392552e-08
2.32027146e-06	1.332060e-08
2.32029002e-06	1.390181e-08
2.32030858e-06	1.418511e-08
2.32032715e-06	1.424788e-08
2.32034571e-06	1.408801e-08
2.32036427e-06	1.318385e-08
2.32038284e-06	1.302273e-08
2.32040140e-06	1.379280e-08
2.32041996e-06	1.315933e-08
2.32043853e-06	1.284528e-08
2.32045709e-06	1.390346e-08
2.32047565e-06	1.408902e-08
2.32049422e-06	1.387595e-08
2.32051278e-06	1.376465e-08
2.32053135e-06	1.350374e-08
2.32054991e-06	1.347374e-08
2.32056847e-06	1.277367e-08
2.32058704e-06	1.372197e-08
2.32060560e-06	1.272247e-08
2.32062417e-06	1.295080e-08
2.32064273e-06	1.354242e-08
2.32066130e-06	1.367282e-08
2.32067986e-06	1.368954e-08
2.32069843e-06	1.379306e-08
2.32071699e-06	1.384115e-08
2.32073556e-06	1.293255e-08
2.32075413e-06	1.314085e-08
2.32077269e-06	1.360336e-08
2.32079126e-06	1.400812e-08
2.32080982e-06	1.409446e-08
2.32082839e-06	1.414144e-08
2.32084696e-06	1.404650e-08
2.32086552e-06	1.370802e-08
2.32088409e-06	1.286931e-08
2.32090266e-06	1.317468e-08
2.32092123e-06	1.344544e-08
2.32093979e-06	1.314536e-08
2.32095836e-06	1.318222e-08
2.32097693e-06	1.385127e-08
2.32099550e-06	1.380523e-08
2.32101406e-06	1.340786e-08
2.32103263e-06	1.340925e-08
2.32105120e-06	1.311444e-08
2.32106977e-06	1.387660e-08
2.32108834e-06	1.419099e-08
2.32110691e-06	1.418502e-08
2.32112547e-06	1.386096e-08
2.32114404e-06	1.338676e-08
2.32116261e-06	1.384662e-08
2.32118118e-06	1.339559e-08
2.32119975e-06	1.277207e-08
2.32121832e-06	1.348146e-08
2.32123689e-06	1.400763e-08
2.32125546e-06	1.412437e-08
2.32127403e-06	1.388334e-08
2.32129260e-06	1.392882e-08
2.32131117e-06	1.362901e-08
2.32132974e-06	1.310306e-08
2.32134831e-06	1.330136e-08
2.32136688e-06	1.367117e-08
2.32138545e-06	1.413635e-08
2.32140403e-06	1.415016e-08
2.32142260e-06	1.409091e-08
2.32144117e-06	1.387922e-08
2.32145974e-06	1.412291e-08
2.32147831e-06	1.409357e-08
2.32149688e-06	1.355795e-08
2.32151545e-06	1.339867e-08
2.32153403e-06	1.360152e-08
2.32155260e-06	1.393606e-08
2.32157117e-06	1.413492e-08
2.32158974e-06	1.413180e-08
2.32160832e-06	1.411383e-08
2.32162689e-06	1.390363e-08
2.32164546e-06	1.312380e-08
2.32166404e-06	1.345533e-08
2.32168261e-06	1.400054e-08
2.32170118e-06	1.414270e-08
2.32171976e-06	1.412907e-08
2.32173833e-06	1.407638e-08
2.32175690e-06	1.402268e-08
2.32177548e-06	1.383089e-08
2.32179405e-06	1.358893e-08
2.32181263e-06	1.382110e-08
2.32183120e-06	1.358129e-08
2.32184978e-06	1.372846e-08
2.32186835e-06	1.383057e-08
2.32188692e-06	1.388314e-08
2.32190550e-06	1.376150e-08
2.32192408e-06	1.397130e-08
2.32194265e-06	1.316953e-08
2.32196123e-06	1.302680e-08
2.32197980e-06	1.383193e-08
2.32199838e-06	1.385156e-08
2.32201695e-06	1.381460e-08
2.32203553e-06	1.396932e-08
2.32205411e-06	1.389013e-08
2.32207268e-06	1.313511e-08
2.32209126e-06	1.358707e-08
2.32210984e-06	1.353451e-08
2.32212841e-06	1.412065e-08
2.32214699e-06	1.408586e-08
2.32216557e-06	1.377302e-08
2.32218414e-06	1.289676e-08
2.32220272e-06	1.312215e-08
2.32222130e-06	1.387166e-08
2.32223988e-06	1.371161e-08
2.32225846e-06	1.357478e-08
2.32227703e-06	1.405703e-08
2.32229561e-06	1.396801e-08
2.32231419e-06	1.357662e-08
2.32233277e-06	1.377100e-08
2.32235135e-06	1.369345e-08
2.32236993e-06	1.282788e-08
2.32238850e-06	1.300824e-08
2.32240708e-06	1.380709e-08
2.32242566e-06	1.397147e-08
2.32244424e-06	1.403881e-08
2.32246282e-06	1.342696e-08
2.32248140e-06	1.328599e-08
2.32249998e-06	1.351834e-08
2.32251856e-06	1.405635e-08
2.32253714e-06	1.374017e-08
2.32255572e-06	1.363091e-08
2.32257430e-06	1.384821e-08
2.32259288e-06	1.412762e-08
2.32261146e-06	1.405637e-08
2.32263005e-06	1.358079e-08
2.32264863e-06	1.325847e-08
2.32266721e-06	1.365095e-08
2.32268579e-06	1.356433e-08
2.32270437e-06	1.301518e-08
2.32272295e-06	1.336050e-08
2.32274153e-06	1.334205e-08
2.32276012e-06	1.343693e-08
2.32277870e-06	1.363626e-08
2.32279728e-06	1.380007e-08
2.32281586e-06	1.325589e-08
2.32283444e-06	1.302429e-08
2.32285303e-06	1.302771e-08
2.32287161e-06	1.347102e-08
2.32289019e-06	1.324862e-08
2.32290878e-06	1.309749e-08
2.32292736e-06	1.283291e-08
2.32294594e-06	1.297271e-08
2.32296453e-06	1.324546e-08
2.32298311e-06	1.369204e-08
2.32300169e-06	1.316040e-08
2.32302028e-06	1.355061e-08
2.32303886e-06	1.302373e-08
2.32305745e-06	1.408073e-08
2.32307603e-06	1.377117e-08
2.32309462e-06	1.333467e-08
2.32311320e-06	1.357945e-08
2.32313179e-06	1.307464e-08
2.32315037e-06	1.300058e-08
2.32316896e-06	1.283647e-08
2.32318754e-06	1.304459e-08
2.32320613e-06	1.325572e-08
2.32322471e-06	1.331214e-08
2.32324330e-06	1.388992e-08
2.32326188e-06	1.381084e-08
2.32328047e-06	1.364769e-08
2.32329906e-06	1.411954e-08
2.32331764e-06	1.415468e-08
2.32333623e-06	1.359310e-08
2.32335482e-06	1.299222e-08
2.32337340e-06	1.308575e-08
2.32339199e-06	1.373299e-08
2.32341058e-06	1.397782e-08
2.32342916e-06	1.350969e-08
2.32344775e-06	1.352636e-08
2.32346634e-06	1.299953e-08
2.32348493e-06	1.413087e-08
2.32350352e-06	1.420912e-08
2.32352210e-06	1.419212e-08
2.32354069e-06	1.370318e-08
2.32355928e-06	1.325596e-08
2.32357787e-06	1.381226e-08
2.32359646e-06	1.352709e-08
2.32361504e-06	1.348047e-08
2.32363363e-06	1.354043e-08
2.32365222e-06	1.349500e-08
2.32367081e-06	1.400769e-08
2.32368940e-06	1.417671e-08
2.32370799e-06	1.341125e-08
2.32372658e-06	1.349867e-08
2.32374517e-06	1.287765e-08
2.32376376e-06	1.336844e-08
2.32378235e-06	1.391001e-08
2.32380094e-06	1.339831e-08
2.32381953e-06	1.342436e-08
2.32383812e-06	1.399142e-08
2.32385671e-06	1.403261e-08
2.32387530e-06	1.402608e-08
2.32389389e-06	1.372217e-08
2.32391249e-06	1.369350e-08
2.32393108e-06	1.310647e-08
2.32394967e-06	1.295863e-08
2.32396826e-06	1.396125e-08
2.32398685e-06	1.385849e-08
2.32400544e-06	1.303818e-08
2.32402404e-06	1.264051e-08
2.32404263e-06	1.346321e-08
2.32406122e-06	1.317773e-08
2.32407981e-06	1.401436e-08
2.32409840e-06	1.382736e-08
2.32411700e-06	1.399196e-08
2.32413559e-06	1.410844e-08
2.32415418e-06	1.418225e-08
2.32417278e-06	1.412368e-08
2.32419137e-06	1.402643e-08
2.32420996e-06	1.400714e-08
2.32422856e-06	1.404707e-08
2.32424715e-06	1.409177e-08
2.32426575e-06	1.367951e-08
2.32428434e-06	1.315158e-08
2.32430293e-06	1.306475e-08
2.32432153e-06	1.403584e-08
2.32434012e-06	1.344752e-08
2.32435872e-06	1.345749e-08
2.32437731e-06	1.382016e-08
2.32439591e-06	1.298287e-08
2.32441450e-06	1.351530e-08
2.32443310e-06	1.349196e-08
2.32445169e-06	1.408696e-08
2.32447029e-06	1.376371e-08
2.32448888e-06	1.399699e-08
2.32450748e-06	1.414567e-08
2.32452608e-06	1.378270e-08
2.32454467e-06	1.360777e-08
2.32456327e-06	1.384032e-08
2.32458187e-06	1.406033e-08
2.32460046e-06	1.411144e-08
2.32461906e-06	1.404181e-08
2.32463766e-06	1.406048e-08
2.32465625e-06	1.392925e-08
2.32467485e-06	1.305903e-08
2.32469345e-06	1.301297e-08
2.32471205e-06	1.403405e-08
2.32473064e-06	1.299410e-08
2.32474924e-06	1.273984e-08
2.32476784e-06	1.370376e-08
2.32478644e-06	1.361428e-08
2.32480504e-06	1.345709e-08
2.32482363e-06	1.320055e-08
2.32484223e-06	1.326333e-08
2.32486083e-06	1.272779e-08
2.32487943e-06	1.293607e-08
2.32489803e-06	1.313263e-08
2.32491663e-06	1.362168e-08
2.32493523e-06	1.399882e-08
2.32495383e-06	1.395864e-08
2.32497243e-06	1.394388e-08
2.32499103e-06	1.338513e-08
2.32500963e-06	1.373364e-08
2.32502823e-06	1.403807e-08
2.32504683e-06	1.416671e-08
2.32506543e-06	1.416620e-08
2.32508403e-06	1.409053e-08
2.32510263e-06	1.327121e-08
2.32512123e-06	1.315706e-08
2.32513983e-06	1.362984e-08
2.32515843e-06	1.367116e-08
2.32517703e-06	1.337899e-08
2.32519563e-06	1.342252e-08
2.32521424e-06	1.320692e-08
2.32523284e-06	1.288586e-08
2.32525144e-06	1.357037e-08
2.32527004e-06	1.295852e-08
2.32528864e-06	1.398008e-08
2.32530725e-06	1.375133e-08
2.32532585e-06	1.369482e-08
2.32534445e-06	1.390135e-08
2.32536305e-06	1.412501e-08
2.32538166e-06	1.414112e-08
2.32540026e-06	1.406766e-08
2.32541886e-06	1.401165e-08
2.32543747e-06	1.391190e-08
2.32545607e-06	1.384691e-08
2.32547467e-06	1.410821e-08
2.32549328e-06	1.376654e-08
2.32551188e-06	1.360149e-08
2.32553048e-06	1.363551e-08
2.32554909e-06	1.379922e-08
2.32556769e-06	1.390411e-08
2.32558630e-06	1.303539e-08
2.32560490e-06	1.303402e-08
2.32562351e-06	1.362252e-08
2.32564211e-06	1.384118e-08
2.32566072e-06	1.327041e-08
2.32567932e-06	1.366842e-08
2.32569793e-06	1.409491e-08
2.32571654e-06	1.351148e-08
2.32573514e-06	1.358306e-08
2.32575375e-06	1.301219e-08
2.32577235e-06	1.400536e-08
2.32579096e-06	1.403625e-08
2.32580956e-06	1.414998e-08
2.32582817e-06	1.405935e-08
2.32584678e-06	1.336575e-08
2.32586538e-06	1.311396e-08
2.32588399e-06	1.298478e-08
2.32590260e-06	1.340110e-08
2.32592121e-06	1.354682e-08
2.32593981e-06	1.350274e-08
2.32595842e-06	1.294721e-08
2.32597703e-06	1.270978e-08
2.32599564e-06	1.272282e-08
2.32601424e-06	1.373317e-08
2.32603285e-06	1.386942e-08
2.32605146e-06	1.351323e-08
2.32607007e-06	1.361059e-08
2.32608868e-06	1.293027e-08
2.32610729e-06	1.280987e-08
2.32612590e-06	1.302426e-08
2.32614450e-06	1.405914e-08
2.32616311e-06	1.390245e-08
2.32618172e-06	1.364636e-08
2.32620033e-06	1.392501e-08
2.32621894e-06	1.388700e-08
2.32623755e-06	1.366337e-08
2.32625616e-06	1.342257e-08
2.32627477e-06	1.330757e-08
2.32629338e-06	1.316129e-08
2.32631199e-06	1.278937e-08
2.32633060e-06	1.317673e-08
2.32634921e-06	1.312667e-08
2.32636782e-06	1.330787e-08
2.32638643e-06	1.365733e-08
2.32640505e-06	1.364833e-08
2.32642366e-06	1.362127e-08
2.32644227e-06	1.365416e-08
2.32646088e-06	1.389611e-08
2.32647949e-06	1.386011e-08
2.32649810e-06	1.392573e-08
2.32651671e-06	1.396682e-08
2.32653533e-06	1.417186e-08
2.32655394e-06	1.399585e-08
2.32657255e-06	1.402942e-08
2.32659116e-06	1.402956e-08
2.32660978e-06	1.393548e-08
2.32662839e-06	1.373414e-08
2.32664700e-06	1.375664e-08
2.32666562e-06	1.361808e-08
2.32668423e-06	1.309534e-08
2.32670284e-06	1.357792e-08
2.32672146e-06	1.360558e-08
2.32674007e-06	1.368254e-08
2.32675869e-06	1.410695e-08
2.32677730e-06	1.410688e-08
2.32679591e-06	1.359951e-08
2.32681453e-06	1.336329e-08
2.32683314e-06	1.374259e-08
2.32685176e-06	1.298034e-08
2.32687037e-06	1.392072e-08
2.32688899e-06	1.385040e-08
2.32690760e-06	1.378153e-08
2.32692622e-06	1.391363e-08
2.32694483e-06	1.377417e-08
2.32696345e-06	1.381206e-08
2.32698206e-06	1.392021e-08
2.32700068e-06	1.381980e-08
2.32701930e-06	1.346906e-08
2.32703791e-06	1.383720e-08
2.32705653e-06	1.416491e-08
2.32707514e-06	1.385367e-08
2.32709376e-06	1.349156e-08
2.32711238e-06	1.329478e-08
2.32713099e-06	1.297250e-08
2.32714961e-06	1.330367e-08
2.32716823e-06	1.378948e-08
2.32718685e-06	1.359475e-08
2.32720546e-06	1.381765e-08
2.32722408e-06	1.384723e-08
2.32724270e-06	1.364920e-08
2.32726132e-06	1.413027e-08
2.32727993e-06	1.355167e-08
2.32729855e-06	1.305078e-08
2.32731717e-06	1.352754e-08
2.32733579e-06	1.406546e-08
2.32735441e-06	1.419291e-08
2.32737303e-06	1.392411e-08
2.32739165e-06	1.373408e-08
2.32741027e-06	1.345585e-08
2.32742888e-06	1.331469e-08
2.32744750e-06	1.344041e-08
2.32746612e-06	1.341549e-08
2.32748474e-06	1.394075e-08
2.32750336e-06	1.407212e-08
2.32752198e-06	1.392632e-08
2.32754060e-06	1.397998e-08
2.32755922e-06	1.397539e-08
2.32757784e-06	1.414912e-08
2.32759646e-06	1.373457e-08
2.32761509e-06	1.297532e-08
2.32763371e-06	1.376677e-08
2.32765233e-06	1.412292e-08
2.32767095e-06	1.401681e-08
2.32768957e-06	1.390142e-08
2.32770819e-06	1.395434e-08
2.32772681e-06	1.392626e-08
2.32774544e-06	1.402536e-08
2.32776406e-06	1.406064e-08
2.32778268e-06	1.407828e-08
2.32780130e-06	1.404814e-08
2.32781992e-06	1.394818e-08
2.32783855e-06	1.326237e-08
2.32785717e-06	1.313160e-08
2.32787579e-06	1.364203e-08
2.32789442e-06	1.377661e-08
2.32791304e-06	1.288901e-08
2.32793166e-06	1.289515e-08
2.32795028e-06	1.289392e-08
2.32796891e-06	1.291757e-08
2.32798753e-06	1.387780e-08
2.32800616e-06	1.405991e-08
2.32802478e-06	1.412131e-08
2.32804340e-06	1.406229e-08
2.32806203e-06	1.357990e-08
2.32808065e-06	1.345072e-08
2.32809928e-06	1.336337e-08
2.32811790e-06	1.356472e-08
2.32813653e-06	1.364712e-08
2.32815515e-06	1.365023e-08
2.32817378e-06	1.407371e-08
2.32819240e-06	1.392012e-08
2.32821103e-06	1.371762e-08
2.32822965e-06	1.337724e-08
2.32824828e-06	1.377141e-08
2.32826691e-06	1.402084e-08
2.32828553e-06	1.393321e-08
2.32830416e-06	1.302462e-08
2.32832279e-06	1.300751e-08
2.32834141e-06	1.388407e-08
2.32836004e-06	1.401967e-08
2.32837867e-06	1.391110e-08
2.32839729e-06	1.334679e-08
2.32841592e-06	1.295197e-08
2.32843455e-06	1.379246e-08
2.32845317e-06	1.381371e-08
2.32847180e-06	1.283422e-08
2.32849043e-06	1.352231e-08
2.32850906e-06	1.342939e-08
2.32852769e-06	1.375965e-08
2.32854631e-06	1.376404e-08
2.32856494e-06	1.406614e-08
2.32858357e-06	1.420074e-08
2.32860220e-06	1.409364e-08
2.32862083e-06	1.380268e-08
2.32863946e-06	1.301303e-08
2.32865809e-06	1.293087e-08
2.32867672e-06	1.324249e-08
2.32869535e-06	1.348770e-08
2.32871397e-06	1.302842e-08
2.32873260e-06	1.301574e-08
2.32875123e-06	1.356819e-08
2.32876987e-06	1.348187e-08
2.32878849e-06	1.331954e-08
2.32880712e-06	1.305333e-08
2.32882576e-06	1.344124e-08
2.32884439e-06	1.405605e-08
2.32886302e-06	1.407136e-08
2.32888165e-06	1.378767e-08
2.32890028e-06	1.374520e-08
2.32891891e-06	1.360638e-08
2.32893754e-06	1.325890e-08
2.32895617e-06	1.340752e-08
2.32897481e-06	1.381336e-08
2.32899344e-06	1.340471e-08
2.32901207e-06	1.355062e-08
2.32903070e-06	1.396252e-08
2.32904933e-06	1.390773e-08
2.32906797e-06	1.361920e-08
2.32908660e-06	1.274159e-08
2.32910523e-06	1.326535e-08
2.32912386e-06	1.416201e-08
2.32914250e-06	1.407712e-08
2.32916113e-06	1.398915e-08
2.32917976e-06	1.378171e-08
2.32919840e-06	1.304133e-08
2.32921703e-06	1.314440e-08
2.32923566e-06	1.401387e-08
2.32925430e-06	1.410175e-08
2.32927293e-06	1.377074e-08
2.32929157e-06	1.395579e-08
2.32931020e-06	1.415992e-08
2.32932883e-06	1.412799e-08
2.32934747e-06	1.381823e-08
2.32936610e-06	1.328364e-08
2.32938474e-06	1.301823e-08
2.32940337e-06	1.366752e-08
2.32942201e-06	1.331404e-08
2.32944065e-06	1.378860e-08
2.32945928e-06	1.343101e-08
2.32947792e-06	1.281381e-08
2.32949655e-06	1.307330e-08
2.32951519e-06	1.361522e-08
2.32953382e-06	1.336717e-08
2.32955246e-06	1.376959e-08
2.32957110e-06	1.402091e-08
2.32958973e-06	1.407919e-08
2.32960837e-06	1.417092e-08
2.32962701e-06	1.412103e-08
2.32964564e-06	1.392079e-08
2.32966428e-06	1.409753e-08
2.32968292e-06	1.415377e-08
2.32970156e-06	1.419063e-08
2.32972019e-06	1.417552e-08
2.32973883e-06	1.416005e-08
2.32975747e-06	1.397420e-08
2.32977611e-06	1.399354e-08
2.32979475e-06	1.321786e-08
2.32981338e-06	1.333260e-08
2.32983202e-06	1.411145e-08
2.32985066e-06	1.401706e-08
2.32986930e-06	1.375237e-08
2.32988794e-06	1.394419e-08
2.32990658e-06	1.398782e-08
2.32992522e-06	1.374188e-08
2.32994386e-06	1.375645e-08
2.32996250e-06	1.374570e-08
2.32998113e-06	1.392482e-08
2.32999977e-06	1.398840e-08
2.33001842e-06	1.315500e-08
2.33003706e-06	1.301979e-08
2.33005570e-06	1.392083e-08
2.33007434e-06	1.396149e-08
2.33009298e-06	1.339745e-08
2.33011162e-06	1.329211e-08
2.33013026e-06	1.361071e-08
2.33014890e-06	1.368470e-08
2.33016754e-06	1.305871e-08
2.33018618e-06	1.358125e-08
2.33020482e-06	1.273879e-08
2.33022347e-06	1.367372e-08
2.33024211e-06	1.370340e-08
2.33026075e-06	1.293661e-08
2.33027939e-06	1.367852e-08
2.33029803e-06	1.283374e-08
2.33031667e-06	1.397099e-08
2.33033532e-06	1.402558e-08
2.33035396e-06	1.402579e-08
2.33037260e-06	1.392066e-08
2.33039125e-06	1.290791e-08
2.33040989e-06	1.325529e-08
2.33042853e-06	1.404008e-08
2.33044718e-06	1.314407e-08
2.33046582e-06	1.265448e-08
2.33048446e-06	1.337205e-08
2.33050311e-06	1.368483e-08
2.33052175e-06	1.270277e-08
2.33054040e-06	1.297396e-08
2.33055904e-06	1.394058e-08
2.33057768e-06	1.355130e-08
2.33059633e-06	1.291858e-08
2.33061497e-06	1.325923e-08
2.33063362e-06	1.315081e-08
2.33065226e-06	1.275271e-08
2.33067091e-06	1.266777e-08
2.33068955e-06	1.299774e-08
2.33070820e-06	1.311443e-08
2.33072685e-06	1.337279e-08
2.33074549e-06	1.292191e-08
2.33076414e-06	1.342694e-08
2.33078278e-06	1.367403e-08
2.33080143e-06	1.343680e-08
2.33082008e-06	1.366641e-08
2.33083872e-06	1.385575e-08
2.33085737e-06	1.395134e-08
2.33087602e-06	1.380629e-08
2.33089466e-06	1.364574e-08
2.33091331e-06	1.392719e-08
2.33093196e-06	1.380658e-08
2.33095061e-06	1.357400e-08
2.33096925e-06	1.378948e-08
2.33098790e-06	1.302641e-08
2.33100655e-06	1.317793e-08
2.33102520e-06	1.307745e-08
2.33104384e-06	1.357646e-08
2.33106249e-06	1.404177e-08
2.33108114e-06	1.306788e-08
2.33109979e-06	1.359416e-08
2.33111844e-06	1.324798e-08
2.33113709e-06	1.375081e-08
2.33115574e-06	1.323192e-08
2.33117439e-06	1.363530e-08
2.33119304e-06	1.358188e-08
2.33121169e-06	1.291897e-08
2.33123033e-06	1.329433e-08
2.33124898e-06	1.356295e-08
2.33126763e-06	1.348186e-08
2.33128629e-06	1.401985e-08
2.33130493e-06	1.379561e-08
2.33132359e-06	1.361745e-08
2.33134224e-06	1.403323e-08
2.33136089e-06	1.385581e-08
2.33137954e-06	1.288470e-08
2.33139819e-06	1.329647e-08
2.33141684e-06	1.374706e-08
2.33143549e-06	1.365806e-08
2.33145414e-06	1.374341e-08
2.33147280e-06	1.398991e-08
2.33149145e-06	1.388577e-08
2.33151010e-06	1.394460e-08
2.33152875e-06	1.369516e-08
2.33154740e-06	1.304735e-08
2.33156606e-06	1.357180e-08
2.33158471e-06	1.340651e-08
2.33160336e-06	1.267424e-08
2.33162201e-06	1.314320e-08
2.33164067e-06	1.346199e-08
2.33165932e-06	1.338360e-08
2.33167797e-06	1.405693e-08
2.33169663e-06	1.396366e-08
2.33171528e-06	1.342527e-08
2.33173393e-06	1.306969e-08
2.33175259e-06	1.389655e-08
2.33177124e-06	1.363072e-08
2.33178990e-06	1.309142e-08
2.33180855e-06	1.378639e-08
2.33182720e-06	1.392683e-08
2.33184586e-06	1.397776e-08
2.33186451e-06	1.301334e-08
2.33188317e-06	1.328606e-08
2.33190182e-06	1.312105e-08
2.33192048e-06	1.299044e-08
2.33193913e-06	1.371679e-08
2.33195779e-06	1.353282e-08
2.33197644e-06	1.293445e-08
2.33199510e-06	1.345658e-08
2.33201376e-06	1.367619e-08
2.33203241e-06	1.408203e-08
2.33205107e-06	1.410551e-08
2.33206973e-06	1.402013e-08
2.33208838e-06	1.400841e-08
2.33210704e-06	1.337509e-08
2.33212570e-06	1.380877e-08
2.33214435e-06	1.411649e-08
2.33216301e-06	1.395467e-08
2.33218167e-06	1.397388e-08
2.33220033e-06	1.406898e-08
2.33221898e-06	1.341968e-08
2.33223764e-06	1.328178e-08
2.33225630e-06	1.318096e-08
2.33227496e-06	1.371967e-08
2.33229361e-06	1.406833e-08
2.33231227e-06	1.414323e-08
2.33233093e-06	1.399705e-08
2.33234959e-06	1.401025e-08
2.33236825e-06	1.404344e-08
2.33238691e-06	1.374807e-08
2.33240557e-06	1.379133e-08
2.33242423e-06	1.404094e-08
2.33244288e-06	1.399073e-08
2.33246154e-06	1.376017e-08
2.33248020e-06	1.365050e-08
2.33249886e-06	1.378637e-08
2.33251752e-06	1.400942e-08
2.33253618e-06	1.405411e-08
2.33255485e-06	1.334320e-08
2.33257350e-06	1.319649e-08
2.33259217e-06	1.371761e-08
2.33261083e-06	1.381579e-08
2.33262949e-06	1.408120e-08
2.33264815e-06	1.406435e-08
2.33266681e-06	1.395193e-08
2.33268547e-06	1.412613e-08
2.33270413e-06	1.412069e-08
2.33272279e-06	1.389641e-08
2.33274146e-06	1.364682e-08
2.33276012e-06	1.374232e-08
2.33277878e-06	1.295536e-08
2.33279744e-06	1.326736e-08
2.33281610e-06	1.342462e-08
2.33283477e-06	1.339491e-08
2.33285343e-06	1.351965e-08
2.33287209e-06	1.342847e-08
2.33289075e-06	1.294838e-08
2.33290942e-06	1.270416e-08
2.33292808e-06	1.379753e-08
2.33294675e-06	1.398238e-08
2.33296541e-06	1.395815e-08
2.33298407e-06	1.374962e-08
2.33300274e-06	1.388078e-08
2.33302140e-06	1.404647e-08
2.33304006e-06	1.393293e-08
2.33305873e-06	1.391133e-08
2.33307739e-06	1.395390e-08
2.33309606e-06	1.387175e-08
2.33311472e-06	1.357618e-08
2.33313339e-06	1.369497e-08
2.33315205e-06	1.318555e-08
2.33317072e-06	1.312977e-08
2.33318938e-06	1.388715e-08
2.33320805e-06	1.397234e-08
2.33322671e-06	1.322511e-08
2.33324538e-06	1.303647e-08
2.33326405e-06	1.361052e-08
2.33328271e-06	1.320238e-08
2.33330138e-06	1.384418e-08
2.33332004e-06	1.399442e-08
2.33333871e-06	1.396741e-08
2.33335738e-06	1.368246e-08
2.33337604e-06	1.345011e-08
2.33339471e-06	1.366714e-08
2.33341338e-06	1.369987e-08
2.33343205e-06	1.407980e-08
2.33345071e-06	1.409268e-08
2.33346938e-06	1.408552e-08
2.33348805e-06	1.396679e-08
2.33350672e-06	1.357264e-08
2.33352538e-06	1.317184e-08
2.33354405e-06	1.342791e-08
2.33356272e-06	1.327385e-08
2.33358139e-06	1.299511e-08
2.33360006e-06	1.384710e-08
2.33361873e-06	1.399742e-08
2.33363740e-06	1.368430e-08
2.33365607e-06	1.374724e-08
2.33367473e-06	1.396621e-08
2.33369340e-06	1.328008e-08
2.33371207e-06	1.337128e-08
2.33373074e-06	1.303083e-08
2.33374941e-06	1.297128e-08
2.33376808e-06	1.317961e-08
2.33378675e-06	1.363499e-08
2.33380542e-06	1.330490e-08
2.33382410e-06	1.410296e-08
2.33384277e-06	1.381967e-08
2.33386144e-06	1.392331e-08
2.33388011e-06	1.413694e-08
2.33389878e-06	1.401407e-08
2.33391745e-06	1.399270e-08
2.33393612e-06	1.382203e-08
2.33395479e-06	1.348982e-08
2.33397346e-06	1.392807e-08
2.33399213e-06	1.417001e-08
2.33401081e-06	1.408782e-08
2.33402948e-06	1.393293e-08
2.33404815e-06	1.378440e-08
2.33406682e-06	1.398795e-08
2.33408550e-06	1.416325e-08
2.33410417e-06	1.420630e-08
2.33412284e-06	1.397846e-08
2.33414152e-06	1.307529e-08
2.33416019e-06	1.273137e-08
2.33417886e-06	1.309262e-08
2.33419754e-06	1.284346e-08
2.33421621e-06	1.274354e-08
2.33423488e-06	1.352990e-08
2.33425356e-06	1.390414e-08
2.33427223e-06	1.373826e-08
2.33429090e-06	1.297370e-08
2.33430958e-06	1.260831e-08
2.33432825e-06	1.294432e-08
2.33434693e-06	1.328534e-08
2.33436560e-06	1.347479e-08
2.33438428e-06	1.383854e-08
2.33440295e-06	1.403051e-08
2.33442163e-06	1.354459e-08
2.33444030e-06	1.289039e-08
2.33445898e-06	1.331532e-08
2.33447765e-06	1.357549e-08
2.33449633e-06	1.364324e-08
2.33451501e-06	1.341296e-08
2.33453368e-06	1.380383e-08
2.33455236e-06	1.385714e-08
2.33457104e-06	1.328090e-08
2.33458971e-06	1.380235e-08
2.33460839e-06	1.410575e-08
2.33462706e-06	1.344808e-08
2.33464574e-06	1.324746e-08
2.33466442e-06	1.380390e-08
2.33468310e-06	1.416077e-08
2.33470177e-06	1.402968e-08
2.33472045e-06	1.389412e-08
2.33473913e-06	1.285671e-08
2.33475781e-06	1.366532e-08
2.33477648e-06	1.276219e-08
2.33479516e-06	1.304406e-08
2.33481384e-06	1.343600e-08
2.33483252e-06	1.326887e-08
2.33485120e-06	1.309055e-08
2.33486988e-06	1.312664e-08
2.33488856e-06	1.359425e-08
2.33490724e-06	1.411141e-08
2.33492591e-06	1.416009e-08
2.33494460e-06	1.408143e-08
2.33496327e-06	1.396866e-08
2.33498195e-06	1.338924e-08
2.33500063e-06	1.344575e-08
2.33501931e-06	1.408023e-08
2.33503799e-06	1.411910e-08
2.33505667e-06	1.415944e-08
2.33507535e-06	1.413300e-08
2.33509404e-06	1.373430e-08
2.33511272e-06	1.293805e-08
2.33513140e-06	1.317265e-08
2.33515008e-06	1.398005e-08
2.33516876e-06	1.369395e-08
2.33518744e-06	1.295390e-08
2.33520612e-06	1.319069e-08
2.33522480e-06	1.370363e-08
2.33524348e-06	1.336731e-08
2.33526217e-06	1.327588e-08
2.33528085e-06	1.369055e-08
2.33529953e-06	1.378967e-08
2.33531821e-06	1.355803e-08
2.33533690e-06	1.345604e-08
2.33535558e-06	1.353651e-08
2.33537426e-06	1.285436e-08
2.33539294e-06	1.276416e-08
2.33541163e-06	1.363729e-08
2.33543031e-06	1.365741e-08
2.33544900e-06	1.341951e-08
2.33546768e-06	1.288809e-08
2.33548636e-06	1.301930e-08
2.33550505e-06	1.313803e-08
2.33552373e-06	1.314342e-08
2.33554242e-06	1.340726e-08
2.33556110e-06	1.280088e-08
2.33557978e-06	1.378767e-08
2.33559847e-06	1.384324e-08
2.33561715e-06	1.378157e-08
2.33563584e-06	1.380842e-08
2.33565452e-06	1.342090e-08
2.33567321e-06	1.296605e-08
2.33569189e-06	1.347581e-08
2.33571058e-06	1.334670e-08
2.33572927e-06	1.344220e-08
2.33574795e-06	1.351029e-08
2.33576664e-06	1.321543e-08
2.33578532e-06	1.361358e-08
2.33580401e-06	1.297001e-08
2.33582269e-06	1.374249e-08
2.33584138e-06	1.399505e-08
2.33586007e-06	1.405688e-08
2.33587876e-06	1.387913e-08
2.33589744e-06	1.345203e-08
2.33591613e-06	1.365845e-08
2.33593482e-06	1.401171e-08
2.33595350e-06	1.388658e-08
2.33597219e-06	1.309295e-08
2.33599088e-06	1.331641e-08
2.33600957e-06	1.372020e-08
2.33602826e-06	1.376821e-08
2.33604694e-06	1.388510e-08
2.33606563e-06	1.402126e-08
2.33608432e-06	1.412824e-08
2.33610301e-06	1.414600e-08
2.33612170e-06	1.416454e-08
2.33614039e-06	1.406990e-08
2.33615908e-06	1.393872e-08
2.33617777e-06	1.398926e-08
2.33619646e-06	1.373775e-08
2.33621514e-06	1.375375e-08
2.33623383e-06	1.403781e-08
2.33625253e-06	1.380454e-08
2.33627121e-06	1.380143e-08
2.33628990e-06	1.380432e-08
2.33630860e-06	1.390258e-08
2.33632729e-06	1.317447e-08
2.33634598e-06	1.271231e-08
2.33636467e-06	1.290158e-08
2.33638336e-06	1.385053e-08
2.33640205e-06	1.356650e-08
2.33642074e-06	1.352094e-08
2.33643943e-06	1.397722e-08
2.33645812e-06	1.364426e-08
2.33647681e-06	1.395194e-08
2.33649551e-06	1.395786e-08
2.33651420e-06	1.392668e-08
2.33653289e-06	1.413068e-08
2.33655158e-06	1.399016e-08
2.33657028e-06	1.377178e-08
2.33658897e-06	1.399744e-08
2.33660766e-06	1.383628e-08
2.33662635e-06	1.377759e-08
2.33664505e-06	1.388074e-08
2.33666374e-06	1.400989e-08
2.33668243e-06	1.390436e-08
2.33670113e-06	1.272771e-08
2.33671982e-06	1.260009e-08
2.33673851e-06	1.305496e-08
2.33675721e-06	1.332761e-08
2.33677590e-06	1.383255e-08
2.33679460e-06	1.399190e-08
2.33681329e-06	1.343661e-08
2.33683198e-06	1.358702e-08
2.33685068e-06	1.316758e-08
2.33686937e-06	1.310135e-08
2.33688807e-06	1.310709e-08
2.33690676e-06	1.312471e-08
2.33692546e-06	1.356295e-08
2.33694415e-06	1.357551e-08
2.33696285e-06	1.349989e-08
2.33698155e-06	1.263310e-08
2.33700024e-06	1.274756e-08
2.33701894e-06	1.336698e-08
2.33703763e-06	1.369752e-08
2.33705633e-06	1.372173e-08
2.33707503e-06	1.390139e-08
2.33709372e-06	1.392756e-08
2.33711242e-06	1.384015e-08
2.33713112e-06	1.393263e-08
2.33714981e-06	1.371883e-08
2.33716851e-06	1.384811e-08
2.33718721e-06	1.412592e-08
2.33720591e-06	1.378179e-08
2.33722460e-06	1.354577e-08
2.33724330e-06	1.377111e-08
2.33726200e-06	1.373239e-08
2.33728070e-06	1.295766e-08
2.33729940e-06	1.301054e-08
2.33731809e-06	1.392994e-08
2.33733679e-06	1.404380e-08
2.33735549e-06	1.407447e-08
2.33737419e-06	1.407580e-08
2.33739289e-06	1.332644e-08
2.33741159e-06	1.333776e-08
2.33743029e-06	1.292710e-08
2.33744899e-06	1.374016e-08
2.33746769e-06	1.384151e-08
2.33748639e-06	1.336678e-08
2.33750509e-06	1.349176e-08
2.33752379e-06	1.368174e-08
2.33754249e-06	1.386709e-08
2.33756119e-06	1.398822e-08
2.33757989e-06	1.412292e-08
2.33759859e-06	1.412538e-08
2.33761729e-06	1.399055e-08
2.33763599e-06	1.357320e-08
2.33765469e-06	1.386511e-08
2.33767339e-06	1.378818e-08
2.33769209e-06	1.382190e-08
2.33771079e-06	1.373761e-08
2.33772950e-06	1.311480e-08
2.33774820e-06	1.259038e-08
2.33776690e-06	1.320976e-08
2.33778560e-06	1.400181e-08
2.33780431e-06	1.397743e-08
2.33782301e-06	1.399587e-08
2.33784171e-06	1.377369e-08
2.33786041e-06	1.378260e-08
2.33787912e-06	1.406169e-08
2.33789782e-06	1.396717e-08
2.33791652e-06	1.310661e-08
2.33793523e-06	1.358868e-08
2.33795393e-06	1.305770e-08
2.33797263e-06	1.352059e-08
2.33799134e-06	1.388896e-08
2.33801004e-06	1.398688e-08
2.33802874e-06	1.340259e-08
2.33804745e-06	1.292213e-08
2.33806615e-06	1.366695e-08
2.33808486e-06	1.364181e-08
2.33810356e-06	1.389428e-08
2.33812227e-06	1.367286e-08
2.33814097e-06	1.391361e-08
2.33815968e-06	1.395509e-08
2.33817838e-06	1.355524e-08
2.33819709e-06	1.328051e-08
2.33821579e-06	1.370767e-08
2.33823450e-06	1.329847e-08
2.33825321e-06	1.381644e-08
2.33827191e-06	1.377357e-08
2.33829062e-06	1.373175e-08
2.33830932e-06	1.370221e-08
2.33832803e-06	1.277698e-08
2.33834674e-06	1.279640e-08
2.33836544e-06	1.392367e-08
2.33838415e-06	1.379642e-08
2.33840286e-06	1.402986e-08
2.33842156e-06	1.398400e-08
2.33844027e-06	1.360027e-08
2.33845898e-06	1.312726e-08
2.33847769e-06	1.344575e-08
2.33849639e-06	1.346947e-08
2.33851510e-06	1.305121e-08
2.33853381e-06	1.283226e-08
2.33855252e-06	1.321425e-08
2.33857123e-06	1.278138e-08
2.33858994e-06	1.284846e-08
2.33860864e-06	1.316089e-08
2.33862735e-06	1.373322e-08
2.33864606e-06	1.376587e-08
2.33866477e-06	1.370438e-08
2.33868348e-06	1.332127e-08
2.33870219e-06	1.340749e-08
2.33872090e-06	1.284344e-08
2.33873961e-06	1.264889e-08
2.33875832e-06	1.336095e-08
2.33877703e-06	1.355912e-08
2.33879574e-06	1.387031e-08
2.33881445e-06	1.398065e-08
2.33883316e-06	1.413600e-08
2.33885187e-06	1.418747e-08
2.33887058e-06	1.398009e-08
2.33888929e-06	1.384391e-08
2.33890800e-06	1.371588e-08
2.33892672e-06	1.358832e-08
2.33894543e-06	1.281301e-08
2.33896414e-06	1.271844e-08
2.33898285e-06	1.370155e-08
2.33900156e-06	1.386861e-08
2.33902027e-06	1.379651e-08
2.33903899e-06	1.386031e-08
2.33905770e-06	1.320953e-08
2.33907641e-06	1.360227e-08
2.33909512e-06	1.317992e-08
2.33911384e-06	1.343840e-08
2.33913255e-06	1.382879e-08
2.33915126e-06	1.357400e-08
2.33916998e-06	1.362469e-08
2.33918869e-06	1.334310e-08
2.33920740e-06	1.350580e-08
2.33922612e-06	1.314665e-08
2.33924483e-06	1.383349e-08
2.33926354e-06	1.412457e-08
2.33928226e-06	1.375958e-08
2.33930097e-06	1.284304e-08
2.33931969e-06	1.319260e-08
2.33933840e-06	1.268794e-08
2.33935712e-06	1.391464e-08
2.33937583e-06	1.405716e-08
2.33939455e-06	1.399441e-08
2.33941326e-06	1.398079e-08
2.33943198e-06	1.401100e-08
2.33945069e-06	1.373164e-08
2.33946941e-06	1.286155e-08
2.33948812e-06	1.311580e-08
2.33950684e-06	1.387020e-08
2.33952556e-06	1.397636e-08
2.33954427e-06	1.399901e-08
2.33956299e-06	1.385645e-08
2.33958171e-06	1.383231e-08
2.33960042e-06	1.314596e-08
2.33961914e-06	1.276302e-08
2.33963785e-06	1.348487e-08
2.33965657e-06	1.325357e-08
2.33967529e-06	1.315901e-08
2.33969401e-06	1.402486e-08
2.33971272e-06	1.396251e-08
2.33973144e-06	1.371479e-08
2.33975016e-06	1.326423e-08
2.33976888e-06	1.370672e-08
2.33978760e-06	1.382871e-08
2.33980631e-06	1.388378e-08
2.33982503e-06	1.409109e-08
2.33984375e-06	1.399278e-08
2.33986247e-06	1.318609e-08
2.33988119e-06	1.269495e-08
2.33989991e-06	1.289805e-08
2.33991863e-06	1.375614e-08
2.33993735e-06	1.405345e-08
2.33995607e-06	1.370517e-08
2.33997479e-06	1.399025e-08
2.33999351e-06	1.408112e-08
2.34001223e-06	1.354704e-08
2.34003095e-06	1.291905e-08
2.34004967e-06	1.321656e-08
2.34006839e-06	1.304712e-08
2.34008711e-06	1.333367e-08
2.34010583e-06	1.384717e-08
2.34012455e-06	1.323074e-08
2.34014327e-06	1.365399e-08
2.34016199e-06	1.371851e-08
2.34018071e-06	1.334708e-08
2.34019943e-06	1.353763e-08
2.34021815e-06	1.401259e-08
2.34023688e-06	1.379742e-08
2.34025560e-06	1.332310e-08
2.34027432e-06	1.352763e-08
2.34029304e-06	1.267510e-08
2.34031177e-06	1.357968e-08
2.34033049e-06	1.385731e-08
2.34034921e-06	1.315857e-08
2.34036793e-06	1.285826e-08
2.34038666e-06	1.268311e-08
2.34040538e-06	1.262298e-08
2.34042410e-06	1.285397e-08
2.34044283e-06	1.290828e-08
2.34046155e-06	1.315197e-08
2.34048027e-06	1.403847e-08
2.34049900e-06	1.397574e-08
2.34051772e-06	1.294322e-08
2.34053644e-06	1.306907e-08
2.34055517e-06	1.362460e-08
2.34057389e-06	1.330828e-08
2.34059262e-06	1.367226e-08
2.34061134e-06	1.299442e-08
2.34063007e-06	1.269259e-08
2.34064879e-06	1.356646e-08
2.34066752e-06	1.341817e-08
2.34068624e-06	1.372496e-08
2.34070497e-06	1.410965e-08
2.34072369e-06	1.404859e-08
2.34074242e-06	1.397526e-08
2.34076115e-06	1.407008e-08
2.34077987e-06	1.390480e-08
2.34079860e-06	1.401686e-08
2.34081733e-06	1.388856e-08
2.34083605e-06	1.367277e-08
2.34085478e-06	1.389105e-08
2.34087350e-06	1.378782e-08
2.34089223e-06	1.376262e-08
2.34091096e-06	1.390539e-08
2.34092969e-06	1.388339e-08
2.34094841e-06	1.409701e-08
2.34096714e-06	1.395993e-08
2.34098587e-06	1.379875e-08
2.34100460e-06	1.386953e-08
2.34102333e-06	1.394400e-08
2.34104205e-06	1.382718e-08
2.34106078e-06	1.270722e-08
2.34107951e-06	1.257701e-08
2.34109824e-06	1.291322e-08
2.34111697e-06	1.355079e-08
2.34113570e-06	1.328700e-08
2.34115443e-06	1.280742e-08
2.34117315e-06	1.345701e-08
2.34119188e-06	1.384174e-08
2.34121061e-06	1.404013e-08
2.34122934e-06	1.398112e-08
2.34124807e-06	1.382500e-08
2.34126680e-06	1.274125e-08
2.34128553e-06	1.271395e-08
2.34130426e-06	1.410513e-08
2.34132299e-06	1.407767e-08
2.34134172e-06	1.351502e-08
2.34136045e-06	1.285906e-08
2.34137919e-06	1.376496e-08
2.34139792e-06	1.396345e-08
2.34141665e-06	1.366292e-08
2.34143538e-06	1.351358e-08
2.34145411e-06	1.295350e-08
2.34147284e-06	1.277749e-08
2.34149158e-06	1.366243e-08
2.34151031e-06	1.278534e-08
2.34152904e-06	1.361999e-08
2.34154777e-06	1.324267e-08
2.34156650e-06	1.333792e-08
2.34158524e-06	1.354253e-08
2.34160397e-06	1.405990e-08
2.34162270e-06	1.407500e-08
2.34164143e-06	1.407300e-08
2.34166017e-06	1.408431e-08
2.34167890e-06	1.359081e-08
2.34169763e-06	1.259110e-08
2.34171637e-06	1.261657e-08
2.34173510e-06	1.310954e-08
2.34175384e-06	1.345570e-08
2.34177257e-06	1.407260e-08
2.34179130e-06	1.391788e-08
2.34181004e-06	1.400304e-08
2.34182877e-06	1.401756e-08
2.34184751e-06	1.370567e-08
2.34186624e-06	1.311228e-08
2.34188498e-06	1.280974e-08
2.34190371e-06	1.366949e-08
2.34192245e-06	1.366530e-08
2.34194118e-06	1.328122e-08
2.34195992e-06	1.337071e-08
2.34197865e-06	1.362128e-08
2.34199739e-06	1.385852e-08
2.34201613e-06	1.396068e-08
2.34203486e-06	1.319277e-08
2.34205360e-06	1.265246e-08
2.34207233e-06	1.307343e-08
2.34209107e-06	1.331416e-08
2.34210981e-06	1.391648e-08
2.34212855e-06	1.407770e-08
2.34214728e-06	1.393250e-08
2.34216602e-06	1.323544e-08
2.34218476e-06	1.335994e-08
2.34220349e-06	1.390244e-08
2.34222223e-06	1.406458e-08
2.34224097e-06	1.405954e-08
2.34225971e-06	1.406953e-08
2.34227844e-06	1.409947e-08
2.34229718e-06	1.409215e-08
2.34231592e-06	1.405286e-08
2.34233466e-06	1.399188e-08
2.34235340e-06	1.408808e-08
2.34237214e-06	1.390011e-08
2.34239088e-06	1.379365e-08
2.34240962e-06	1.384790e-08
2.34242835e-06	1.387384e-08
2.34244709e-06	1.351402e-08
2.34246583e-06	1.375471e-08
2.34248457e-06	1.395416e-08
2.34250331e-06	1.403179e-08
2.34252205e-06	1.410936e-08
2.34254079e-06	1.375975e-08
2.34255953e-06	1.316016e-08
2.34257827e-06	1.313326e-08
2.34259702e-06	1.312669e-08
2.34261576e-06	1.355379e-08
2.34263450e-06	1.402469e-08
2.34265324e-06	1.408858e-08
2.34267198e-06	1.392480e-08
2.34269072e-06	1.362906e-08
2.34270946e-06	1.407832e-08
2.34272820e-06	1.379041e-08
2.34274695e-06	1.317606e-08
2.34276569e-06	1.354273e-08
2.34278443e-06	1.319637e-08
2.34280317e-06	1.391159e-08
2.34282191e-06	1.395956e-08
2.34284066e-06	1.342536e-08
2.34285940e-06	1.336836e-08
2.34287814e-06	1.341566e-08
2.34289689e-06	1.357636e-08
2.34291563e-06	1.384326e-08
2.34293437e-06	1.399718e-08
2.34295312e-06	1.399706e-08
2.34297186e-06	1.382832e-08
2.34299060e-06	1.351984e-08
2.34300935e-06	1.384188e-08
2.34302809e-06	1.403262e-08
2.34304684e-06	1.384158e-08
2.34306558e-06	1.317539e-08
2.34308432e-06	1.383638e-08
2.34310307e-06	1.405478e-08
2.34312181e-06	1.398626e-08
2.34314056e-06	1.397645e-08
2.34315930e-06	1.350234e-08
2.34317805e-06	1.376535e-08
2.34319679e-06	1.402198e-08
2.34321554e-06	1.372914e-08
2.34323429e-06	1.309661e-08
2.34325303e-06	1.318243e-08
2.34327178e-06	1.287038e-08
2.34329052e-06	1.343788e-08
2.34330927e-06	1.363648e-08
2.34332802e-06	1.402248e-08
2.34334676e-06	1.413914e-08
2.34336551e-06	1.407632e-08
2.34338426e-06	1.368921e-08
2.34340300e-06	1.388841e-08
2.34342175e-06	1.369073e-08
2.34344050e-06	1.355283e-08
2.34345925e-06	1.358664e-08
2.34347799e-06	1.274720e-08
2.34349674e-06	1.259173e-08
2.34351549e-06	1.351909e-08
2.34353424e-06	1.384432e-08
2.34355299e-06	1.367637e-08
2.34357173e-06	1.377781e-08
2.34359048e-06	1.339632e-08
2.34360923e-06	1.263581e-08
2.34362798e-06	1.265582e-08
2.34364673e-06	1.360062e-08
2.34366548e-06	1.324917e-08
2.34368423e-06	1.268799e-08
2.34370298e-06	1.265750e-08
2.34372173e-06	1.306227e-08
2.34374048e-06	1.397939e-08
2.34375923e-06	1.377226e-08
2.34377798e-06	1.389145e-08
2.34379673e-06	1.402328e-08
2.34381548e-06	1.287328e-08
2.34383423e-06	1.258152e-08
2.34385298e-06	1.319907e-08
2.34387173e-06	1.349216e-08
2.34389048e-06	1.394261e-08
2.34390923e-06	1.370878e-08
2.34392798e-06	1.365673e-08
2.34394673e-06	1.406771e-08
2.34396549e-06	1.399371e-08
2.34398424e-06	1.358239e-08
2.34400299e-06	1.384411e-08
2.34402174e-06	1.363229e-08
2.34404049e-06	1.308195e-08
2.34405925e-06	1.346387e-08
2.34407800e-06	1.326102e-08
2.34409675e-06	1.363018e-08
2.34411550e-06	1.384157e-08
2.34413426e-06	1.361858e-08
2.34415301e-06	1.382136e-08
2.34417176e-06	1.400714e-08
2.34419052e-06	1.396607e-08
2.34420927e-06	1.384438e-08
2.34422802e-06	1.390640e-08
2.34424678e-06	1.394964e-08
2.34426553e-06	1.401663e-08
2.34428429e-06	1.363445e-08
2.34430304e-06	1.361090e-08
2.34432179e-06	1.334052e-08
2.34434055e-06	1.349634e-08
2.34435930e-06	1.384977e-08
2.34437806e-06	1.368049e-08
2.34439681e-06	1.352898e-08
2.34441557e-06	1.358449e-08
2.34443432e-06	1.331610e-08
2.34445308e-06	1.257894e-08
2.34447183e-06	1.258340e-08
2.34449059e-06	1.322840e-08
2.34450935e-06	1.290607e-08
2.34452810e-06	1.319921e-08
2.34454686e-06	1.369570e-08
2.34456562e-06	1.353142e-08
2.34458437e-06	1.341429e-08
2.34460313e-06	1.386059e-08
2.34462189e-06	1.405311e-08
2.34464064e-06	1.388669e-08
2.34465940e-06	1.379822e-08
2.34467816e-06	1.343648e-08
2.34469691e-06	1.256342e-08
2.34471567e-06	1.256980e-08
2.34473443e-06	1.360834e-08
2.34475319e-06	1.368039e-08
2.34477195e-06	1.313023e-08
2.34479070e-06	1.265306e-08
2.34480946e-06	1.295920e-08
2.34482822e-06	1.331518e-08
2.34484698e-06	1.391729e-08
2.34486574e-06	1.381189e-08
2.34488450e-06	1.290514e-08
2.34490326e-06	1.302665e-08
2.34492202e-06	1.343873e-08
2.34494077e-06	1.358258e-08
2.34495953e-06	1.287497e-08
2.34497829e-06	1.344511e-08
2.34499705e-06	1.385827e-08
2.34501581e-06	1.353701e-08
2.34503457e-06	1.265352e-08
2.34505333e-06	1.279432e-08
2.34507209e-06	1.346484e-08
2.34509086e-06	1.331602e-08
2.34510962e-06	1.376104e-08
2.34512838e-06	1.403230e-08
2.34514714e-06	1.408226e-08
2.34516590e-06	1.392705e-08
2.34518466e-06	1.381732e-08
2.34520342e-06	1.383722e-08
2.34522218e-06	1.299654e-08
2.34524094e-06	1.259307e-08
2.34525971e-06	1.326009e-08
2.34527847e-06	1.338264e-08
2.34529723e-06	1.264674e-08
2.34531599e-06	1.281409e-08
2.34533476e-06	1.359626e-08
2.34535352e-06	1.365773e-08
2.34537228e-06	1.291591e-08
2.34539104e-06	1.306793e-08
2.34540981e-06	1.354325e-08
2.34542857e-06	1.315345e-08
2.34544733e-06	1.258678e-08
2.34546610e-06	1.288427e-08
2.34548486e-06	1.256295e-08
2.34550363e-06	1.274369e-08
2.34552239e-06	1.391302e-08
2.34554115e-06	1.394192e-08
2.34555992e-06	1.360254e-08
2.34557868e-06	1.389103e-08
2.34559745e-06	1.403523e-08
2.34561621e-06	1.348648e-08
2.34563498e-06	1.344589e-08
2.34565374e-06	1.382693e-08
2.34567251e-06	1.406797e-08
2.34569127e-06	1.393768e-08
2.34571004e-06	1.385748e-08
2.34572880e-06	1.403558e-08
2.34574757e-06	1.365644e-08
2.34576634e-06	1.364043e-08
2.34578510e-06	1.409776e-08
2.34580387e-06	1.411274e-08
2.34582263e-06	1.402801e-08
2.34584140e-06	1.360860e-08
2.34586017e-06	1.331260e-08
2.34587894e-06	1.409477e-08
2.34589770e-06	1.400076e-08
2.34591647e-06	1.403420e-08
2.34593524e-06	1.402468e-08
2.34595400e-06	1.392174e-08
2.34597277e-06	1.351600e-08
2.34599154e-06	1.332781e-08
2.34601031e-06	1.406014e-08
2.34602908e-06	1.415615e-08
2.34604784e-06	1.376064e-08
2.34606661e-06	1.334178e-08
2.34608538e-06	1.380997e-08
2.34610415e-06	1.364900e-08
2.34612292e-06	1.367759e-08
2.34614169e-06	1.393544e-08
2.34616046e-06	1.378116e-08
2.34617923e-06	1.341586e-08
2.34619800e-06	1.387793e-08
2.34621676e-06	1.403815e-08
2.34623553e-06	1.395637e-08
2.34625430e-06	1.389028e-08
2.34627307e-06	1.397085e-08
2.34629184e-06	1.404222e-08
2.34631061e-06	1.362000e-08
2.34632938e-06	1.355383e-08
2.34634816e-06	1.375473e-08
2.34636693e-06	1.383913e-08
2.34638570e-06	1.394586e-08
2.34640447e-06	1.379592e-08
2.34642324e-06	1.372572e-08
2.34644201e-06	1.267380e-08
2.34646078e-06	1.257475e-08
2.34647955e-06	1.331012e-08
2.34649833e-06	1.385301e-08
2.34651710e-06	1.394135e-08
2.34653587e-06	1.374995e-08
2.34655464e-06	1.397561e-08
2.34657341e-06	1.407162e-08
2.34659219e-06	1.392774e-08
2.34661096e-06	1.379126e-08
2.34662973e-06	1.379489e-08
2.34664851e-06	1.341840e-08
2.34666728e-06	1.354376e-08
2.34668605e-06	1.404491e-08
2.34670483e-06	1.412983e-08
2.34672360e-06	1.404043e-08
2.34674237e-06	1.406388e-08
2.34676115e-06	1.389976e-08
2.34677992e-06	1.338292e-08
2.34679870e-06	1.339473e-08
2.34681747e-06	1.327736e-08
2.34683625e-06	1.369136e-08
2.34685502e-06	1.392858e-08
2.34687379e-06	1.378299e-08
2.34689257e-06	1.271338e-08
2.34691134e-06	1.255645e-08
2.34693012e-06	1.278221e-08
2.34694889e-06	1.324519e-08
2.34696767e-06	1.363319e-08
2.34698645e-06	1.396635e-08
2.34700522e-06	1.377512e-08
2.34702400e-06	1.368547e-08
2.34704277e-06	1.397243e-08
2.34706155e-06	1.388841e-08
2.34708033e-06	1.404247e-08
2.34709910e-06	1.410265e-08
2.34711788e-06	1.403944e-08
2.34713666e-06	1.396005e-08
2.34715543e-06	1.343888e-08
2.34717421e-06	1.330604e-08
2.34719299e-06	1.344375e-08
2.34721177e-06	1.367654e-08
2.34723054e-06	1.349875e-08
2.34724932e-06	1.346700e-08
2.34726810e-06	1.374468e-08
2.34728688e-06	1.367492e-08
2.34730566e-06	1.373297e-08
2.34732444e-06	1.308142e-08
2.34734321e-06	1.373348e-08
2.34736199e-06	1.393348e-08
2.34738077e-06	1.394392e-08
2.34739955e-06	1.341320e-08
2.34741833e-06	1.267033e-08
2.34743711e-06	1.298814e-08
2.34745589e-06	1.391153e-08
2.34747467e-06	1.394442e-08
2.34749345e-06	1.322040e-08
2.34751223e-06	1.261131e-08
2.34753101e-06	1.293845e-08
2.34754979e-06	1.264252e-08
2.34756857e-06	1.282535e-08
2.34758735e-06	1.362942e-08
2.34760613e-06	1.397154e-08
2.34762491e-06	1.397160e-08
2.34764369e-06	1.374469e-08
2.34766247e-06	1.344414e-08
2.34768125e-06	1.313361e-08
2.34770004e-06	1.319443e-08
2.34771882e-06	1.300497e-08
2.34773760e-06	1.287198e-08
2.34775638e-06	1.341451e-08
2.34777516e-06	1.350069e-08
2.34779395e-06	1.364650e-08
2.34781273e-06	1.363160e-08
2.34783151e-06	1.362946e-08
2.34785029e-06	1.406534e-08
2.34786908e-06	1.393821e-08
2.34788786e-06	1.384031e-08
2.34790664e-06	1.404166e-08
2.34792542e-06	1.406381e-08
2.34794421e-06	1.397515e-08
2.34796299e-06	1.390134e-08
2.34798178e-06	1.398248e-08
2.34800056e-06	1.400998e-08
2.34801934e-06	1.384193e-08
2.34803813e-06	1.397425e-08
2.34805691e-06	1.393964e-08
2.34807570e-06	1.386180e-08
2.34809448e-06	1.377533e-08
2.34811327e-06	1.363035e-08
2.34813205e-06	1.319862e-08
2.34815084e-06	1.309136e-08
2.34816962e-06	1.387024e-08
2.34818841e-06	1.402971e-08
2.34820719e-06	1.393979e-08
2.34822598e-06	1.293305e-08
2.34824476e-06	1.353818e-08
2.34826355e-06	1.308563e-08
2.34828234e-06	1.376337e-08
2.34830112e-06	1.397654e-08
2.34831991e-06	1.409066e-08
2.34833869e-06	1.378850e-08
2.34835748e-06	1.379189e-08
2.34837627e-06	1.374000e-08
2.34839506e-06	1.392055e-08
2.34841384e-06	1.358323e-08
2.34843263e-06	1.366067e-08
2.34845142e-06	1.374386e-08
2.34847021e-06	1.393754e-08
2.34848899e-06	1.389626e-08
2.34850778e-06	1.387227e-08
2.34852657e-06	1.331556e-08
2.34854536e-06	1.318124e-08
2.34856415e-06	1.353703e-08
2.34858293e-06	1.381491e-08
2.34860172e-06	1.383157e-08
2.34862051e-06	1.406150e-08
2.34863930e-06	1.403483e-08
2.34865809e-06	1.381754e-08
2.34867688e-06	1.314230e-08
2.34869567e-06	1.334655e-08
2.34871446e-06	1.355608e-08
2.34873325e-06	1.353117e-08
2.34875204e-06	1.401551e-08
2.34877083e-06	1.409151e-08
2.34878962e-06	1.373230e-08
2.34880841e-06	1.337101e-08
2.34882720e-06	1.318287e-08
2.34884599e-06	1.302346e-08
2.34886478e-06	1.377325e-08
2.34888357e-06	1.380359e-08
2.34890236e-06	1.388722e-08
2.34892115e-06	1.407321e-08
2.34893994e-06	1.408732e-08
2.34895873e-06	1.370037e-08
2.34897753e-06	1.367762e-08
2.34899632e-06	1.334209e-08
2.34901511e-06	1.316564e-08
2.34903390e-06	1.385491e-08
2.34905269e-06	1.380928e-08
2.34907149e-06	1.383940e-08
2.34909028e-06	1.364932e-08
2.34910907e-06	1.366237e-08
2.34912787e-06	1.388610e-08
2.34914666e-06	1.379993e-08
2.34916545e-06	1.356961e-08
2.34918425e-06	1.368572e-08
2.34920304e-06	1.343253e-08
2.34922183e-06	1.355319e-08
2.34924063e-06	1.334763e-08
2.34925942e-06	1.385137e-08
2.34927821e-06	1.403870e-08
2.34929701e-06	1.355424e-08
2.34931580e-06	1.360633e-08
2.34933460e-06	1.346804e-08
2.34935339e-06	1.314089e-08
2.34937219e-06	1.272127e-08
2.34939098e-06	1.323628e-08
2.34940978e-06	1.362514e-08
2.34942857e-06	1.311505e-08
2.34944737e-06	1.371993e-08
2.34946616e-06	1.364775e-08
2.34948496e-06	1.342018e-08
2.34950375e-06	1.265741e-08
2.34952255e-06	1.320253e-08
2.34954135e-06	1.395958e-08
2.34956014e-06	1.401981e-08
2.34957894e-06	1.378388e-08
2.34959774e-06	1.406417e-08
2.34961653e-06	1.348500e-08
2.34963533e-06	1.315508e-08
2.34965413e-06	1.358036e-08
2.34967292e-06	1.308065e-08
2.34969172e-06	1.296191e-08
2.34971052e-06	1.354433e-08
2.34972932e-06	1.285251e-08
2.34974812e-06	1.359754e-08
2.34976691e-06	1.329616e-08
2.34978571e-06	1.326085e-08
2.34980451e-06	1.334812e-08
2.34982331e-06	1.297661e-08
2.34984211e-06	1.254418e-08
2.34986090e-06	1.296309e-08
2.34987970e-06	1.309474e-08
2.34989850e-06	1.329603e-08
2.34991730e-06	1.402299e-08
2.34993610e-06	1.385171e-08
2.34995490e-06	1.396945e-08
2.34997370e-06	1.340638e-08
