2.30001633e-06	1.392508e-08
2.30003473e-06	1.403346e-08
2.30005313e-06	1.403472e-08
2.30007153e-06	1.404664e-08
2.30008993e-06	1.407951e-08
2.30010833e-06	1.385935e-08
2.30012673e-06	1.379917e-08
2.30014513e-06	1.391462e-08
2.30016353e-06	1.399259e-08
2.30018194e-06	1.394572e-08
2.30020034e-06	1.392171e-08
2.30021874e-06	1.379443e-08
2.30023714e-06	1.389698e-08
2.30025554e-06	1.401980e-08
2.30027395e-06	1.404622e-08
2.30029235e-06	1.402370e-08
2.30031075e-06	1.404923e-08
2.30032915e-06	1.396943e-08
2.30034756e-06	1.389022e-08
2.30036596e-06	1.404875e-08
2.30038436e-06	1.401259e-08
2.30040276e-06	1.403944e-08
2.30042117e-06	1.405673e-08
2.30043957e-06	1.404411e-08
2.30045797e-06	1.403233e-08
2.30047638e-06	1.401987e-08
2.30049478e-06	1.400961e-08
2.30051319e-06	1.390880e-08
2.30053159e-06	1.422636e-08
2.30054999e-06	1.438057e-08
2.30056840e-06	1.391712e-08
2.30058680e-06	1.409298e-08
2.30060521e-06	1.396803e-08
2.30062361e-06	1.404622e-08
2.30064202e-06	1.406681e-08
2.30066042e-06	1.406595e-08
2.30067883e-06	1.403841e-08
2.30069723e-06	1.402681e-08
2.30071564e-06	1.407937e-08
2.30073404e-06	1.397561e-08
2.30075245e-06	1.399450e-08
2.30077086e-06	1.406305e-08
2.30078926e-06	1.401423e-08
2.30080767e-06	1.402916e-08
2.30082608e-06	1.403513e-08
2.30084448e-06	1.403635e-08
2.30086289e-06	1.403761e-08
2.30088129e-06	1.403313e-08
2.30089970e-06	1.403762e-08
2.30091811e-06	1.398673e-08
2.30093652e-06	1.396279e-08
2.30095492e-06	1.399976e-08
2.30097333e-06	1.405916e-08
2.30099174e-06	1.406841e-08
2.30101015e-06	1.405186e-08
2.30102856e-06	1.407161e-08
2.30104696e-06	1.403987e-08
2.30106537e-06	1.405340e-08
2.30108378e-06	1.400663e-08
2.30110219e-06	1.400107e-08
2.30112060e-06	1.407693e-08
2.30113901e-06	1.397859e-08
2.30115742e-06	1.389239e-08
2.30117583e-06	1.395588e-08
2.30119423e-06	1.406525e-08
2.30121265e-06	1.407851e-08
2.30123105e-06	1.402881e-08
2.30124946e-06	1.402473e-08
2.30126787e-06	1.398210e-08
2.30128628e-06	1.403939e-08
2.30130469e-06	1.437553e-08
2.30132310e-06	1.438684e-08
2.30134152e-06	1.383883e-08
2.30135993e-06	1.394931e-08
2.30137834e-06	1.397759e-08
2.30139675e-06	1.394318e-08
2.30141516e-06	1.406835e-08
2.30143357e-06	1.395461e-08
2.30145198e-06	1.391046e-08
2.30147039e-06	1.405950e-08
2.30148881e-06	1.407870e-08
2.30150722e-06	1.405340e-08
2.30152563e-06	1.406250e-08
2.30154404e-06	1.401587e-08
2.30156245e-06	1.401394e-08
2.30158087e-06	1.404161e-08
2.30159928e-06	1.401093e-08
2.30161769e-06	1.397769e-08
2.30163611e-06	1.405644e-08
2.30165452e-06	1.406883e-08
2.30167293e-06	1.405351e-08
2.30169135e-06	1.397771e-08
2.30170976e-06	1.391456e-08
2.30172817e-06	1.388083e-08
2.30174659e-06	1.396628e-08
2.30176500e-06	1.401781e-08
2.30178341e-06	1.384740e-08
2.30180183e-06	1.391356e-08
2.30182024e-06	1.403973e-08
2.30183866e-06	1.399617e-08
2.30185707e-06	1.402765e-08
2.30187549e-06	1.405402e-08
2.30189390e-06	1.404185e-08
2.30191232e-06	1.395054e-08
2.30193073e-06	1.400485e-08
2.30194915e-06	1.400921e-08
2.30196756e-06	1.391575e-08
2.30198598e-06	1.395059e-08
2.30200440e-06	1.402955e-08
2.30202281e-06	1.404835e-08
2.30204123e-06	1.405349e-08
2.30205964e-06	1.405225e-08
2.30207806e-06	1.402812e-08
2.30209648e-06	1.400180e-08
2.30211489e-06	1.436463e-08
2.30213331e-06	1.438256e-08
2.30215173e-06	1.388675e-08
2.30217014e-06	1.403917e-08
2.30218856e-06	1.399271e-08
2.30220698e-06	1.398319e-08
2.30222540e-06	1.401608e-08
2.30224381e-06	1.402473e-08
2.30226223e-06	1.402107e-08
2.30228065e-06	1.403322e-08
2.30229907e-06	1.403924e-08
2.30231749e-06	1.402294e-08
2.30233591e-06	1.395889e-08
2.30235433e-06	1.387756e-08
2.30237274e-06	1.387860e-08
2.30239116e-06	1.389016e-08
2.30240958e-06	1.399334e-08
2.30242800e-06	1.402388e-08
2.30244642e-06	1.398260e-08
2.30246484e-06	1.392866e-08
2.30248326e-06	1.393050e-08
2.30250168e-06	1.398742e-08
2.30252010e-06	1.402239e-08
2.30253852e-06	1.404366e-08
2.30255694e-06	1.400668e-08
2.30257536e-06	1.390172e-08
2.30259378e-06	1.393241e-08
2.30261220e-06	1.395929e-08
2.30263062e-06	1.399757e-08
2.30264904e-06	1.400706e-08
2.30266747e-06	1.398733e-08
2.30268589e-06	1.385639e-08
2.30270431e-06	1.396986e-08
2.30272273e-06	1.402624e-08
2.30274115e-06	1.405833e-08
2.30275957e-06	1.395411e-08
2.30277800e-06	1.400506e-08
2.30279642e-06	1.408540e-08
2.30281484e-06	1.408204e-08
2.30283326e-06	1.403940e-08
2.30285168e-06	1.402752e-08
2.30287011e-06	1.395979e-08
2.30288853e-06	1.398908e-08
2.30290695e-06	1.404661e-08
2.30292538e-06	1.406854e-08
2.30294380e-06	1.406854e-08
2.30296222e-06	1.389841e-08
2.30298065e-06	1.434005e-08
2.30299907e-06	1.404209e-08
2.30301750e-06	1.393833e-08
2.30303592e-06	1.395223e-08
2.30305434e-06	1.403403e-08
2.30307277e-06	1.401646e-08
2.30309119e-06	1.400735e-08
2.30310962e-06	1.404072e-08
2.30312804e-06	1.405240e-08
2.30314647e-06	1.401206e-08
2.30316489e-06	1.397320e-08
2.30318332e-06	1.402317e-08
2.30320174e-06	1.407925e-08
2.30322017e-06	1.406389e-08
2.30323860e-06	1.386200e-08
2.30325702e-06	1.392187e-08
2.30327545e-06	1.401045e-08
2.30329387e-06	1.405230e-08
2.30331230e-06	1.403001e-08
2.30333073e-06	1.396138e-08
2.30334915e-06	1.392776e-08
2.30336758e-06	1.401760e-08
2.30338601e-06	1.394814e-08
2.30340443e-06	1.381479e-08
2.30342286e-06	1.365388e-08
2.30344129e-06	1.383218e-08
2.30345972e-06	1.394951e-08
2.30347814e-06	1.397624e-08
2.30349657e-06	1.394866e-08
2.30351500e-06	1.392960e-08
2.30353343e-06	1.401727e-08
2.30355186e-06	1.404309e-08
2.30357028e-06	1.402661e-08
2.30358871e-06	1.399137e-08
2.30360714e-06	1.397423e-08
2.30362557e-06	1.403942e-08
2.30364400e-06	1.402854e-08
2.30366243e-06	1.392207e-08
2.30368086e-06	1.394723e-08
2.30369929e-06	1.398185e-08
2.30371772e-06	1.403330e-08
2.30373615e-06	1.403815e-08
2.30375458e-06	1.403171e-08
2.30377301e-06	1.403112e-08
2.30379144e-06	1.402739e-08
2.30380987e-06	1.393811e-08
2.30382830e-06	1.393023e-08
2.30384673e-06	1.387695e-08
2.30386516e-06	1.437651e-08
2.30388359e-06	1.433963e-08
2.30390202e-06	1.391214e-08
2.30392045e-06	1.386644e-08
2.30393888e-06	1.403936e-08
2.30395731e-06	1.400439e-08
2.30397575e-06	1.403047e-08
2.30399418e-06	1.398331e-08
2.30401261e-06	1.397151e-08
2.30403104e-06	1.390279e-08
2.30404947e-06	1.393613e-08
2.30406791e-06	1.398512e-08
2.30408634e-06	1.399058e-08
2.30410477e-06	1.395632e-08
2.30412321e-06	1.383928e-08
2.30414164e-06	1.379332e-08
2.30416007e-06	1.390641e-08
2.30417850e-06	1.396143e-08
2.30419694e-06	1.399128e-08
2.30421537e-06	1.401748e-08
2.30423381e-06	1.401902e-08
2.30425224e-06	1.394639e-08
2.30427067e-06	1.399414e-08
2.30428911e-06	1.398732e-08
2.30430754e-06	1.397404e-08
2.30432598e-06	1.403526e-08
2.30434441e-06	1.401444e-08
2.30436285e-06	1.393509e-08
2.30438128e-06	1.370320e-08
2.30439971e-06	1.372931e-08
2.30441815e-06	1.379823e-08
2.30443659e-06	1.385376e-08
2.30445502e-06	1.398068e-08
2.30447346e-06	1.392806e-08
2.30449189e-06	1.389883e-08
2.30451033e-06	1.396161e-08
2.30452877e-06	1.394017e-08
2.30454720e-06	1.384364e-08
2.30456564e-06	1.394239e-08
2.30458407e-06	1.395702e-08
2.30460251e-06	1.395612e-08
2.30462095e-06	1.400967e-08
2.30463938e-06	1.404035e-08
2.30465782e-06	1.401211e-08
2.30467626e-06	1.393522e-08
2.30469470e-06	1.400685e-08
2.30471313e-06	1.404720e-08
2.30473157e-06	1.401620e-08
2.30475001e-06	1.405061e-08
2.30476845e-06	1.406221e-08
2.30478688e-06	1.394241e-08
2.30480532e-06	1.433275e-08
2.30482376e-06	1.379872e-08
2.30484220e-06	1.404623e-08
2.30486064e-06	1.384318e-08
2.30487908e-06	1.385917e-08
2.30489752e-06	1.403796e-08
2.30491596e-06	1.405365e-08
2.30493440e-06	1.400054e-08
2.30495284e-06	1.405582e-08
2.30497128e-06	1.409051e-08
2.30498972e-06	1.401038e-08
2.30500815e-06	1.398832e-08
2.30502660e-06	1.400962e-08
2.30504504e-06	1.404830e-08
2.30506347e-06	1.404564e-08
2.30508192e-06	1.403189e-08
2.30510036e-06	1.403908e-08
2.30511880e-06	1.401203e-08
2.30513724e-06	1.398873e-08
2.30515568e-06	1.403047e-08
2.30517412e-06	1.402087e-08
2.30519256e-06	1.399538e-08
2.30521100e-06	1.404049e-08
2.30522944e-06	1.402245e-08
2.30524789e-06	1.398159e-08
2.30526633e-06	1.400397e-08
2.30528477e-06	1.399164e-08
2.30530321e-06	1.394681e-08
2.30532166e-06	1.402035e-08
2.30534010e-06	1.402080e-08
2.30535854e-06	1.401562e-08
2.30537698e-06	1.401212e-08
2.30539543e-06	1.406107e-08
2.30541387e-06	1.396155e-08
2.30543231e-06	1.406347e-08
2.30545076e-06	1.404852e-08
2.30546920e-06	1.405719e-08
2.30548764e-06	1.391805e-08
2.30550609e-06	1.404410e-08
2.30552453e-06	1.399023e-08
2.30554298e-06	1.391249e-08
2.30556142e-06	1.394184e-08
2.30557987e-06	1.399749e-08
2.30559831e-06	1.398324e-08
2.30561675e-06	1.401395e-08
2.30563520e-06	1.402287e-08
2.30565365e-06	1.395629e-08
2.30567209e-06	1.406231e-08
2.30569054e-06	1.404377e-08
2.30570898e-06	1.402108e-08
2.30572743e-06	1.402436e-08
2.30574587e-06	1.400701e-08
2.30576432e-06	1.433514e-08
2.30578276e-06	1.436455e-08
2.30580121e-06	1.390886e-08
2.30581966e-06	1.403154e-08
2.30583810e-06	1.399230e-08
2.30585655e-06	1.399947e-08
2.30587500e-06	1.387907e-08
2.30589344e-06	1.396387e-08
2.30591189e-06	1.404882e-08
2.30593034e-06	1.403115e-08
2.30594879e-06	1.403900e-08
2.30596723e-06	1.404255e-08
2.30598568e-06	1.405325e-08
2.30600413e-06	1.401443e-08
2.30602258e-06	1.396863e-08
2.30604102e-06	1.391789e-08
2.30605947e-06	1.387710e-08
2.30607792e-06	1.392064e-08
2.30609637e-06	1.395883e-08
2.30611482e-06	1.398988e-08
2.30613327e-06	1.404660e-08
2.30615172e-06	1.404819e-08
2.30617017e-06	1.402659e-08
2.30618862e-06	1.400311e-08
2.30620707e-06	1.401715e-08
2.30622551e-06	1.403288e-08
2.30624396e-06	1.399418e-08
2.30626241e-06	1.398360e-08
2.30628087e-06	1.397478e-08
2.30629932e-06	1.392229e-08
2.30631777e-06	1.382897e-08
2.30633622e-06	1.389026e-08
2.30635467e-06	1.395070e-08
2.30637312e-06	1.394144e-08
2.30639157e-06	1.397133e-08
2.30641002e-06	1.402116e-08
2.30642847e-06	1.392715e-08
2.30644692e-06	1.401313e-08
2.30646537e-06	1.405436e-08
2.30648383e-06	1.404391e-08
2.30650228e-06	1.404559e-08
2.30652073e-06	1.405588e-08
2.30653918e-06	1.395447e-08
2.30655763e-06	1.400648e-08
2.30657609e-06	1.404001e-08
2.30659454e-06	1.397334e-08
2.30661299e-06	1.397239e-08
2.30663144e-06	1.406059e-08
2.30664990e-06	1.403062e-08
2.30666835e-06	1.392503e-08
2.30668681e-06	1.405257e-08
2.30670526e-06	1.404598e-08
2.30672371e-06	1.404228e-08
2.30674217e-06	1.404265e-08
2.30676062e-06	1.400324e-08
2.30677907e-06	1.437225e-08
2.30679753e-06	1.437266e-08
2.30681598e-06	1.397727e-08
2.30683444e-06	1.401921e-08
2.30685289e-06	1.395293e-08
2.30687135e-06	1.403423e-08
2.30688980e-06	1.400779e-08
2.30690826e-06	1.401091e-08
2.30692671e-06	1.384673e-08
2.30694517e-06	1.400464e-08
2.30696362e-06	1.401619e-08
2.30698208e-06	1.394942e-08
2.30700053e-06	1.384800e-08
2.30701899e-06	1.388575e-08
2.30703745e-06	1.396295e-08
2.30705590e-06	1.400892e-08
2.30707436e-06	1.393524e-08
2.30709282e-06	1.390922e-08
2.30711127e-06	1.387249e-08
2.30712973e-06	1.382746e-08
2.30714819e-06	1.383194e-08
2.30716664e-06	1.382053e-08
2.30718510e-06	1.384213e-08
2.30720356e-06	1.388925e-08
2.30722202e-06	1.398481e-08
2.30724047e-06	1.402005e-08
2.30725893e-06	1.401684e-08
2.30727739e-06	1.397753e-08
2.30729585e-06	1.401518e-08
2.30731431e-06	1.398989e-08
2.30733277e-06	1.400667e-08
2.30735122e-06	1.393973e-08
2.30736968e-06	1.397639e-08
2.30738814e-06	1.404069e-08
2.30740660e-06	1.402610e-08
2.30742506e-06	1.397474e-08
2.30744352e-06	1.386304e-08
2.30746198e-06	1.389834e-08
2.30748044e-06	1.400747e-08
2.30749890e-06	1.402463e-08
2.30751736e-06	1.396001e-08
2.30753582e-06	1.402412e-08
2.30755428e-06	1.400621e-08
2.30757274e-06	1.400878e-08
2.30759120e-06	1.404183e-08
2.30760966e-06	1.404138e-08
2.30762812e-06	1.390709e-08
2.30764658e-06	1.390297e-08
2.30766504e-06	1.402680e-08
2.30768351e-06	1.406937e-08
2.30770197e-06	1.397143e-08
2.30772043e-06	1.382503e-08
2.30773889e-06	1.383918e-08
2.30775735e-06	1.388218e-08
2.30777581e-06	1.395643e-08
2.30779428e-06	1.404279e-08
2.30781274e-06	1.395588e-08
2.30783120e-06	1.436435e-08
2.30784966e-06	1.436829e-08
2.30786813e-06	1.396936e-08
2.30788659e-06	1.402227e-08
2.30790505e-06	1.394583e-08
2.30792352e-06	1.394889e-08
2.30794198e-06	1.400014e-08
2.30796044e-06	1.393580e-08
2.30797891e-06	1.393891e-08
2.30799737e-06	1.399006e-08
2.30801583e-06	1.383105e-08
2.30803430e-06	1.401411e-08
2.30805276e-06	1.407480e-08
2.30807123e-06	1.403167e-08
2.30808969e-06	1.396139e-08
2.30810816e-06	1.399116e-08
2.30812662e-06	1.399814e-08
2.30814509e-06	1.394907e-08
2.30816355e-06	1.388570e-08
2.30818202e-06	1.391489e-08
2.30820048e-06	1.400751e-08
2.30821895e-06	1.397995e-08
2.30823741e-06	1.395264e-08
2.30825588e-06	1.393971e-08
2.30827434e-06	1.402504e-08
2.30829281e-06	1.400460e-08
2.30831128e-06	1.401158e-08
2.30832974e-06	1.395846e-08
2.30834821e-06	1.396533e-08
2.30836668e-06	1.399766e-08
2.30838514e-06	1.401030e-08
2.30840361e-06	1.397623e-08
2.30842208e-06	1.391779e-08
2.30844055e-06	1.388847e-08
2.30845901e-06	1.395087e-08
2.30847748e-06	1.401094e-08
2.30849595e-06	1.404355e-08
2.30851442e-06	1.403770e-08
2.30853288e-06	1.403372e-08
2.30855135e-06	1.396942e-08
2.30856982e-06	1.397937e-08
2.30858829e-06	1.398555e-08
2.30860676e-06	1.393444e-08
2.30862523e-06	1.383875e-08
2.30864370e-06	1.392855e-08
2.30866217e-06	1.392507e-08
2.30868063e-06	1.386815e-08
2.30869911e-06	1.397193e-08
2.30871757e-06	1.400635e-08
2.30873604e-06	1.402209e-08
2.30875451e-06	1.401551e-08
2.30877298e-06	1.394959e-08
2.30879145e-06	1.401009e-08
2.30880992e-06	1.397803e-08
2.30882840e-06	1.400389e-08
2.30884687e-06	1.398609e-08
2.30886534e-06	1.397065e-08
2.30888381e-06	1.403697e-08
2.30890228e-06	1.402932e-08
2.30892075e-06	1.425977e-08
2.30893922e-06	1.434075e-08
2.30895769e-06	1.385083e-08
2.30897616e-06	1.403648e-08
2.30899464e-06	1.397142e-08
2.30901311e-06	1.402392e-08
2.30903158e-06	1.400634e-08
2.30905005e-06	1.401163e-08
2.30906852e-06	1.403082e-08
2.30908700e-06	1.395631e-08
2.30910547e-06	1.395827e-08
2.30912394e-06	1.405995e-08
2.30914242e-06	1.397456e-08
2.30916089e-06	1.383179e-08
2.30917936e-06	1.402003e-08
2.30919784e-06	1.406312e-08
2.30921631e-06	1.406160e-08
2.30923478e-06	1.401695e-08
2.30925326e-06	1.394788e-08
2.30927173e-06	1.391818e-08
2.30929021e-06	1.395903e-08
2.30930868e-06	1.390790e-08
2.30932715e-06	1.396957e-08
2.30934563e-06	1.402356e-08
2.30936410e-06	1.399847e-08
2.30938258e-06	1.404066e-08
2.30940105e-06	1.395965e-08
2.30941953e-06	1.400405e-08
2.30943800e-06	1.401214e-08
2.30945648e-06	1.400627e-08
2.30947495e-06	1.398922e-08
2.30949343e-06	1.402656e-08
2.30951191e-06	1.402771e-08
2.30953038e-06	1.404307e-08
2.30954886e-06	1.402882e-08
2.30956733e-06	1.397222e-08
2.30958581e-06	1.396125e-08
2.30960429e-06	1.398017e-08
2.30962277e-06	1.397123e-08
2.30964124e-06	1.397974e-08
2.30965972e-06	1.400653e-08
2.30967820e-06	1.392069e-08
2.30969667e-06	1.405308e-08
2.30971515e-06	1.396062e-08
2.30973363e-06	1.387987e-08
2.30975211e-06	1.404196e-08
2.30977059e-06	1.390722e-08
2.30978906e-06	1.401118e-08
2.30980754e-06	1.408668e-08
2.30982602e-06	1.407425e-08
2.30984450e-06	1.402968e-08
2.30986298e-06	1.400569e-08
2.30988146e-06	1.396876e-08
2.30989994e-06	1.401131e-08
2.30991842e-06	1.401946e-08
2.30993689e-06	1.400352e-08
2.30995537e-06	1.403284e-08
2.30997385e-06	1.398115e-08
2.30999233e-06	1.402226e-08
2.31001081e-06	1.401303e-08
2.31002929e-06	1.402493e-08
2.31004777e-06	1.379800e-08
2.31006625e-06	1.430899e-08
2.31008473e-06	1.388638e-08
2.31010321e-06	1.403997e-08
2.31012170e-06	1.404199e-08
2.31014018e-06	1.407022e-08
2.31015866e-06	1.404346e-08
2.31017714e-06	1.396071e-08
2.31019562e-06	1.388620e-08
2.31021410e-06	1.398616e-08
2.31023258e-06	1.397829e-08
2.31025107e-06	1.384279e-08
2.31026955e-06	1.377349e-08
2.31028803e-06	1.388462e-08
2.31030651e-06	1.389566e-08
2.31032499e-06	1.396111e-08
2.31034348e-06	1.383311e-08
2.31036196e-06	1.399496e-08
2.31038044e-06	1.391981e-08
2.31039893e-06	1.389121e-08
2.31041741e-06	1.401325e-08
2.31043589e-06	1.401799e-08
2.31045438e-06	1.404042e-08
2.31047286e-06	1.402940e-08
2.31049134e-06	1.401299e-08
2.31050983e-06	1.390806e-08
2.31052831e-06	1.401652e-08
2.31054680e-06	1.398733e-08
2.31056528e-06	1.400445e-08
2.31058377e-06	1.401395e-08
2.31060225e-06	1.400892e-08
2.31062073e-06	1.386133e-08
2.31063922e-06	1.395748e-08
2.31065770e-06	1.400029e-08
2.31067619e-06	1.396572e-08
2.31069467e-06	1.397859e-08
2.31071316e-06	1.401328e-08
2.31073165e-06	1.402599e-08
2.31075013e-06	1.402080e-08
2.31076862e-06	1.401584e-08
2.31078710e-06	1.401085e-08
2.31080559e-06	1.402489e-08
2.31082408e-06	1.401332e-08
2.31084256e-06	1.397680e-08
2.31086105e-06	1.398912e-08
2.31087954e-06	1.399430e-08
2.31089802e-06	1.402963e-08
2.31091651e-06	1.404291e-08
2.31093500e-06	1.404387e-08
2.31095349e-06	1.403053e-08
2.31097197e-06	1.395872e-08
2.31099046e-06	1.398114e-08
2.31100895e-06	1.404593e-08
2.31102744e-06	1.402089e-08
2.31104593e-06	1.393628e-08
2.31106441e-06	1.385390e-08
2.31108290e-06	1.399520e-08
2.31110139e-06	1.399021e-08
2.31111988e-06	1.393385e-08
2.31113837e-06	1.388498e-08
2.31115686e-06	1.396424e-08
2.31117535e-06	1.402424e-08
2.31119384e-06	1.389123e-08
2.31121233e-06	1.387465e-08
2.31123082e-06	1.434880e-08
2.31124931e-06	1.435527e-08
2.31126780e-06	1.398137e-08
2.31128629e-06	1.404258e-08
2.31130478e-06	1.398989e-08
2.31132327e-06	1.396619e-08
2.31134176e-06	1.395597e-08
2.31136025e-06	1.401893e-08
2.31137874e-06	1.399931e-08
2.31139723e-06	1.396072e-08
2.31141572e-06	1.401463e-08
2.31143421e-06	1.403954e-08
2.31145270e-06	1.401459e-08
2.31147120e-06	1.388985e-08
2.31148969e-06	1.400648e-08
2.31150818e-06	1.401734e-08
2.31152667e-06	1.401236e-08
2.31154516e-06	1.401512e-08
2.31156366e-06	1.387722e-08
2.31158215e-06	1.401499e-08
2.31160064e-06	1.387318e-08
2.31161913e-06	1.401904e-08
2.31163763e-06	1.406091e-08
2.31165612e-06	1.402232e-08
2.31167461e-06	1.405984e-08
2.31169311e-06	1.398658e-08
2.31171160e-06	1.394167e-08
2.31173009e-06	1.402337e-08
2.31174859e-06	1.400900e-08
2.31176708e-06	1.399772e-08
2.31178558e-06	1.403666e-08
2.31180407e-06	1.399740e-08
2.31182257e-06	1.400026e-08
2.31184106e-06	1.400913e-08
2.31185955e-06	1.401322e-08
2.31187805e-06	1.394316e-08
2.31189654e-06	1.404502e-08
2.31191504e-06	1.404562e-08
2.31193353e-06	1.401280e-08
2.31195203e-06	1.403504e-08
2.31197052e-06	1.400574e-08
2.31198902e-06	1.395341e-08
2.31200752e-06	1.399100e-08
2.31202601e-06	1.401750e-08
2.31204451e-06	1.388952e-08
2.31206301e-06	1.396209e-08
2.31208150e-06	1.400684e-08
2.31210000e-06	1.398611e-08
2.31211850e-06	1.392942e-08
2.31213699e-06	1.398592e-08
2.31215549e-06	1.396394e-08
2.31217399e-06	1.397018e-08
2.31219248e-06	1.401937e-08
2.31221098e-06	1.402582e-08
2.31222948e-06	1.402660e-08
2.31224798e-06	1.401684e-08
2.31226648e-06	1.401277e-08
2.31228497e-06	1.402991e-08
2.31230347e-06	1.404160e-08
2.31232197e-06	1.394618e-08
2.31234047e-06	1.399421e-08
2.31235897e-06	1.403645e-08
2.31237747e-06	1.399540e-08
2.31239596e-06	1.401372e-08
2.31241446e-06	1.402983e-08
2.31243296e-06	1.377859e-08
2.31245146e-06	1.431057e-08
2.31246996e-06	1.406381e-08
2.31248846e-06	1.404662e-08
2.31250696e-06	1.401670e-08
2.31252546e-06	1.399820e-08
2.31254396e-06	1.402176e-08
2.31256246e-06	1.401567e-08
2.31258096e-06	1.399348e-08
2.31259946e-06	1.397512e-08
2.31261796e-06	1.397579e-08
2.31263647e-06	1.396101e-08
2.31265497e-06	1.395236e-08
2.31267347e-06	1.386842e-08
2.31269197e-06	1.393447e-08
2.31271047e-06	1.401077e-08
2.31272897e-06	1.400319e-08
2.31274748e-06	1.400105e-08
2.31276598e-06	1.399931e-08
2.31278448e-06	1.389848e-08
2.31280298e-06	1.393474e-08
2.31282148e-06	1.395715e-08
2.31283999e-06	1.384621e-08
2.31285849e-06	1.403483e-08
2.31287699e-06	1.400374e-08
2.31289550e-06	1.397838e-08
2.31291400e-06	1.401450e-08
2.31293250e-06	1.401961e-08
2.31295100e-06	1.400807e-08
2.31296951e-06	1.398219e-08
2.31298801e-06	1.396446e-08
2.31300652e-06	1.398198e-08
2.31302502e-06	1.401705e-08
2.31304352e-06	1.401488e-08
2.31306203e-06	1.402207e-08
2.31308053e-06	1.400847e-08
2.31309904e-06	1.400251e-08
2.31311754e-06	1.405396e-08
2.31313605e-06	1.406023e-08
2.31315455e-06	1.403030e-08
2.31317306e-06	1.401717e-08
2.31319156e-06	1.401540e-08
2.31321007e-06	1.401655e-08
2.31322857e-06	1.395774e-08
2.31324708e-06	1.393675e-08
2.31326559e-06	1.398754e-08
2.31328409e-06	1.394818e-08
2.31330260e-06	1.398520e-08
2.31332111e-06	1.390933e-08
2.31333961e-06	1.384448e-08
2.31335812e-06	1.397358e-08
2.31337662e-06	1.400120e-08
2.31339513e-06	1.400808e-08
2.31341364e-06	1.400790e-08
2.31343215e-06	1.389776e-08
2.31345065e-06	1.375429e-08
2.31346916e-06	1.391501e-08
2.31348767e-06	1.394293e-08
2.31350618e-06	1.392953e-08
2.31352469e-06	1.394744e-08
2.31354319e-06	1.391701e-08
2.31356170e-06	1.394176e-08
2.31358021e-06	1.398583e-08
2.31359872e-06	1.394241e-08
2.31361723e-06	1.396795e-08
2.31363574e-06	1.400504e-08
2.31365425e-06	1.401403e-08
2.31367275e-06	1.400736e-08
2.31369127e-06	1.391160e-08
2.31370977e-06	1.431011e-08
2.31372828e-06	1.376578e-08
2.31374679e-06	1.400848e-08
2.31376530e-06	1.400587e-08
2.31378381e-06	1.401653e-08
2.31380232e-06	1.401268e-08
2.31382083e-06	1.396174e-08
2.31383935e-06	1.392685e-08
2.31385786e-06	1.400107e-08
2.31387637e-06	1.400452e-08
2.31389488e-06	1.401217e-08
2.31391339e-06	1.398983e-08
2.31393190e-06	1.397490e-08
2.31395041e-06	1.403505e-08
2.31396892e-06	1.402261e-08
2.31398744e-06	1.401859e-08
2.31400595e-06	1.401343e-08
2.31402446e-06	1.402502e-08
2.31404297e-06	1.385520e-08
2.31406148e-06	1.385351e-08
2.31408000e-06	1.402561e-08
2.31409851e-06	1.393760e-08
2.31411702e-06	1.391609e-08
2.31413553e-06	1.391747e-08
2.31415405e-06	1.387665e-08
2.31417256e-06	1.393299e-08
2.31419107e-06	1.396180e-08
2.31420959e-06	1.391486e-08
2.31422810e-06	1.392894e-08
2.31424662e-06	1.400654e-08
2.31426513e-06	1.398916e-08
2.31428364e-06	1.395536e-08
2.31430216e-06	1.386962e-08
2.31432067e-06	1.399100e-08
2.31433919e-06	1.399438e-08
2.31435770e-06	1.398676e-08
2.31437622e-06	1.402779e-08
2.31439473e-06	1.403605e-08
2.31441325e-06	1.399917e-08
2.31443176e-06	1.397965e-08
2.31445028e-06	1.399606e-08
2.31446879e-06	1.400310e-08
2.31448731e-06	1.401851e-08
2.31450582e-06	1.399782e-08
2.31452434e-06	1.398619e-08
2.31454286e-06	1.387538e-08
2.31456137e-06	1.399381e-08
2.31457989e-06	1.394321e-08
2.31459841e-06	1.393386e-08
2.31461692e-06	1.391878e-08
2.31463544e-06	1.380217e-08
2.31465396e-06	1.400609e-08
2.31467247e-06	1.389427e-08
2.31469099e-06	1.387217e-08
2.31470951e-06	1.396720e-08
2.31472803e-06	1.392322e-08
2.31474654e-06	1.383152e-08
2.31476506e-06	1.396799e-08
2.31478358e-06	1.400638e-08
2.31480210e-06	1.392896e-08
2.31482062e-06	1.392281e-08
2.31483913e-06	1.400271e-08
2.31485765e-06	1.399267e-08
2.31487617e-06	1.386964e-08
2.31489469e-06	1.401299e-08
2.31491321e-06	1.404033e-08
2.31493173e-06	1.403734e-08
2.31495025e-06	1.402879e-08
2.31496877e-06	1.390206e-08
2.31498729e-06	1.411918e-08
2.31500581e-06	1.431187e-08
2.31502433e-06	1.377422e-08
2.31504285e-06	1.402049e-08
2.31506137e-06	1.403619e-08
2.31507989e-06	1.403095e-08
2.31509841e-06	1.398937e-08
2.31511693e-06	1.402339e-08
2.31513545e-06	1.401731e-08
2.31515397e-06	1.397283e-08
2.31517250e-06	1.396142e-08
2.31519102e-06	1.387412e-08
2.31520954e-06	1.391695e-08
2.31522806e-06	1.397858e-08
2.31524658e-06	1.397432e-08
2.31526510e-06	1.390827e-08
2.31528362e-06	1.404352e-08
2.31530215e-06	1.391575e-08
2.31532067e-06	1.393870e-08
2.31533919e-06	1.400429e-08
2.31535771e-06	1.392018e-08
2.31537624e-06	1.386269e-08
2.31539476e-06	1.384048e-08
2.31541328e-06	1.398417e-08
2.31543181e-06	1.398795e-08
2.31545033e-06	1.400046e-08
2.31546885e-06	1.395793e-08
2.31548738e-06	1.397614e-08
2.31550590e-06	1.397334e-08
2.31552443e-06	1.386631e-08
2.31554295e-06	1.397810e-08
2.31556148e-06	1.394177e-08
2.31558000e-06	1.378242e-08
2.31559852e-06	1.397618e-08
2.31561705e-06	1.397756e-08
2.31563557e-06	1.383895e-08
2.31565410e-06	1.377126e-08
2.31567262e-06	1.386219e-08
2.31569115e-06	1.401766e-08
2.31570967e-06	1.403493e-08
2.31572820e-06	1.400888e-08
2.31574673e-06	1.400612e-08
2.31576525e-06	1.402117e-08
2.31578378e-06	1.400210e-08
2.31580231e-06	1.399191e-08
2.31582083e-06	1.396628e-08
2.31583936e-06	1.394831e-08
2.31585788e-06	1.397351e-08
2.31587641e-06	1.385960e-08
2.31589494e-06	1.399935e-08
2.31591347e-06	1.383345e-08
2.31593199e-06	1.387786e-08
2.31595052e-06	1.397136e-08
2.31596905e-06	1.399209e-08
2.31598758e-06	1.399548e-08
2.31600610e-06	1.400824e-08
2.31602463e-06	1.396554e-08
2.31604316e-06	1.377305e-08
2.31606169e-06	1.374092e-08
2.31608022e-06	1.396443e-08
2.31609875e-06	1.399526e-08
2.31611727e-06	1.400767e-08
2.31613580e-06	1.397614e-08
2.31615433e-06	1.397066e-08
2.31617286e-06	1.399691e-08
2.31619139e-06	1.398661e-08
2.31620992e-06	1.397979e-08
2.31622845e-06	1.401520e-08
2.31624698e-06	1.391737e-08
2.31626551e-06	1.391513e-08
2.31628404e-06	1.402990e-08
2.31630257e-06	1.405713e-08
2.31632110e-06	1.386714e-08
2.31633963e-06	1.429529e-08
2.31635816e-06	1.376320e-08
2.31637669e-06	1.402067e-08
2.31639522e-06	1.398527e-08
2.31641375e-06	1.382291e-08
2.31643229e-06	1.382333e-08
2.31645082e-06	1.400249e-08
2.31646935e-06	1.401532e-08
2.31648788e-06	1.399634e-08
2.31650641e-06	1.396841e-08
2.31652494e-06	1.394589e-08
2.31654348e-06	1.391857e-08
2.31656201e-06	1.406149e-08
2.31658054e-06	1.405861e-08
2.31659908e-06	1.401216e-08
2.31661761e-06	1.393914e-08
2.31663614e-06	1.396390e-08
2.31665467e-06	1.399620e-08
2.31667321e-06	1.399592e-08
2.31669174e-06	1.402329e-08
2.31671027e-06	1.396032e-08
2.31672881e-06	1.390784e-08
2.31674734e-06	1.393222e-08
2.31676587e-06	1.400490e-08
2.31678441e-06	1.396242e-08
2.31680294e-06	1.383385e-08
2.31682148e-06	1.401197e-08
2.31684001e-06	1.396914e-08
2.31685855e-06	1.401005e-08
2.31687708e-06	1.396667e-08
2.31689562e-06	1.396401e-08
2.31691415e-06	1.393388e-08
2.31693269e-06	1.385574e-08
2.31695122e-06	1.392702e-08
2.31696976e-06	1.386898e-08
2.31698830e-06	1.400722e-08
2.31700683e-06	1.397292e-08
2.31702537e-06	1.397255e-08
2.31704390e-06	1.388393e-08
2.31706244e-06	1.398363e-08
2.31708098e-06	1.397102e-08
2.31709951e-06	1.388132e-08
2.31711805e-06	1.389910e-08
2.31713659e-06	1.394978e-08
2.31715512e-06	1.404533e-08
2.31717366e-06	1.403491e-08
2.31719220e-06	1.395749e-08
2.31721073e-06	1.392117e-08
2.31722927e-06	1.392045e-08
2.31724781e-06	1.387183e-08
2.31726635e-06	1.381693e-08
2.31728489e-06	1.388208e-08
2.31730342e-06	1.392231e-08
2.31732196e-06	1.397167e-08
2.31734050e-06	1.396855e-08
2.31735904e-06	1.389493e-08
2.31737758e-06	1.388919e-08
2.31739612e-06	1.396724e-08
2.31741466e-06	1.398547e-08
2.31743320e-06	1.399867e-08
2.31745174e-06	1.391287e-08
2.31747028e-06	1.399776e-08
2.31748882e-06	1.402595e-08
2.31750736e-06	1.400488e-08
2.31752590e-06	1.399490e-08
2.31754444e-06	1.398741e-08
2.31756298e-06	1.396191e-08
2.31758152e-06	1.402791e-08
2.31760006e-06	1.385166e-08
2.31761860e-06	1.386345e-08
2.31763714e-06	1.403073e-08
2.31765568e-06	1.397507e-08
2.31767422e-06	1.402121e-08
2.31769276e-06	1.376991e-08
2.31771131e-06	1.431433e-08
2.31772985e-06	1.399735e-08
2.31774839e-06	1.400890e-08
2.31776693e-06	1.401259e-08
2.31778547e-06	1.394890e-08
2.31780401e-06	1.402209e-08
2.31782256e-06	1.395517e-08
2.31784110e-06	1.388871e-08
2.31785964e-06	1.391513e-08
2.31787819e-06	1.395696e-08
2.31789673e-06	1.394782e-08
2.31791527e-06	1.394193e-08
2.31793381e-06	1.390925e-08
2.31795236e-06	1.398921e-08
2.31797090e-06	1.396005e-08
2.31798945e-06	1.394644e-08
2.31800799e-06	1.393546e-08
2.31802653e-06	1.390128e-08
2.31804508e-06	1.399838e-08
2.31806362e-06	1.398814e-08
2.31808217e-06	1.399196e-08
2.31810071e-06	1.400687e-08
2.31811926e-06	1.394424e-08
2.31813780e-06	1.399004e-08
2.31815635e-06	1.394417e-08
2.31817489e-06	1.398201e-08
2.31819344e-06	1.388491e-08
2.31821198e-06	1.385952e-08
2.31823053e-06	1.399766e-08
2.31824907e-06	1.401262e-08
2.31826762e-06	1.397088e-08
2.31828617e-06	1.401986e-08
2.31830471e-06	1.388927e-08
2.31832326e-06	1.376198e-08
2.31834181e-06	1.387455e-08
2.31836035e-06	1.393121e-08
2.31837890e-06	1.392990e-08
2.31839745e-06	1.390243e-08
2.31841599e-06	1.386658e-08
2.31843454e-06	1.383229e-08
2.31845309e-06	1.398193e-08
2.31847164e-06	1.403361e-08
2.31849018e-06	1.400785e-08
2.31850873e-06	1.401655e-08
2.31852728e-06	1.398978e-08
2.31854583e-06	1.390947e-08
2.31856438e-06	1.390621e-08
2.31858292e-06	1.393846e-08
2.31860147e-06	1.397942e-08
2.31862002e-06	1.397947e-08
2.31863857e-06	1.399379e-08
2.31865712e-06	1.395181e-08
2.31867567e-06	1.396008e-08
2.31869422e-06	1.398576e-08
2.31871277e-06	1.397807e-08
2.31873132e-06	1.396155e-08
2.31874987e-06	1.395445e-08
2.31876842e-06	1.388299e-08
2.31878697e-06	1.382107e-08
2.31880552e-06	1.382508e-08
2.31882407e-06	1.391599e-08
2.31884262e-06	1.394522e-08
2.31886117e-06	1.399341e-08
2.31887972e-06	1.399349e-08
2.31889827e-06	1.399179e-08
2.31891682e-06	1.397819e-08
2.31893538e-06	1.398589e-08
2.31895393e-06	1.397043e-08
2.31897248e-06	1.394630e-08
2.31899103e-06	1.398473e-08
2.31900958e-06	1.398434e-08
2.31902813e-06	1.398722e-08
2.31904669e-06	1.398898e-08
2.31906524e-06	1.396342e-08
2.31908379e-06	1.398815e-08
2.31910234e-06	1.392359e-08
2.31912090e-06	1.430990e-08
2.31913945e-06	1.432056e-08
2.31915800e-06	1.397816e-08
2.31917656e-06	1.397543e-08
2.31919511e-06	1.388825e-08
2.31921366e-06	1.388230e-08
2.31923222e-06	1.392799e-08
2.31925077e-06	1.398448e-08
2.31926932e-06	1.396951e-08
2.31928788e-06	1.395598e-08
2.31930643e-06	1.398560e-08
2.31932499e-06	1.397363e-08
2.31934354e-06	1.399296e-08
2.31936210e-06	1.397985e-08
2.31938065e-06	1.396243e-08
2.31939921e-06	1.389906e-08
2.31941776e-06	1.385865e-08
2.31943632e-06	1.380358e-08
2.31945487e-06	1.397324e-08
2.31947343e-06	1.398854e-08
2.31949198e-06	1.401247e-08
2.31951054e-06	1.387216e-08
2.31952910e-06	1.381100e-08
2.31954765e-06	1.380962e-08
2.31956621e-06	1.383445e-08
2.31958477e-06	1.401373e-08
2.31960332e-06	1.389340e-08
2.31962188e-06	1.373418e-08
2.31964044e-06	1.374162e-08
2.31965899e-06	1.378370e-08
2.31967755e-06	1.394410e-08
2.31969611e-06	1.403060e-08
2.31971466e-06	1.400398e-08
2.31973322e-06	1.397797e-08
2.31975178e-06	1.389445e-08
2.31977034e-06	1.382544e-08
2.31978890e-06	1.384455e-08
2.31980746e-06	1.377699e-08
2.31982601e-06	1.381451e-08
2.31984457e-06	1.382516e-08
2.31986313e-06	1.389331e-08
2.31988169e-06	1.393029e-08
2.31990025e-06	1.391426e-08
2.31991881e-06	1.386211e-08
2.31993737e-06	1.382421e-08
2.31995593e-06	1.396109e-08
2.31997449e-06	1.397596e-08
2.31999305e-06	1.399872e-08
2.32001161e-06	1.394337e-08
2.32003017e-06	1.399817e-08
2.32004873e-06	1.384026e-08
2.32006729e-06	1.397501e-08
2.32008585e-06	1.399239e-08
2.32010441e-06	1.396490e-08
2.32012297e-06	1.390358e-08
2.32014153e-06	1.394372e-08
2.32016009e-06	1.390395e-08
2.32017865e-06	1.395369e-08
2.32019721e-06	1.393111e-08
2.32021577e-06	1.392522e-08
2.32023434e-06	1.390266e-08
2.32025290e-06	1.394006e-08
2.32027146e-06	1.403299e-08
2.32029002e-06	1.395624e-08
2.32030858e-06	1.377693e-08
2.32032715e-06	1.368803e-08
2.32034571e-06	1.392342e-08
2.32036427e-06	1.390176e-08
2.32038284e-06	1.386388e-08
2.32040140e-06	1.399784e-08
2.32041996e-06	1.396592e-08
2.32043853e-06	1.387998e-08
2.32045709e-06	1.398761e-08
2.32047565e-06	1.389720e-08
2.32049422e-06	1.397656e-08
2.32051278e-06	1.400349e-08
2.32053135e-06	1.401941e-08
2.32054991e-06	1.399147e-08
2.32056847e-06	1.379657e-08
2.32058704e-06	1.428605e-08
2.32060560e-06	1.381068e-08
2.32062417e-06	1.385956e-08
2.32064273e-06	1.396207e-08
2.32066130e-06	1.399723e-08
2.32067986e-06	1.399261e-08
2.32069843e-06	1.398704e-08
2.32071699e-06	1.398768e-08
2.32073556e-06	1.383052e-08
2.32075413e-06	1.388568e-08
2.32077269e-06	1.401221e-08
2.32079126e-06	1.394471e-08
2.32080982e-06	1.390917e-08
2.32082839e-06	1.387724e-08
2.32084696e-06	1.393733e-08
2.32086552e-06	1.397998e-08
2.32088409e-06	1.382091e-08
2.32090266e-06	1.388657e-08
2.32092123e-06	1.395343e-08
2.32093979e-06	1.390873e-08
2.32095836e-06	1.391874e-08
2.32097693e-06	1.398952e-08
2.32099550e-06	1.398157e-08
2.32101406e-06	1.392211e-08
2.32103263e-06	1.393100e-08
2.32105120e-06	1.386571e-08
2.32106977e-06	1.397678e-08
2.32108834e-06	1.381872e-08
2.32110691e-06	1.380229e-08
2.32112547e-06	1.397771e-08
2.32114404e-06	1.398334e-08
2.32116261e-06	1.399174e-08
2.32118118e-06	1.400410e-08
2.32119975e-06	1.388795e-08
2.32121832e-06	1.399895e-08
2.32123689e-06	1.393063e-08
2.32125546e-06	1.387920e-08
2.32127403e-06	1.396255e-08
2.32129260e-06	1.395816e-08
2.32131117e-06	1.400923e-08
2.32132974e-06	1.397990e-08
2.32134831e-06	1.400787e-08
2.32136688e-06	1.400114e-08
2.32138545e-06	1.382810e-08
2.32140403e-06	1.380601e-08
2.32142260e-06	1.387607e-08
2.32144117e-06	1.387808e-08
2.32145974e-06	1.384543e-08
2.32147831e-06	1.386768e-08
2.32149688e-06	1.398933e-08
2.32151545e-06	1.394713e-08
2.32153403e-06	1.395910e-08
2.32155260e-06	1.395774e-08
2.32157117e-06	1.385947e-08
2.32158974e-06	1.385483e-08
2.32160832e-06	1.383827e-08
2.32162689e-06	1.396330e-08
2.32164546e-06	1.395900e-08
2.32166404e-06	1.399441e-08
2.32168261e-06	1.392318e-08
2.32170118e-06	1.379831e-08
2.32171976e-06	1.379651e-08
2.32173833e-06	1.387476e-08
2.32175690e-06	1.392229e-08
2.32177548e-06	1.397274e-08
2.32179405e-06	1.401375e-08
2.32181263e-06	1.397203e-08
2.32183120e-06	1.394613e-08
2.32184978e-06	1.398899e-08
2.32186835e-06	1.397576e-08
2.32188692e-06	1.396785e-08
2.32190550e-06	1.398374e-08
2.32192408e-06	1.395771e-08
2.32194265e-06	1.395893e-08
2.32196123e-06	1.396384e-08
2.32197980e-06	1.398246e-08
2.32199838e-06	1.397109e-08
2.32201695e-06	1.397668e-08
2.32203553e-06	1.397197e-08
2.32205411e-06	1.398266e-08
2.32207268e-06	1.422214e-08
2.32209126e-06	1.431044e-08
2.32210984e-06	1.389536e-08
2.32212841e-06	1.395557e-08
2.32214699e-06	1.393219e-08
2.32216557e-06	1.398078e-08
2.32218414e-06	1.385410e-08
2.32220272e-06	1.394146e-08
2.32222130e-06	1.398468e-08
2.32223988e-06	1.399277e-08
2.32225846e-06	1.398873e-08
2.32227703e-06	1.392649e-08
2.32229561e-06	1.395207e-08
2.32231419e-06	1.397070e-08
2.32233277e-06	1.398190e-08
2.32235135e-06	1.399245e-08
2.32236993e-06	1.384205e-08
2.32238850e-06	1.387439e-08
2.32240708e-06	1.398304e-08
2.32242566e-06	1.394361e-08
2.32244424e-06	1.392354e-08
2.32246282e-06	1.399298e-08
2.32248140e-06	1.395751e-08
2.32249998e-06	1.398356e-08
2.32251856e-06	1.393834e-08
2.32253714e-06	1.396563e-08
2.32255572e-06	1.399769e-08
2.32257430e-06	1.397076e-08
2.32259288e-06	1.390877e-08
2.32261146e-06	1.396403e-08
2.32263005e-06	1.393092e-08
2.32264863e-06	1.426804e-08
2.32266721e-06	1.429432e-08
2.32268579e-06	1.431050e-08
2.32270437e-06	1.402122e-08
2.32272295e-06	1.428853e-08
2.32274153e-06	1.428165e-08
2.32276012e-06	1.430572e-08
2.32277870e-06	1.387614e-08
2.32279728e-06	1.390920e-08
2.32281586e-06	1.424663e-08
2.32283444e-06	1.400267e-08
2.32285303e-06	1.402923e-08
2.32287161e-06	1.430944e-08
2.32289019e-06	1.381067e-08
2.32290878e-06	1.386726e-08
2.32292736e-06	1.383001e-08
2.32294594e-06	1.381744e-08
2.32296453e-06	1.423606e-08
2.32298311e-06	1.387098e-08
2.32300169e-06	1.373605e-08
2.32302028e-06	1.430974e-08
2.32303886e-06	1.377539e-08
2.32305745e-06	1.395771e-08
2.32307603e-06	1.399689e-08
2.32309462e-06	1.400386e-08
2.32311320e-06	1.397314e-08
2.32313179e-06	1.408894e-08
2.32315037e-06	1.410830e-08
2.32316896e-06	1.386459e-08
2.32318754e-06	1.390058e-08
2.32320613e-06	1.424956e-08
2.32322471e-06	1.427337e-08
2.32324330e-06	1.397038e-08
2.32326188e-06	1.399306e-08
2.32328047e-06	1.400283e-08
2.32329906e-06	1.386639e-08
2.32331764e-06	1.386224e-08
2.32333623e-06	1.401420e-08
2.32335482e-06	1.405583e-08
2.32337340e-06	1.409836e-08
2.32339199e-06	1.396722e-08
2.32341058e-06	1.397204e-08
2.32342916e-06	1.381957e-08
2.32344775e-06	1.430895e-08
2.32346634e-06	1.400340e-08
2.32348493e-06	1.395934e-08
2.32350352e-06	1.386742e-08
2.32352210e-06	1.387231e-08
2.32354069e-06	1.400262e-08
2.32355928e-06	1.400939e-08
2.32357787e-06	1.399397e-08
2.32359646e-06	1.388287e-08
2.32361504e-06	1.430583e-08
2.32363363e-06	1.430716e-08
2.32365222e-06	1.384950e-08
2.32367081e-06	1.398437e-08
2.32368940e-06	1.394754e-08
2.32370799e-06	1.380666e-08
2.32372658e-06	1.430803e-08
2.32374517e-06	1.400631e-08
2.32376376e-06	1.391921e-08
2.32378235e-06	1.397720e-08
2.32380094e-06	1.401852e-08
2.32381953e-06	1.401226e-08
2.32383812e-06	1.393823e-08
2.32385671e-06	1.392270e-08
2.32387530e-06	1.393427e-08
2.32389389e-06	1.396841e-08
2.32391249e-06	1.394707e-08
2.32393108e-06	1.411172e-08
2.32394967e-06	1.386551e-08
2.32396826e-06	1.396940e-08
2.32398685e-06	1.398056e-08
2.32400544e-06	1.391390e-08
2.32402404e-06	1.382088e-08
2.32404263e-06	1.430529e-08
2.32406122e-06	1.420494e-08
2.32407981e-06	1.397474e-08
2.32409840e-06	1.398463e-08
2.32411700e-06	1.393203e-08
2.32413559e-06	1.386838e-08
2.32415418e-06	1.379968e-08
2.32417278e-06	1.382120e-08
2.32419137e-06	1.388855e-08
2.32420996e-06	1.391127e-08
2.32422856e-06	1.389708e-08
2.32424715e-06	1.390471e-08
2.32426575e-06	1.392951e-08
2.32428434e-06	1.417619e-08
2.32430293e-06	1.376443e-08
2.32432153e-06	1.395495e-08
2.32434012e-06	1.395528e-08
2.32435872e-06	1.396720e-08
2.32437731e-06	1.398675e-08
2.32439591e-06	1.401089e-08
2.32441450e-06	1.430534e-08
2.32443310e-06	1.381233e-08
2.32445169e-06	1.394127e-08
2.32447029e-06	1.398424e-08
2.32448888e-06	1.392586e-08
2.32450748e-06	1.385885e-08
2.32452608e-06	1.397294e-08
2.32454467e-06	1.398600e-08
2.32456327e-06	1.395908e-08
2.32458187e-06	1.386637e-08
2.32460046e-06	1.383123e-08
2.32461906e-06	1.387794e-08
2.32463766e-06	1.391147e-08
2.32465625e-06	1.395547e-08
2.32467485e-06	1.405230e-08
2.32469345e-06	1.386942e-08
2.32471205e-06	1.396280e-08
2.32473064e-06	1.382172e-08
2.32474924e-06	1.378436e-08
2.32476784e-06	1.396727e-08
2.32478644e-06	1.390344e-08
2.32480504e-06	1.430218e-08
2.32482363e-06	1.422260e-08
2.32484223e-06	1.387065e-08
2.32486083e-06	1.378343e-08
2.32487943e-06	1.380617e-08
2.32489803e-06	1.388360e-08
2.32491663e-06	1.399361e-08
2.32493523e-06	1.393388e-08
2.32495383e-06	1.393825e-08
2.32497243e-06	1.395185e-08
2.32499103e-06	1.390178e-08
2.32500963e-06	1.395823e-08
2.32502823e-06	1.390415e-08
2.32504683e-06	1.380644e-08
2.32506543e-06	1.381922e-08
2.32508403e-06	1.391401e-08
2.32510263e-06	1.377963e-08
2.32512123e-06	1.416342e-08
2.32513983e-06	1.388052e-08
2.32515843e-06	1.395942e-08
2.32517703e-06	1.388504e-08
2.32519563e-06	1.429426e-08
2.32521424e-06	1.424314e-08
2.32523284e-06	1.373456e-08
2.32525144e-06	1.429897e-08
2.32527004e-06	1.398987e-08
2.32528864e-06	1.398226e-08
2.32530725e-06	1.398080e-08
2.32532585e-06	1.398495e-08
2.32534445e-06	1.394566e-08
2.32536305e-06	1.382149e-08
2.32538166e-06	1.379183e-08
2.32540026e-06	1.380320e-08
2.32541886e-06	1.383470e-08
2.32543747e-06	1.393067e-08
2.32545607e-06	1.394730e-08
2.32547467e-06	1.385764e-08
2.32549328e-06	1.396106e-08
2.32551188e-06	1.396590e-08
2.32553048e-06	1.396799e-08
2.32554909e-06	1.396834e-08
2.32556769e-06	1.396246e-08
2.32558630e-06	1.379032e-08
2.32560490e-06	1.402025e-08
2.32562351e-06	1.397413e-08
2.32564211e-06	1.397158e-08
2.32566072e-06	1.391045e-08
2.32567932e-06	1.395887e-08
2.32569793e-06	1.394240e-08
2.32571654e-06	1.382510e-08
2.32573514e-06	1.429475e-08
2.32575375e-06	1.407366e-08
2.32577235e-06	1.398113e-08
2.32579096e-06	1.392884e-08
2.32580956e-06	1.386235e-08
2.32582817e-06	1.389079e-08
2.32584678e-06	1.400903e-08
2.32586538e-06	1.396506e-08
2.32588399e-06	1.391202e-08
2.32590260e-06	1.393824e-08
2.32592121e-06	1.394286e-08
2.32593981e-06	1.394410e-08
2.32595842e-06	1.382245e-08
2.32597703e-06	1.376747e-08
2.32599564e-06	1.377736e-08
2.32601424e-06	1.397818e-08
2.32603285e-06	1.397315e-08
2.32605146e-06	1.395713e-08
2.32607007e-06	1.395038e-08
2.32608868e-06	1.380640e-08
2.32610729e-06	1.379673e-08
2.32612590e-06	1.397814e-08
2.32614450e-06	1.394095e-08
2.32616311e-06	1.395683e-08
2.32618172e-06	1.396281e-08
2.32620033e-06	1.395889e-08
2.32621894e-06	1.396792e-08
2.32623755e-06	1.389577e-08
2.32625616e-06	1.429322e-08
2.32627477e-06	1.426769e-08
2.32629338e-06	1.389556e-08
2.32631199e-06	1.382815e-08
2.32633060e-06	1.389843e-08
2.32634921e-06	1.388444e-08
2.32636782e-06	1.384998e-08
2.32638643e-06	1.396528e-08
2.32640505e-06	1.397583e-08
2.32642366e-06	1.397463e-08
2.32644227e-06	1.397892e-08
2.32646088e-06	1.393769e-08
2.32647949e-06	1.394485e-08
2.32649810e-06	1.392623e-08
2.32651671e-06	1.389330e-08
2.32653533e-06	1.377628e-08
2.32655394e-06	1.389056e-08
2.32657255e-06	1.388262e-08
2.32659116e-06	1.388606e-08
2.32660978e-06	1.391760e-08
2.32662839e-06	1.396868e-08
2.32664700e-06	1.397093e-08
2.32666562e-06	1.392043e-08
2.32668423e-06	1.408329e-08
2.32670284e-06	1.381546e-08
2.32672146e-06	1.397448e-08
2.32674007e-06	1.397542e-08
2.32675869e-06	1.391406e-08
2.32677730e-06	1.394258e-08
2.32679591e-06	1.391507e-08
2.32681453e-06	1.428201e-08
2.32683314e-06	1.422703e-08
2.32685176e-06	1.370325e-08
2.32687037e-06	1.397031e-08
2.32688899e-06	1.397235e-08
2.32690760e-06	1.397331e-08
2.32692622e-06	1.394314e-08
2.32694483e-06	1.396250e-08
2.32696345e-06	1.395448e-08
2.32698206e-06	1.393025e-08
2.32700068e-06	1.395623e-08
2.32701930e-06	1.392585e-08
2.32703791e-06	1.395023e-08
2.32705653e-06	1.383309e-08
2.32707514e-06	1.394909e-08
2.32709376e-06	1.395602e-08
2.32711238e-06	1.395906e-08
2.32713099e-06	1.390604e-08
2.32714961e-06	1.394981e-08
2.32716823e-06	1.396815e-08
2.32718685e-06	1.397686e-08
2.32720546e-06	1.395249e-08
2.32722408e-06	1.394492e-08
2.32724270e-06	1.396920e-08
2.32726132e-06	1.386751e-08
2.32727993e-06	1.378551e-08
2.32729855e-06	1.401429e-08
2.32731717e-06	1.395103e-08
2.32733579e-06	1.389484e-08
2.32735441e-06	1.380987e-08
2.32737303e-06	1.394521e-08
2.32739165e-06	1.396609e-08
2.32741027e-06	1.389363e-08
2.32742888e-06	1.426732e-08
2.32744750e-06	1.429086e-08
2.32746612e-06	1.385648e-08
2.32748474e-06	1.395622e-08
2.32750336e-06	1.390075e-08
2.32752198e-06	1.393340e-08
2.32754060e-06	1.391306e-08
2.32755922e-06	1.390071e-08
2.32757784e-06	1.382706e-08
2.32759646e-06	1.396861e-08
2.32761509e-06	1.387750e-08
2.32763371e-06	1.396115e-08
2.32765233e-06	1.382935e-08
2.32767095e-06	1.384130e-08
2.32768957e-06	1.392100e-08
2.32770819e-06	1.391457e-08
2.32772681e-06	1.391690e-08
2.32774544e-06	1.387277e-08
2.32776406e-06	1.385446e-08
2.32778268e-06	1.383584e-08
2.32780130e-06	1.383802e-08
2.32781992e-06	1.388526e-08
2.32783855e-06	1.401772e-08
2.32785717e-06	1.400431e-08
2.32787579e-06	1.399255e-08
2.32789442e-06	1.398350e-08
2.32791304e-06	1.382067e-08
2.32793166e-06	1.376409e-08
2.32795028e-06	1.401992e-08
2.32796891e-06	1.390527e-08
2.32798753e-06	1.395971e-08
2.32800616e-06	1.389383e-08
2.32802478e-06	1.387551e-08
2.32804340e-06	1.392811e-08
2.32806203e-06	1.391543e-08
2.32808065e-06	1.428959e-08
2.32809928e-06	1.427686e-08
2.32811790e-06	1.391604e-08
2.32813653e-06	1.397546e-08
2.32815515e-06	1.395960e-08
2.32817378e-06	1.389908e-08
2.32819240e-06	1.393067e-08
2.32821103e-06	1.395401e-08
2.32822965e-06	1.391916e-08
2.32824828e-06	1.395331e-08
2.32826691e-06	1.390978e-08
2.32828553e-06	1.395228e-08
2.32830416e-06	1.383572e-08
2.32832279e-06	1.381958e-08
2.32834141e-06	1.395675e-08
2.32836004e-06	1.390985e-08
2.32837867e-06	1.393855e-08
2.32839729e-06	1.394502e-08
2.32841592e-06	1.391312e-08
2.32843455e-06	1.398027e-08
2.32845317e-06	1.398071e-08
2.32847180e-06	1.402206e-08
2.32849043e-06	1.428726e-08
2.32850906e-06	1.386618e-08
2.32852769e-06	1.397381e-08
2.32854631e-06	1.396875e-08
2.32856494e-06	1.386962e-08
2.32858357e-06	1.374008e-08
2.32860220e-06	1.386844e-08
2.32862083e-06	1.392788e-08
2.32863946e-06	1.396789e-08
2.32865809e-06	1.376160e-08
2.32867672e-06	1.388356e-08
2.32869535e-06	1.392371e-08
2.32871397e-06	1.391409e-08
2.32873260e-06	1.385235e-08
2.32875123e-06	1.387398e-08
2.32876987e-06	1.428836e-08
2.32878849e-06	1.426508e-08
2.32880712e-06	1.383916e-08
2.32882576e-06	1.395452e-08
2.32884439e-06	1.390493e-08
2.32886302e-06	1.387832e-08
2.32888165e-06	1.395606e-08
2.32890028e-06	1.396519e-08
2.32891891e-06	1.397141e-08
2.32893754e-06	1.388196e-08
2.32895617e-06	1.389968e-08
2.32897481e-06	1.394952e-08
2.32899344e-06	1.392995e-08
2.32901207e-06	1.396793e-08
2.32903070e-06	1.392292e-08
2.32904933e-06	1.393815e-08
2.32906797e-06	1.394550e-08
2.32908660e-06	1.378530e-08
2.32910523e-06	1.389365e-08
2.32912386e-06	1.385958e-08
2.32914250e-06	1.386225e-08
2.32916113e-06	1.389521e-08
2.32917976e-06	1.395777e-08
2.32919840e-06	1.395938e-08
2.32921703e-06	1.398603e-08
2.32923566e-06	1.386861e-08
2.32925430e-06	1.384699e-08
2.32927293e-06	1.393051e-08
2.32929157e-06	1.391817e-08
2.32931020e-06	1.378268e-08
2.32932883e-06	1.382756e-08
2.32934747e-06	1.394677e-08
2.32936610e-06	1.381332e-08
2.32938474e-06	1.393964e-08
2.32940337e-06	1.390863e-08
2.32942201e-06	1.387825e-08
2.32944065e-06	1.394799e-08
2.32945928e-06	1.390958e-08
2.32947792e-06	1.377697e-08
2.32949655e-06	1.414371e-08
2.32951519e-06	1.427177e-08
2.32953382e-06	1.378024e-08
2.32955246e-06	1.395196e-08
2.32957110e-06	1.391441e-08
2.32958973e-06	1.387318e-08
2.32960837e-06	1.377386e-08
2.32962701e-06	1.374371e-08
2.32964564e-06	1.387528e-08
2.32966428e-06	1.372788e-08
2.32968292e-06	1.367930e-08
2.32970156e-06	1.357927e-08
2.32972019e-06	1.359013e-08
2.32973883e-06	1.375628e-08
2.32975747e-06	1.389750e-08
2.32977611e-06	1.391752e-08
2.32979475e-06	1.387091e-08
2.32981338e-06	1.389424e-08
2.32983202e-06	1.385826e-08
2.32985066e-06	1.387260e-08
2.32986930e-06	1.394774e-08
2.32988794e-06	1.386432e-08
2.32990658e-06	1.388187e-08
2.32992522e-06	1.395276e-08
2.32994386e-06	1.395332e-08
2.32996250e-06	1.395195e-08
2.32998113e-06	1.391059e-08
2.32999977e-06	1.390638e-08
2.33001842e-06	1.393728e-08
2.33003706e-06	1.392321e-08
2.33005570e-06	1.393522e-08
2.33007434e-06	1.392231e-08
2.33009298e-06	1.394643e-08
2.33011162e-06	1.391167e-08
2.33013026e-06	1.395319e-08
2.33014890e-06	1.385834e-08
2.33016754e-06	1.411050e-08
2.33018618e-06	1.427570e-08
2.33020482e-06	1.380296e-08
2.33022347e-06	1.395955e-08
2.33024211e-06	1.398619e-08
2.33026075e-06	1.371405e-08
2.33027939e-06	1.424759e-08
2.33029803e-06	1.389618e-08
2.33031667e-06	1.396082e-08
2.33033532e-06	1.392642e-08
2.33035396e-06	1.391078e-08
2.33037260e-06	1.395267e-08
2.33039125e-06	1.383478e-08
2.33040989e-06	1.390350e-08
2.33042853e-06	1.394195e-08
2.33044718e-06	1.386360e-08
2.33046582e-06	1.376890e-08
2.33048446e-06	1.390134e-08
2.33050311e-06	1.395614e-08
2.33052175e-06	1.382818e-08
2.33054040e-06	1.393515e-08
2.33055904e-06	1.393720e-08
2.33057768e-06	1.398800e-08
2.33059633e-06	1.395435e-08
2.33061497e-06	1.397339e-08
2.33063362e-06	1.392611e-08
2.33065226e-06	1.378192e-08
2.33067091e-06	1.375782e-08
2.33068955e-06	1.383521e-08
2.33070820e-06	1.395210e-08
2.33072685e-06	1.393871e-08
2.33074549e-06	1.386692e-08
2.33076414e-06	1.395163e-08
2.33078278e-06	1.397127e-08
2.33080143e-06	1.398076e-08
2.33082008e-06	1.394652e-08
2.33083872e-06	1.393093e-08
2.33085737e-06	1.391032e-08
2.33087602e-06	1.394239e-08
2.33089466e-06	1.395208e-08
2.33091331e-06	1.391487e-08
2.33093196e-06	1.394305e-08
2.33095061e-06	1.395062e-08
2.33096925e-06	1.394895e-08
2.33098790e-06	1.379679e-08
2.33100655e-06	1.374545e-08
2.33102520e-06	1.388255e-08
2.33104384e-06	1.395753e-08
2.33106249e-06	1.395134e-08
2.33108114e-06	1.413371e-08
2.33109979e-06	1.426912e-08
2.33111844e-06	1.375433e-08
2.33113709e-06	1.396071e-08
2.33115574e-06	1.388570e-08
2.33117439e-06	1.397822e-08
2.33119304e-06	1.399296e-08
2.33121169e-06	1.395025e-08
2.33123033e-06	1.398434e-08
2.33124898e-06	1.396405e-08
2.33126763e-06	1.396808e-08
2.33128629e-06	1.387418e-08
2.33130493e-06	1.393902e-08
2.33132359e-06	1.393424e-08
2.33134224e-06	1.389956e-08
2.33136089e-06	1.394183e-08
2.33137954e-06	1.378401e-08
2.33139819e-06	1.386650e-08
2.33141684e-06	1.394112e-08
2.33143549e-06	1.394551e-08
2.33145414e-06	1.394857e-08
2.33147280e-06	1.387651e-08
2.33149145e-06	1.391264e-08
2.33151010e-06	1.389515e-08
2.33152875e-06	1.395686e-08
2.33154740e-06	1.387567e-08
2.33156606e-06	1.395975e-08
2.33158471e-06	1.392545e-08
2.33160336e-06	1.377179e-08
2.33162201e-06	1.387266e-08
2.33164067e-06	1.400409e-08
2.33165932e-06	1.400612e-08
2.33167797e-06	1.384205e-08
2.33169663e-06	1.390482e-08
2.33171528e-06	1.393798e-08
2.33173393e-06	1.391173e-08
2.33175259e-06	1.393581e-08
2.33177124e-06	1.395744e-08
2.33178990e-06	1.386847e-08
2.33180855e-06	1.395322e-08
2.33182720e-06	1.391092e-08
2.33184586e-06	1.390275e-08
2.33186451e-06	1.384118e-08
2.33188317e-06	1.379679e-08
2.33190182e-06	1.380759e-08
2.33192048e-06	1.412639e-08
2.33193913e-06	1.421903e-08
2.33195779e-06	1.427554e-08
2.33197644e-06	1.374355e-08
2.33199510e-06	1.395210e-08
2.33201376e-06	1.397393e-08
2.33203241e-06	1.387225e-08
2.33205107e-06	1.381521e-08
2.33206973e-06	1.385048e-08
2.33208838e-06	1.389432e-08
2.33210704e-06	1.391216e-08
2.33212570e-06	1.393568e-08
2.33214435e-06	1.377231e-08
2.33216301e-06	1.385852e-08
2.33218167e-06	1.384909e-08
2.33220033e-06	1.383515e-08
2.33221898e-06	1.392994e-08
2.33223764e-06	1.389431e-08
2.33225630e-06	1.392012e-08
2.33227496e-06	1.395050e-08
2.33229361e-06	1.381217e-08
2.33231227e-06	1.375818e-08
2.33233093e-06	1.387179e-08
2.33234959e-06	1.387032e-08
2.33236825e-06	1.383615e-08
2.33238691e-06	1.393270e-08
2.33240557e-06	1.391198e-08
2.33242423e-06	1.379719e-08
2.33244288e-06	1.387419e-08
2.33246154e-06	1.393494e-08
2.33248020e-06	1.395524e-08
2.33249886e-06	1.392185e-08
2.33251752e-06	1.382812e-08
2.33253618e-06	1.382541e-08
2.33255485e-06	1.395436e-08
2.33257350e-06	1.393501e-08
2.33259217e-06	1.394674e-08
2.33261083e-06	1.392467e-08
2.33262949e-06	1.379218e-08
2.33264815e-06	1.380184e-08
2.33266681e-06	1.386623e-08
2.33268547e-06	1.377739e-08
2.33270413e-06	1.376892e-08
2.33272279e-06	1.390433e-08
2.33274146e-06	1.396622e-08
2.33276012e-06	1.394284e-08
2.33277878e-06	1.380110e-08
2.33279744e-06	1.377773e-08
2.33281610e-06	1.383817e-08
2.33283477e-06	1.426739e-08
2.33285343e-06	1.427127e-08
2.33287209e-06	1.382676e-08
2.33289075e-06	1.389687e-08
2.33290942e-06	1.384886e-08
2.33292808e-06	1.396624e-08
2.33294675e-06	1.388985e-08
2.33296541e-06	1.390218e-08
2.33298407e-06	1.393095e-08
2.33300274e-06	1.391119e-08
2.33302140e-06	1.385722e-08
2.33304006e-06	1.389305e-08
2.33305873e-06	1.389430e-08
2.33307739e-06	1.388510e-08
2.33309606e-06	1.392050e-08
2.33311472e-06	1.393625e-08
2.33313339e-06	1.394041e-08
2.33315205e-06	1.386451e-08
2.33317072e-06	1.389454e-08
2.33318938e-06	1.392828e-08
2.33320805e-06	1.390640e-08
2.33322671e-06	1.389232e-08
2.33324538e-06	1.385430e-08
2.33326405e-06	1.394796e-08
2.33328271e-06	1.391373e-08
2.33330138e-06	1.393286e-08
2.33332004e-06	1.386055e-08
2.33333871e-06	1.387880e-08
2.33335738e-06	1.393373e-08
2.33337604e-06	1.392885e-08
2.33339471e-06	1.394693e-08
2.33341338e-06	1.394537e-08
2.33343205e-06	1.377996e-08
2.33345071e-06	1.376019e-08
2.33346938e-06	1.380159e-08
2.33348805e-06	1.388100e-08
2.33350672e-06	1.394021e-08
2.33352538e-06	1.389493e-08
2.33354405e-06	1.393865e-08
2.33356272e-06	1.393959e-08
2.33358139e-06	1.392665e-08
2.33360006e-06	1.392057e-08
2.33361873e-06	1.387674e-08
2.33363740e-06	1.392917e-08
2.33365607e-06	1.393141e-08
2.33367473e-06	1.392965e-08
2.33369340e-06	1.383839e-08
2.33371207e-06	1.425553e-08
2.33373074e-06	1.413896e-08
2.33374941e-06	1.380776e-08
2.33376808e-06	1.419601e-08
2.33378675e-06	1.424531e-08
2.33380542e-06	1.373656e-08
2.33382410e-06	1.392131e-08
2.33384277e-06	1.394023e-08
2.33386144e-06	1.391315e-08
2.33388011e-06	1.376575e-08
2.33389878e-06	1.382601e-08
2.33391745e-06	1.386248e-08
2.33393612e-06	1.392254e-08
2.33395479e-06	1.396619e-08
2.33397346e-06	1.388311e-08
2.33399213e-06	1.370041e-08
2.33401081e-06	1.380612e-08
2.33402948e-06	1.389582e-08
2.33404815e-06	1.392099e-08
2.33406682e-06	1.385990e-08
2.33408550e-06	1.366698e-08
2.33410417e-06	1.363877e-08
2.33412284e-06	1.389203e-08
2.33414152e-06	1.392065e-08
2.33416019e-06	1.382517e-08
2.33417886e-06	1.382816e-08
2.33419754e-06	1.377188e-08
2.33421621e-06	1.375871e-08
2.33423488e-06	1.393835e-08
2.33425356e-06	1.392988e-08
2.33427223e-06	1.393880e-08
2.33429090e-06	1.375811e-08
2.33430958e-06	1.375801e-08
2.33432825e-06	1.380097e-08
2.33434693e-06	1.390150e-08
2.33436560e-06	1.393154e-08
2.33438428e-06	1.392718e-08
2.33440295e-06	1.388385e-08
2.33442163e-06	1.394030e-08
2.33444030e-06	1.383585e-08
2.33445898e-06	1.391728e-08
2.33447765e-06	1.394916e-08
2.33449633e-06	1.393860e-08
2.33451501e-06	1.394817e-08
2.33453368e-06	1.393271e-08
2.33455236e-06	1.392933e-08
2.33457104e-06	1.385761e-08
2.33458971e-06	1.392034e-08
2.33460839e-06	1.384610e-08
2.33462706e-06	1.394638e-08
2.33464574e-06	1.391155e-08
2.33466442e-06	1.393656e-08
2.33468310e-06	1.381884e-08
2.33470177e-06	1.390439e-08
2.33472045e-06	1.394289e-08
2.33473913e-06	1.374860e-08
2.33475781e-06	1.422792e-08
2.33477648e-06	1.396163e-08
2.33479516e-06	1.384775e-08
2.33481384e-06	1.392681e-08
2.33483252e-06	1.392224e-08
2.33485120e-06	1.385016e-08
2.33486988e-06	1.388289e-08
2.33488856e-06	1.396809e-08
2.33490724e-06	1.377184e-08
2.33492591e-06	1.369106e-08
2.33494460e-06	1.378307e-08
2.33496327e-06	1.387542e-08
2.33498195e-06	1.396555e-08
2.33500063e-06	1.395737e-08
2.33501931e-06	1.383361e-08
2.33503799e-06	1.377838e-08
2.33505667e-06	1.372117e-08
2.33507535e-06	1.378364e-08
2.33509404e-06	1.394684e-08
2.33511272e-06	1.389955e-08
2.33513140e-06	1.396515e-08
2.33515008e-06	1.389684e-08
2.33516876e-06	1.393021e-08
2.33518744e-06	1.378397e-08
2.33520612e-06	1.385264e-08
2.33522480e-06	1.395045e-08
2.33524348e-06	1.394056e-08
2.33526217e-06	1.392154e-08
2.33528085e-06	1.395433e-08
2.33529953e-06	1.395503e-08
2.33531821e-06	1.394101e-08
2.33533690e-06	1.393244e-08
2.33535558e-06	1.393061e-08
2.33537426e-06	1.377611e-08
2.33539294e-06	1.375927e-08
2.33541163e-06	1.392025e-08
2.33543031e-06	1.389554e-08
2.33544900e-06	1.371854e-08
2.33546768e-06	1.372362e-08
2.33548636e-06	1.397494e-08
2.33550505e-06	1.357464e-08
2.33552373e-06	1.371162e-08
2.33554242e-06	1.425285e-08
2.33556110e-06	1.372554e-08
2.33557978e-06	1.394791e-08
2.33559847e-06	1.394884e-08
2.33561715e-06	1.396191e-08
2.33563584e-06	1.397267e-08
2.33565452e-06	1.398625e-08
2.33567321e-06	1.393899e-08
2.33569189e-06	1.397562e-08
2.33571058e-06	1.394583e-08
2.33572927e-06	1.395716e-08
2.33574795e-06	1.392844e-08
2.33576664e-06	1.422037e-08
2.33578532e-06	1.424178e-08
2.33580401e-06	1.382290e-08
2.33582269e-06	1.392708e-08
2.33584138e-06	1.391102e-08
2.33586007e-06	1.387936e-08
2.33587876e-06	1.392011e-08
2.33589744e-06	1.394232e-08
2.33591613e-06	1.395369e-08
2.33593482e-06	1.386746e-08
2.33595350e-06	1.392379e-08
2.33597219e-06	1.380923e-08
2.33599088e-06	1.384841e-08
2.33600957e-06	1.392842e-08
2.33602826e-06	1.392595e-08
2.33604694e-06	1.390166e-08
2.33606563e-06	1.384426e-08
2.33608432e-06	1.375078e-08
2.33610301e-06	1.373517e-08
2.33612170e-06	1.373325e-08
2.33614039e-06	1.381386e-08
2.33615908e-06	1.386723e-08
2.33617777e-06	1.385502e-08
2.33619646e-06	1.392622e-08
2.33621514e-06	1.392289e-08
2.33623383e-06	1.385036e-08
2.33625253e-06	1.391426e-08
2.33627121e-06	1.391830e-08
2.33628990e-06	1.391549e-08
2.33630860e-06	1.391552e-08
2.33632729e-06	1.383924e-08
2.33634598e-06	1.376969e-08
2.33636467e-06	1.381698e-08
2.33638336e-06	1.392983e-08
2.33640205e-06	1.392218e-08
2.33642074e-06	1.391462e-08
2.33643943e-06	1.388291e-08
2.33645812e-06	1.393920e-08
2.33647681e-06	1.386850e-08
2.33649551e-06	1.385085e-08
2.33651420e-06	1.386268e-08
2.33653289e-06	1.374833e-08
2.33655158e-06	1.383777e-08
2.33657028e-06	1.391345e-08
2.33658897e-06	1.384918e-08
2.33660766e-06	1.390755e-08
2.33662635e-06	1.392073e-08
2.33664505e-06	1.390047e-08
2.33666374e-06	1.387391e-08
2.33668243e-06	1.394042e-08
2.33670113e-06	1.374042e-08
2.33671982e-06	1.375742e-08
2.33673851e-06	1.383092e-08
2.33675721e-06	1.394225e-08
2.33677590e-06	1.393883e-08
2.33679460e-06	1.392447e-08
2.33681329e-06	1.379050e-08
2.33683198e-06	1.424414e-08
2.33685068e-06	1.419347e-08
2.33686937e-06	1.376417e-08
2.33688807e-06	1.372474e-08
2.33690676e-06	1.372349e-08
2.33692546e-06	1.394841e-08
2.33694415e-06	1.395976e-08
2.33696285e-06	1.390625e-08
2.33698155e-06	1.374201e-08
2.33700024e-06	1.373680e-08
2.33701894e-06	1.388082e-08
2.33703763e-06	1.393257e-08
2.33705633e-06	1.393424e-08
2.33707503e-06	1.388402e-08
2.33709372e-06	1.387816e-08
2.33711242e-06	1.390310e-08
2.33713112e-06	1.387691e-08
2.33714981e-06	1.392414e-08
2.33716851e-06	1.390094e-08
2.33718721e-06	1.375430e-08
2.33720591e-06	1.391742e-08
2.33722460e-06	1.393647e-08
2.33724330e-06	1.392526e-08
2.33726200e-06	1.393680e-08
2.33728070e-06	1.379338e-08
2.33729940e-06	1.380782e-08
2.33731809e-06	1.390661e-08
2.33733679e-06	1.382674e-08
2.33735549e-06	1.381320e-08
2.33737419e-06	1.384892e-08
2.33739289e-06	1.381315e-08
2.33741159e-06	1.423543e-08
2.33743029e-06	1.372185e-08
2.33744899e-06	1.391690e-08
2.33746769e-06	1.391697e-08
2.33748639e-06	1.387792e-08
2.33750509e-06	1.389426e-08
2.33752379e-06	1.388596e-08
2.33754249e-06	1.389575e-08
2.33756119e-06	1.378043e-08
2.33757989e-06	1.366104e-08
2.33759859e-06	1.367147e-08
2.33761729e-06	1.383518e-08
2.33763599e-06	1.393682e-08
2.33765469e-06	1.390457e-08
2.33767339e-06	1.391130e-08
2.33769209e-06	1.391908e-08
2.33771079e-06	1.394189e-08
2.33772950e-06	1.383491e-08
2.33774820e-06	1.376666e-08
2.33776690e-06	1.384764e-08
2.33778560e-06	1.389683e-08
2.33780431e-06	1.387749e-08
2.33782301e-06	1.387481e-08
2.33784171e-06	1.392175e-08
2.33786041e-06	1.391495e-08
2.33787912e-06	1.388145e-08
2.33789782e-06	1.393139e-08
2.33791652e-06	1.372973e-08
2.33793523e-06	1.423874e-08
2.33795393e-06	1.413125e-08
2.33797263e-06	1.393018e-08
2.33799134e-06	1.393819e-08
2.33801004e-06	1.390469e-08
2.33802874e-06	1.379798e-08
2.33804745e-06	1.372642e-08
2.33806615e-06	1.391024e-08
2.33808486e-06	1.391738e-08
2.33810356e-06	1.391016e-08
2.33812227e-06	1.393686e-08
2.33814097e-06	1.389475e-08
2.33815968e-06	1.388767e-08
2.33817838e-06	1.392801e-08
2.33819709e-06	1.391238e-08
2.33821579e-06	1.395438e-08
2.33823450e-06	1.398386e-08
2.33825321e-06	1.393473e-08
2.33827191e-06	1.393534e-08
2.33829062e-06	1.394960e-08
2.33830932e-06	1.395306e-08
2.33832803e-06	1.374737e-08
2.33834674e-06	1.374833e-08
2.33836544e-06	1.395162e-08
2.33838415e-06	1.396129e-08
2.33840286e-06	1.395658e-08
2.33842156e-06	1.396755e-08
2.33844027e-06	1.395398e-08
2.33845898e-06	1.390184e-08
2.33847769e-06	1.390892e-08
2.33849639e-06	1.381409e-08
2.33851510e-06	1.358990e-08
2.33853381e-06	1.381950e-08
2.33855252e-06	1.417677e-08
2.33857123e-06	1.363365e-08
2.33858994e-06	1.364868e-08
2.33860864e-06	1.376654e-08
2.33862735e-06	1.391398e-08
2.33864606e-06	1.395225e-08
2.33866477e-06	1.394918e-08
2.33868348e-06	1.390196e-08
2.33870219e-06	1.392413e-08
2.33872090e-06	1.381191e-08
2.33873961e-06	1.377473e-08
2.33875832e-06	1.393940e-08
2.33877703e-06	1.395453e-08
2.33879574e-06	1.392592e-08
2.33881445e-06	1.390353e-08
2.33883316e-06	1.383829e-08
2.33885187e-06	1.379503e-08
2.33887058e-06	1.387530e-08
2.33888929e-06	1.391552e-08
2.33890800e-06	1.392571e-08
2.33892672e-06	1.392540e-08
2.33894543e-06	1.376906e-08
2.33896414e-06	1.375037e-08
2.33898285e-06	1.391614e-08
2.33900156e-06	1.392481e-08
2.33902027e-06	1.393858e-08
2.33903899e-06	1.394303e-08
2.33905770e-06	1.374772e-08
2.33907641e-06	1.422973e-08
2.33909512e-06	1.419326e-08
2.33911384e-06	1.386749e-08
2.33913255e-06	1.391836e-08
2.33915126e-06	1.389030e-08
2.33916998e-06	1.391549e-08
2.33918869e-06	1.394102e-08
2.33920740e-06	1.394159e-08
2.33922612e-06	1.371718e-08
2.33924483e-06	1.386117e-08
2.33926354e-06	1.381810e-08
2.33928226e-06	1.393090e-08
2.33930097e-06	1.374072e-08
2.33931969e-06	1.419299e-08
2.33933840e-06	1.373508e-08
2.33935712e-06	1.391814e-08
2.33937583e-06	1.382950e-08
2.33939455e-06	1.382976e-08
2.33941326e-06	1.384959e-08
2.33943198e-06	1.384274e-08
2.33945069e-06	1.392855e-08
2.33946941e-06	1.380635e-08
2.33948812e-06	1.384469e-08
2.33950684e-06	1.390238e-08
2.33952556e-06	1.386736e-08
2.33954427e-06	1.384592e-08
2.33956299e-06	1.387817e-08
2.33958171e-06	1.390713e-08
2.33960042e-06	1.390650e-08
2.33961914e-06	1.376891e-08
2.33963785e-06	1.389788e-08
2.33965657e-06	1.390993e-08
2.33967529e-06	1.392258e-08
2.33969401e-06	1.382834e-08
2.33971272e-06	1.384539e-08
2.33973144e-06	1.392197e-08
2.33975016e-06	1.391282e-08
2.33976888e-06	1.391881e-08
2.33978760e-06	1.389199e-08
2.33980631e-06	1.385577e-08
2.33982503e-06	1.373141e-08
2.33984375e-06	1.384845e-08
2.33986247e-06	1.391499e-08
2.33988119e-06	1.383801e-08
2.33989991e-06	1.392307e-08
2.33991863e-06	1.391090e-08
2.33993735e-06	1.379687e-08
2.33995607e-06	1.390890e-08
2.33997479e-06	1.385574e-08
2.33999351e-06	1.382280e-08
2.34001223e-06	1.389500e-08
2.34003095e-06	1.381631e-08
2.34004967e-06	1.391541e-08
2.34006839e-06	1.386926e-08
2.34008711e-06	1.391083e-08
2.34010583e-06	1.391178e-08
2.34012455e-06	1.390270e-08
2.34014327e-06	1.392653e-08
2.34016199e-06	1.392929e-08
2.34018071e-06	1.387399e-08
2.34019943e-06	1.388383e-08
2.34021815e-06	1.389751e-08
2.34023688e-06	1.388878e-08
2.34025560e-06	1.423183e-08
2.34027432e-06	1.423941e-08
2.34029304e-06	1.371495e-08
2.34031177e-06	1.391459e-08
2.34033049e-06	1.392395e-08
2.34034921e-06	1.387897e-08
2.34036793e-06	1.380565e-08
2.34038666e-06	1.373985e-08
2.34040538e-06	1.373582e-08
2.34042410e-06	1.380878e-08
2.34044283e-06	1.385275e-08
2.34046155e-06	1.371096e-08
2.34048027e-06	1.385136e-08
2.34049900e-06	1.387689e-08
2.34051772e-06	1.385700e-08
2.34053644e-06	1.387301e-08
2.34055517e-06	1.393467e-08
2.34057389e-06	1.394652e-08
2.34059262e-06	1.394521e-08
2.34061134e-06	1.380209e-08
2.34063007e-06	1.373199e-08
2.34064879e-06	1.390542e-08
2.34066752e-06	1.392859e-08
2.34068624e-06	1.391315e-08
2.34070497e-06	1.370221e-08
2.34072369e-06	1.376542e-08
2.34074242e-06	1.383909e-08
2.34076115e-06	1.374041e-08
2.34077987e-06	1.375184e-08
2.34079860e-06	1.371566e-08
2.34081733e-06	1.384830e-08
2.34083605e-06	1.391355e-08
2.34085478e-06	1.386497e-08
2.34087350e-06	1.389515e-08
2.34089223e-06	1.389993e-08
2.34091096e-06	1.385949e-08
2.34092969e-06	1.385492e-08
2.34094841e-06	1.374148e-08
2.34096714e-06	1.384251e-08
2.34098587e-06	1.389213e-08
2.34100460e-06	1.388295e-08
2.34102333e-06	1.386497e-08
2.34104205e-06	1.392636e-08
2.34106078e-06	1.374095e-08
2.34107951e-06	1.377999e-08
2.34109824e-06	1.380963e-08
2.34111697e-06	1.391877e-08
2.34113570e-06	1.393240e-08
2.34115443e-06	1.388461e-08
2.34117315e-06	1.391798e-08
2.34119188e-06	1.388800e-08
2.34121061e-06	1.380630e-08
2.34122934e-06	1.383386e-08
2.34124807e-06	1.390721e-08
2.34126680e-06	1.391000e-08
2.34128553e-06	1.386691e-08
2.34130426e-06	1.385295e-08
2.34132299e-06	1.381372e-08
2.34134172e-06	1.394092e-08
2.34136045e-06	1.387501e-08
2.34137919e-06	1.392184e-08
2.34139792e-06	1.387213e-08
2.34141665e-06	1.390628e-08
2.34143538e-06	1.388411e-08
2.34145411e-06	1.377005e-08
2.34147284e-06	1.372751e-08
2.34149158e-06	1.419200e-08
2.34151031e-06	1.376665e-08
2.34152904e-06	1.390793e-08
2.34154777e-06	1.387155e-08
2.34156650e-06	1.386184e-08
2.34158524e-06	1.388814e-08
2.34160397e-06	1.381837e-08
2.34162270e-06	1.375112e-08
2.34164143e-06	1.377366e-08
2.34166017e-06	1.381160e-08
2.34167890e-06	1.390941e-08
2.34169763e-06	1.373381e-08
2.34171637e-06	1.373445e-08
2.34173510e-06	1.374891e-08
2.34175384e-06	1.379857e-08
2.34177257e-06	1.379147e-08
2.34179130e-06	1.384837e-08
2.34181004e-06	1.382412e-08
2.34182877e-06	1.380371e-08
2.34184751e-06	1.391552e-08
2.34186624e-06	1.388923e-08
2.34188498e-06	1.381788e-08
2.34190371e-06	1.392380e-08
2.34192245e-06	1.392579e-08
2.34194118e-06	1.393040e-08
2.34195992e-06	1.391634e-08
2.34197865e-06	1.391556e-08
2.34199739e-06	1.387506e-08
2.34201613e-06	1.383409e-08
2.34203486e-06	1.394862e-08
2.34205360e-06	1.381414e-08
2.34207233e-06	1.382813e-08
2.34209107e-06	1.383212e-08
2.34210981e-06	1.387626e-08
2.34212855e-06	1.376943e-08
2.34214728e-06	1.386675e-08
2.34216602e-06	1.381781e-08
2.34218476e-06	1.386038e-08
2.34220349e-06	1.387382e-08
2.34222223e-06	1.376792e-08
2.34224097e-06	1.371655e-08
2.34225971e-06	1.367720e-08
2.34227844e-06	1.357102e-08
2.34229718e-06	1.342353e-08
2.34231592e-06	1.356050e-08
2.34233466e-06	1.371377e-08
2.34235340e-06	1.367463e-08
2.34237214e-06	1.383898e-08
2.34239088e-06	1.387922e-08
2.34240962e-06	1.386104e-08
2.34242835e-06	1.385264e-08
2.34244709e-06	1.392796e-08
2.34246583e-06	1.388247e-08
2.34248457e-06	1.383072e-08
2.34250331e-06	1.380105e-08
2.34252205e-06	1.372385e-08
2.34254079e-06	1.390547e-08
2.34255953e-06	1.385648e-08
2.34257827e-06	1.379812e-08
2.34259702e-06	1.381299e-08
2.34261576e-06	1.389791e-08
2.34263450e-06	1.381223e-08
2.34265324e-06	1.375386e-08
2.34267198e-06	1.385728e-08
2.34269072e-06	1.392554e-08
2.34270946e-06	1.386739e-08
2.34272820e-06	1.388034e-08
2.34274695e-06	1.418846e-08
2.34276569e-06	1.422593e-08
2.34278443e-06	1.377742e-08
2.34280317e-06	1.391477e-08
2.34282191e-06	1.388144e-08
2.34284066e-06	1.390708e-08
2.34285940e-06	1.389973e-08
2.34287814e-06	1.389200e-08
2.34289689e-06	1.389720e-08
2.34291563e-06	1.388111e-08
2.34293437e-06	1.379902e-08
2.34295312e-06	1.379559e-08
2.34297186e-06	1.388100e-08
2.34299060e-06	1.390926e-08
2.34300935e-06	1.387316e-08
2.34302809e-06	1.379878e-08
2.34304684e-06	1.387327e-08
2.34306558e-06	1.373144e-08
2.34308432e-06	1.385020e-08
2.34310307e-06	1.370342e-08
2.34312181e-06	1.375610e-08
2.34314056e-06	1.379924e-08
2.34315930e-06	1.392473e-08
2.34317805e-06	1.389019e-08
2.34319679e-06	1.377839e-08
2.34321554e-06	1.390745e-08
2.34323429e-06	1.389347e-08
2.34325303e-06	1.379281e-08
2.34327178e-06	1.402471e-08
2.34329052e-06	1.387145e-08
2.34330927e-06	1.391175e-08
2.34332802e-06	1.377196e-08
2.34334676e-06	1.364375e-08
2.34336551e-06	1.376688e-08
2.34338426e-06	1.389739e-08
2.34340300e-06	1.386685e-08
2.34342175e-06	1.391032e-08
2.34344050e-06	1.390560e-08
2.34345925e-06	1.390828e-08
2.34347799e-06	1.373634e-08
2.34349674e-06	1.372832e-08
2.34351549e-06	1.389156e-08
2.34353424e-06	1.389270e-08
2.34355299e-06	1.388866e-08
2.34357173e-06	1.389704e-08
2.34359048e-06	1.387506e-08
2.34360923e-06	1.373226e-08
2.34362798e-06	1.375324e-08
2.34364673e-06	1.391703e-08
2.34366548e-06	1.390112e-08
2.34368423e-06	1.380077e-08
2.34370298e-06	1.373502e-08
2.34372173e-06	1.378915e-08
2.34374048e-06	1.387361e-08
2.34375923e-06	1.388208e-08
2.34377798e-06	1.386754e-08
2.34379673e-06	1.387337e-08
2.34381548e-06	1.374777e-08
2.34383423e-06	1.372938e-08
2.34385298e-06	1.384051e-08
2.34387173e-06	1.390539e-08
2.34389048e-06	1.386491e-08
2.34390923e-06	1.390168e-08
2.34392798e-06	1.390211e-08
2.34394673e-06	1.379523e-08
2.34396549e-06	1.382813e-08
2.34398424e-06	1.392526e-08
2.34400299e-06	1.389523e-08
2.34402174e-06	1.392148e-08
2.34404049e-06	1.374695e-08
2.34405925e-06	1.422868e-08
2.34407800e-06	1.420687e-08
2.34409675e-06	1.390268e-08
2.34411550e-06	1.391443e-08
2.34413426e-06	1.391730e-08
2.34415301e-06	1.388505e-08
2.34417176e-06	1.379954e-08
2.34419052e-06	1.382563e-08
2.34420927e-06	1.386346e-08
2.34422802e-06	1.383038e-08
2.34424678e-06	1.380382e-08
2.34426553e-06	1.380564e-08
2.34428429e-06	1.389850e-08
2.34430304e-06	1.390641e-08
2.34432179e-06	1.391052e-08
2.34434055e-06	1.389990e-08
2.34435930e-06	1.388048e-08
2.34437806e-06	1.388540e-08
2.34439681e-06	1.388681e-08
2.34441557e-06	1.390959e-08
2.34443432e-06	1.375808e-08
2.34445308e-06	1.375111e-08
2.34447183e-06	1.371859e-08
2.34449059e-06	1.383499e-08
2.34450935e-06	1.379677e-08
2.34452810e-06	1.383989e-08
2.34454686e-06	1.391237e-08
2.34456562e-06	1.392257e-08
2.34458437e-06	1.389355e-08
2.34460313e-06	1.387556e-08
2.34462189e-06	1.375915e-08
2.34464064e-06	1.386024e-08
2.34465940e-06	1.389822e-08
2.34467816e-06	1.388734e-08
2.34469691e-06	1.376525e-08
2.34471567e-06	1.376739e-08
2.34473443e-06	1.393445e-08
2.34475319e-06	1.392658e-08
2.34477195e-06	1.387843e-08
2.34479070e-06	1.379429e-08
2.34480946e-06	1.389119e-08
2.34482822e-06	1.392306e-08
2.34484698e-06	1.386555e-08
2.34486574e-06	1.389692e-08
2.34488450e-06	1.375636e-08
2.34490326e-06	1.378911e-08
2.34492202e-06	1.391834e-08
2.34494077e-06	1.391228e-08
2.34495953e-06	1.381254e-08
2.34497829e-06	1.389961e-08
2.34499705e-06	1.387583e-08
2.34501581e-06	1.393951e-08
2.34503457e-06	1.381001e-08
2.34505333e-06	1.385300e-08
2.34507209e-06	1.392249e-08
2.34509086e-06	1.392593e-08
2.34510962e-06	1.388627e-08
2.34512838e-06	1.376677e-08
2.34514714e-06	1.371239e-08
2.34516590e-06	1.382519e-08
2.34518466e-06	1.387105e-08
2.34520342e-06	1.389885e-08
2.34522218e-06	1.378628e-08
2.34524094e-06	1.371875e-08
2.34525971e-06	1.384377e-08
2.34527847e-06	1.386321e-08
2.34529723e-06	1.374413e-08
2.34531599e-06	1.372940e-08
2.34533476e-06	1.390408e-08
2.34535352e-06	1.389332e-08
2.34537228e-06	1.375068e-08
2.34539104e-06	1.371825e-08
2.34540981e-06	1.421379e-08
2.34542857e-06	1.417023e-08
2.34544733e-06	1.371199e-08
2.34546610e-06	1.375477e-08
2.34548486e-06	1.372722e-08
2.34550363e-06	1.372650e-08
2.34552239e-06	1.389279e-08
2.34554115e-06	1.386209e-08
2.34555992e-06	1.389486e-08
2.34557868e-06	1.384808e-08
2.34559745e-06	1.372555e-08
2.34561621e-06	1.392097e-08
2.34563498e-06	1.393219e-08
2.34565374e-06	1.385278e-08
2.34567251e-06	1.372512e-08
2.34569127e-06	1.377365e-08
2.34571004e-06	1.378447e-08
2.34572880e-06	1.373951e-08
2.34574757e-06	1.389160e-08
2.34576634e-06	1.389439e-08
2.34578510e-06	1.361372e-08
2.34580387e-06	1.352258e-08
2.34582263e-06	1.372090e-08
2.34584140e-06	1.389875e-08
2.34586017e-06	1.373476e-08
2.34587894e-06	1.375593e-08
2.34589770e-06	1.379738e-08
2.34591647e-06	1.376312e-08
2.34593524e-06	1.374538e-08
2.34595400e-06	1.382377e-08
2.34597277e-06	1.389087e-08
2.34599154e-06	1.389219e-08
2.34601031e-06	1.372402e-08
2.34602908e-06	1.356311e-08
2.34604784e-06	1.388279e-08
2.34606661e-06	1.384491e-08
2.34608538e-06	1.387733e-08
2.34610415e-06	1.389279e-08
2.34612292e-06	1.388971e-08
2.34614169e-06	1.382101e-08
2.34616046e-06	1.387380e-08
2.34617923e-06	1.390917e-08
2.34619800e-06	1.383926e-08
2.34621676e-06	1.367808e-08
2.34623553e-06	1.374687e-08
2.34625430e-06	1.380860e-08
2.34627307e-06	1.376592e-08
2.34629184e-06	1.375811e-08
2.34631061e-06	1.388701e-08
2.34632938e-06	1.388097e-08
2.34634816e-06	1.387645e-08
2.34636693e-06	1.384718e-08
2.34638570e-06	1.381196e-08
2.34640447e-06	1.387550e-08
2.34642324e-06	1.390926e-08
2.34644201e-06	1.375347e-08
2.34646078e-06	1.376845e-08
2.34647955e-06	1.389372e-08
2.34649833e-06	1.387197e-08
2.34651710e-06	1.382811e-08
2.34653587e-06	1.387582e-08
2.34655464e-06	1.378096e-08
2.34657341e-06	1.373208e-08
2.34659219e-06	1.381975e-08
2.34661096e-06	1.386320e-08
2.34662973e-06	1.387599e-08
2.34664851e-06	1.386063e-08
2.34666728e-06	1.388082e-08
2.34668605e-06	1.374460e-08
2.34670483e-06	1.367581e-08
2.34672360e-06	1.377552e-08
2.34674237e-06	1.380080e-08
2.34676115e-06	1.388298e-08
2.34677992e-06	1.380133e-08
2.34679870e-06	1.421685e-08
2.34681747e-06	1.420155e-08
2.34683625e-06	1.386149e-08
2.34685502e-06	1.389249e-08
2.34687379e-06	1.390898e-08
2.34689257e-06	1.372868e-08
2.34691134e-06	1.373483e-08
2.34693012e-06	1.374850e-08
2.34694889e-06	1.382541e-08
2.34696767e-06	1.388475e-08
2.34698645e-06	1.384064e-08
2.34700522e-06	1.387004e-08
2.34702400e-06	1.386345e-08
2.34704277e-06	1.382386e-08
2.34706155e-06	1.384343e-08
2.34708033e-06	1.374103e-08
2.34709910e-06	1.360708e-08
2.34711788e-06	1.370350e-08
2.34713666e-06	1.380000e-08
2.34715543e-06	1.389465e-08
2.34717421e-06	1.388585e-08
2.34719299e-06	1.392473e-08
2.34721177e-06	1.389126e-08
2.34723054e-06	1.388720e-08
2.34724932e-06	1.388016e-08
2.34726810e-06	1.388203e-08
2.34728688e-06	1.388393e-08
2.34730566e-06	1.387402e-08
2.34732444e-06	1.379221e-08
2.34734321e-06	1.384861e-08
2.34736199e-06	1.383226e-08
2.34738077e-06	1.384554e-08
2.34739955e-06	1.386471e-08
2.34741833e-06	1.370767e-08
2.34743711e-06	1.377237e-08
2.34745589e-06	1.387072e-08
2.34747467e-06	1.386175e-08
2.34749345e-06	1.381917e-08
2.34751223e-06	1.370790e-08
2.34753101e-06	1.375380e-08
2.34754979e-06	1.370766e-08
2.34756857e-06	1.373469e-08
2.34758735e-06	1.390759e-08
2.34760613e-06	1.379059e-08
2.34762491e-06	1.379370e-08
2.34764369e-06	1.387514e-08
2.34766247e-06	1.392168e-08
2.34768125e-06	1.383052e-08
2.34770004e-06	1.382498e-08
2.34771882e-06	1.377655e-08
2.34773760e-06	1.374144e-08
2.34775638e-06	1.387559e-08
2.34777516e-06	1.391335e-08
2.34779395e-06	1.389661e-08
2.34781273e-06	1.389122e-08
2.34783151e-06	1.388000e-08
2.34785029e-06	1.374025e-08
2.34786908e-06	1.378772e-08
2.34788786e-06	1.384019e-08
2.34790664e-06	1.374272e-08
2.34792542e-06	1.366844e-08
2.34794421e-06	1.376038e-08
2.34796299e-06	1.377527e-08
2.34798178e-06	1.371415e-08
2.34800056e-06	1.371757e-08
2.34801934e-06	1.379975e-08
2.34803813e-06	1.376559e-08
2.34805691e-06	1.381776e-08
2.34807570e-06	1.384572e-08
2.34809448e-06	1.387014e-08
2.34811327e-06	1.389789e-08
2.34813205e-06	1.381848e-08
2.34815084e-06	1.378471e-08
2.34816962e-06	1.386917e-08
2.34818841e-06	1.382903e-08
2.34820719e-06	1.389697e-08
2.34822598e-06	1.403963e-08
2.34824476e-06	1.420266e-08
2.34826355e-06	1.367313e-08
2.34828234e-06	1.388738e-08
2.34830112e-06	1.384304e-08
2.34831991e-06	1.376995e-08
2.34833869e-06	1.386546e-08
2.34835748e-06	1.386472e-08
2.34837627e-06	1.387214e-08
2.34839506e-06	1.384100e-08
2.34841384e-06	1.386584e-08
2.34843263e-06	1.388364e-08
2.34845142e-06	1.386801e-08
2.34847021e-06	1.380763e-08
2.34848899e-06	1.381208e-08
2.34850778e-06	1.385165e-08
2.34852657e-06	1.384812e-08
2.34854536e-06	1.380263e-08
2.34856415e-06	1.385507e-08
2.34858293e-06	1.385852e-08
2.34860172e-06	1.382776e-08
2.34862051e-06	1.367785e-08
2.34863930e-06	1.371376e-08
2.34865809e-06	1.385801e-08
2.34867688e-06	1.386811e-08
2.34869567e-06	1.389712e-08
2.34871446e-06	1.387965e-08
2.34873325e-06	1.389098e-08
2.34875204e-06	1.376194e-08
2.34877083e-06	1.370031e-08
2.34878962e-06	1.386883e-08
2.34880841e-06	1.383588e-08
2.34882720e-06	1.380244e-08
2.34884599e-06	1.370857e-08
2.34886478e-06	1.386448e-08
2.34888357e-06	1.385906e-08
2.34890236e-06	1.383062e-08
2.34892115e-06	1.370666e-08
2.34893994e-06	1.357228e-08
2.34895873e-06	1.386117e-08
2.34897753e-06	1.387629e-08
2.34899632e-06	1.385851e-08
2.34901511e-06	1.384583e-08
2.34903390e-06	1.385668e-08
2.34905269e-06	1.385564e-08
2.34907149e-06	1.385320e-08
2.34909028e-06	1.386369e-08
2.34910907e-06	1.387591e-08
2.34912787e-06	1.381919e-08
2.34914666e-06	1.384971e-08
2.34916545e-06	1.389507e-08
2.34918425e-06	1.388136e-08
2.34920304e-06	1.389369e-08
2.34922183e-06	1.388945e-08
2.34924063e-06	1.386108e-08
2.34925942e-06	1.384908e-08
2.34927821e-06	1.371474e-08
2.34929701e-06	1.389924e-08
2.34931580e-06	1.389786e-08
2.34933460e-06	1.388040e-08
2.34935339e-06	1.385240e-08
2.34937219e-06	1.373951e-08
2.34939098e-06	1.383743e-08
2.34940978e-06	1.389773e-08
2.34942857e-06	1.390357e-08
2.34944737e-06	1.388819e-08
2.34946616e-06	1.386067e-08
2.34948496e-06	1.381705e-08
2.34950375e-06	1.384331e-08
2.34952255e-06	1.379219e-08
2.34954135e-06	1.381954e-08
2.34956014e-06	1.373846e-08
2.34957894e-06	1.385021e-08
2.34959774e-06	1.375623e-08
2.34961653e-06	1.389669e-08
2.34963533e-06	1.385682e-08
2.34965413e-06	1.389773e-08
2.34967292e-06	1.383473e-08
2.34969172e-06	1.366655e-08
2.34971052e-06	1.419464e-08
2.34972932e-06	1.396725e-08
2.34974812e-06	1.391380e-08
2.34976691e-06	1.395028e-08
2.34978571e-06	1.384327e-08
2.34980451e-06	1.383664e-08
2.34982331e-06	1.376616e-08
2.34984211e-06	1.373335e-08
2.34986090e-06	1.378977e-08
2.34987970e-06	1.379267e-08
2.34989850e-06	1.383308e-08
2.34991730e-06	1.381743e-08
2.34993610e-06	1.384479e-08
2.34995490e-06	1.382765e-08
2.34997370e-06	1.383932e-08
