2.30001633e-06	6.584770e-09
2.30003473e-06	4.342755e-09
2.30005313e-06	6.249642e-09
2.30007153e-06	5.039563e-09
2.30008993e-06	4.526371e-09
2.30010833e-06	7.039916e-09
2.30012673e-06	7.444499e-09
2.30014513e-06	7.353112e-09
2.30016353e-06	6.903419e-09
2.30018194e-06	7.187719e-09
2.30020034e-06	7.330108e-09
2.30021874e-06	7.940404e-09
2.30023714e-06	7.287581e-09
2.30025554e-06	6.474533e-09
2.30027395e-06	6.374887e-09
2.30029235e-06	5.696399e-09
2.30031075e-06	6.328204e-09
2.30032915e-06	6.816560e-09
2.30034756e-06	7.365065e-09
2.30036596e-06	6.107581e-09
2.30038436e-06	5.315707e-09
2.30040276e-06	5.959518e-09
2.30042117e-06	5.810485e-09
2.30043957e-06	6.254040e-09
2.30045797e-06	6.305069e-09
2.30047638e-06	5.153497e-09
2.30049478e-06	3.517795e-09
2.30051319e-06	2.859585e-09
2.30053159e-06	1.009184e-09
2.30054999e-06	3.403898e-10
2.30056840e-06	3.424577e-09
2.30058680e-06	4.194485e-09
2.30060521e-06	1.476634e-09
2.30062361e-06	3.303482e-09
2.30064202e-06	5.126342e-09
2.30066042e-06	5.366366e-09
2.30067883e-06	5.925020e-09
2.30069723e-06	5.916113e-09
2.30071564e-06	4.760464e-09
2.30073404e-06	1.005493e-09
2.30075245e-06	1.319366e-09
2.30077086e-06	5.253456e-09
2.30078926e-06	5.994811e-09
2.30080767e-06	6.367911e-09
2.30082608e-06	6.340008e-09
2.30084448e-06	6.522053e-09
2.30086289e-06	6.518423e-09
2.30088129e-06	6.490393e-09
2.30089970e-06	6.402550e-09
2.30091811e-06	6.535807e-09
2.30093652e-06	6.625964e-09
2.30095492e-06	6.714179e-09
2.30097333e-06	5.050877e-09
2.30099174e-06	4.585048e-09
2.30101015e-06	4.887951e-09
2.30102856e-06	5.058740e-09
2.30104696e-06	6.095656e-09
2.30106537e-06	5.874291e-09
2.30108378e-06	3.016486e-09
2.30110219e-06	1.411887e-09
2.30112060e-06	4.950477e-09
2.30113901e-06	6.417049e-09
2.30115742e-06	6.962336e-09
2.30117583e-06	6.757118e-09
2.30119423e-06	5.369148e-09
2.30121265e-06	4.536414e-09
2.30123105e-06	5.781234e-09
2.30124946e-06	5.710351e-09
2.30126787e-06	5.250763e-09
2.30128628e-06	3.172409e-09
2.30130469e-06	5.633866e-10
2.30132310e-06	3.657498e-10
2.30134152e-06	2.054931e-09
2.30135993e-06	3.561777e-09
2.30137834e-06	4.117776e-09
2.30139675e-06	1.230371e-09
2.30141516e-06	2.879908e-09
2.30143357e-06	6.196708e-09
2.30145198e-06	6.614206e-09
2.30147039e-06	5.134634e-09
2.30148881e-06	1.612038e-09
2.30150722e-06	1.019795e-09
2.30152563e-06	4.901437e-09
2.30154404e-06	6.392723e-09
2.30156245e-06	6.559844e-09
2.30158087e-06	6.344820e-09
2.30159928e-06	7.032564e-09
2.30161769e-06	7.040484e-09
2.30163611e-06	5.740152e-09
2.30165452e-06	5.267645e-09
2.30167293e-06	5.461988e-09
2.30169135e-06	6.417159e-09
2.30170976e-06	6.975982e-09
2.30172817e-06	7.488002e-09
2.30174659e-06	7.063236e-09
2.30176500e-06	5.875672e-09
2.30178341e-06	7.201088e-09
2.30180183e-06	6.812905e-09
2.30182024e-06	5.776433e-09
2.30183866e-06	6.729665e-09
2.30185707e-06	6.191266e-09
2.30187549e-06	5.716484e-09
2.30189390e-06	6.358614e-09
2.30191232e-06	7.279301e-09
2.30193073e-06	6.963424e-09
2.30194915e-06	6.808908e-09
2.30196756e-06	7.367358e-09
2.30198598e-06	7.074300e-09
2.30200440e-06	6.370351e-09
2.30202281e-06	4.866420e-09
2.30204123e-06	5.022920e-09
2.30205964e-06	5.678994e-09
2.30207806e-06	5.562128e-09
2.30209648e-06	4.377952e-09
2.30211489e-06	6.609618e-10
2.30213331e-06	3.615795e-10
2.30215173e-06	3.186679e-09
2.30217014e-06	5.433890e-09
2.30218856e-06	6.186683e-09
2.30220698e-06	6.670903e-09
2.30222540e-06	6.519627e-09
2.30224381e-06	6.657051e-09
2.30226223e-06	5.506125e-09
2.30228065e-06	4.713139e-09
2.30229907e-06	6.313110e-09
2.30231749e-06	6.531690e-09
2.30233591e-06	6.808868e-09
2.30235433e-06	7.362806e-09
2.30237274e-06	7.574662e-09
2.30239116e-06	7.730772e-09
2.30240958e-06	7.066312e-09
2.30242800e-06	6.706249e-09
2.30244642e-06	7.112305e-09
2.30246484e-06	7.177092e-09
2.30248326e-06	7.211078e-09
2.30250168e-06	7.109255e-09
2.30252010e-06	6.919586e-09
2.30253852e-06	6.273017e-09
2.30255694e-06	6.871840e-09
2.30257536e-06	7.164693e-09
2.30259378e-06	7.176043e-09
2.30261220e-06	6.805416e-09
2.30263062e-06	6.872246e-09
2.30264904e-06	6.639691e-09
2.30266747e-06	6.623094e-09
2.30268589e-06	7.382188e-09
2.30270431e-06	7.069619e-09
2.30272273e-06	6.395855e-09
2.30274115e-06	5.246852e-09
2.30275957e-06	1.489612e-09
2.30277800e-06	2.096805e-09
2.30279642e-06	3.963647e-09
2.30281484e-06	3.888207e-09
2.30283326e-06	6.106973e-09
2.30285168e-06	6.300652e-09
2.30287011e-06	6.678586e-09
2.30288853e-06	6.518226e-09
2.30290695e-06	5.734808e-09
2.30292538e-06	4.931449e-09
2.30294380e-06	4.653681e-09
2.30296222e-06	1.603867e-09
2.30298065e-06	3.022613e-10
2.30299907e-06	1.117137e-09
2.30301750e-06	3.247120e-09
2.30303592e-06	4.413103e-09
2.30305434e-06	6.039330e-09
2.30307277e-06	6.345458e-09
2.30309119e-06	6.434898e-09
2.30310962e-06	6.034490e-09
2.30312804e-06	4.901607e-09
2.30314647e-06	6.577421e-09
2.30316489e-06	7.160871e-09
2.30318332e-06	6.298406e-09
2.30320174e-06	3.450611e-09
2.30322017e-06	4.344912e-09
2.30323860e-06	7.283702e-09
2.30325702e-06	7.432680e-09
2.30327545e-06	6.870546e-09
2.30329387e-06	5.783231e-09
2.30331230e-06	3.391749e-09
2.30333073e-06	2.976321e-09
2.30334915e-06	3.912016e-09
2.30336758e-06	5.508333e-09
2.30338601e-06	7.154409e-09
2.30340443e-06	7.618524e-09
2.30342286e-06	8.315363e-09
2.30344129e-06	7.890352e-09
2.30345972e-06	7.177158e-09
2.30347814e-06	7.284069e-09
2.30349657e-06	7.522985e-09
2.30351500e-06	7.548175e-09
2.30353343e-06	6.607540e-09
2.30355186e-06	6.191928e-09
2.30357028e-06	5.624171e-09
2.30358871e-06	4.012475e-09
2.30360714e-06	4.419544e-09
2.30362557e-06	5.718546e-09
2.30364400e-06	6.175944e-09
2.30366243e-06	7.149052e-09
2.30368086e-06	6.829962e-09
2.30369929e-06	6.753631e-09
2.30371772e-06	6.088500e-09
2.30373615e-06	4.694721e-09
2.30375458e-06	4.396804e-09
2.30377301e-06	3.868954e-09
2.30379144e-06	4.871111e-09
2.30380987e-06	4.273116e-09
2.30382830e-06	4.107891e-09
2.30384673e-06	3.207178e-09
2.30386516e-06	3.508384e-10
2.30388359e-06	4.880948e-10
2.30390202e-06	3.263271e-09
2.30392045e-06	3.597383e-09
2.30393888e-06	5.201357e-09
2.30395731e-06	5.214697e-09
2.30397575e-06	5.928042e-09
2.30399418e-06	6.571518e-09
2.30401261e-06	6.638820e-09
2.30403104e-06	7.315943e-09
2.30404947e-06	7.003656e-09
2.30406791e-06	6.414302e-09
2.30408634e-06	6.376377e-09
2.30410477e-06	6.583009e-09
2.30412321e-06	7.401737e-09
2.30414164e-06	7.571036e-09
2.30416007e-06	6.881207e-09
2.30417850e-06	6.757294e-09
2.30419694e-06	6.835544e-09
2.30421537e-06	5.789981e-09
2.30423381e-06	5.931808e-09
2.30425224e-06	7.137114e-09
2.30427067e-06	6.555619e-09
2.30428911e-06	6.512884e-09
2.30430754e-06	6.710403e-09
2.30432598e-06	5.910882e-09
2.30434441e-06	6.760253e-09
2.30436285e-06	7.630529e-09
2.30438128e-06	8.463054e-09
2.30439971e-06	8.035392e-09
2.30441815e-06	8.063363e-09
2.30443659e-06	7.849994e-09
2.30445502e-06	6.647332e-09
2.30447346e-06	6.618896e-09
2.30449189e-06	6.380927e-09
2.30451033e-06	6.930333e-09
2.30452877e-06	6.964454e-09
2.30454720e-06	7.526337e-09
2.30456564e-06	7.167650e-09
2.30458407e-06	7.340791e-09
2.30460251e-06	7.308426e-09
2.30462095e-06	6.488724e-09
2.30463938e-06	5.860251e-09
2.30465782e-06	6.551573e-09
2.30467626e-06	7.104673e-09
2.30469470e-06	6.385067e-09
2.30471313e-06	5.288148e-09
2.30473157e-06	3.378402e-09
2.30475001e-06	3.916159e-09
2.30476845e-06	4.475821e-09
2.30478688e-06	1.290450e-09
2.30480532e-06	2.945054e-10
2.30482376e-06	1.985066e-09
2.30484220e-06	4.680076e-09
2.30486064e-06	4.716073e-09
2.30487908e-06	4.901431e-09
2.30489752e-06	5.592290e-09
2.30491596e-06	5.296804e-09
2.30493440e-06	2.329466e-09
2.30495284e-06	3.739006e-09
2.30497128e-06	3.352878e-09
2.30498972e-06	2.717881e-09
2.30500815e-06	4.875483e-09
2.30502660e-06	6.382369e-09
2.30504504e-06	5.324327e-09
2.30506347e-06	5.662540e-09
2.30508192e-06	5.893014e-09
2.30510036e-06	5.994218e-09
2.30511880e-06	6.251665e-09
2.30513724e-06	6.769659e-09
2.30515568e-06	6.439115e-09
2.30517412e-06	6.530832e-09
2.30519256e-06	6.894950e-09
2.30521100e-06	5.925221e-09
2.30522944e-06	6.342768e-09
2.30524789e-06	6.414893e-09
2.30526633e-06	6.453141e-09
2.30528477e-06	6.731460e-09
2.30530321e-06	6.867609e-09
2.30532166e-06	5.400975e-09
2.30534010e-06	5.786143e-09
2.30535854e-06	6.454689e-09
2.30537698e-06	6.152930e-09
2.30539543e-06	4.717639e-09
2.30541387e-06	1.085867e-09
2.30543231e-06	3.406759e-09
2.30545076e-06	5.411763e-09
2.30546920e-06	4.468550e-09
2.30548764e-06	2.215378e-09
2.30550609e-06	4.577906e-09
2.30552453e-06	6.651923e-09
2.30554298e-06	7.155476e-09
2.30556142e-06	6.900796e-09
2.30557987e-06	6.538607e-09
2.30559831e-06	6.365597e-09
2.30561675e-06	5.539819e-09
2.30563520e-06	1.545684e-09
2.30565365e-06	6.137498e-10
2.30567209e-06	3.761419e-09
2.30569054e-06	4.897139e-09
2.30570898e-06	5.590065e-09
2.30572743e-06	4.857783e-09
2.30574587e-06	3.916316e-09
2.30576432e-06	4.838102e-10
2.30578276e-06	3.268587e-10
2.30580121e-06	2.692030e-09
2.30581966e-06	5.155422e-09
2.30583810e-06	6.004975e-09
2.30585655e-06	5.274442e-09
2.30587500e-06	3.892768e-09
2.30589344e-06	3.283460e-09
2.30591189e-06	5.105172e-09
2.30593034e-06	6.086468e-09
2.30594879e-06	5.523667e-09
2.30596723e-06	5.598748e-09
2.30598568e-06	5.231630e-09
2.30600413e-06	6.433010e-09
2.30602258e-06	7.254647e-09
2.30604102e-06	7.553988e-09
2.30605947e-06	7.729160e-09
2.30607792e-06	7.429207e-09
2.30609637e-06	7.149715e-09
2.30611482e-06	6.774975e-09
2.30613327e-06	5.436367e-09
2.30615172e-06	5.327176e-09
2.30617017e-06	6.551188e-09
2.30618862e-06	5.894284e-09
2.30620707e-06	5.208334e-09
2.30622551e-06	5.921679e-09
2.30624396e-06	6.982693e-09
2.30626241e-06	6.938592e-09
2.30628087e-06	6.763156e-09
2.30629932e-06	7.192794e-09
2.30631777e-06	7.904793e-09
2.30633622e-06	7.183545e-09
2.30635467e-06	6.120475e-09
2.30637312e-06	6.746831e-09
2.30639157e-06	6.519243e-09
2.30641002e-06	6.159258e-09
2.30642847e-06	6.947947e-09
2.30644692e-06	5.307337e-09
2.30646537e-06	4.879359e-09
2.30648383e-06	5.327753e-09
2.30650228e-06	4.306406e-09
2.30652073e-06	3.947602e-09
2.30653918e-06	4.597700e-09
2.30655763e-06	5.243618e-09
2.30657609e-06	5.638339e-09
2.30659454e-06	6.006128e-09
2.30661299e-06	6.344741e-09
2.30663144e-06	4.401870e-09
2.30664990e-06	2.977527e-09
2.30666835e-06	1.174239e-09
2.30668681e-06	3.950465e-09
2.30670526e-06	5.131469e-09
2.30672371e-06	4.875122e-09
2.30674217e-06	4.920729e-09
2.30676062e-06	2.531417e-09
2.30677907e-06	3.835107e-10
2.30679753e-06	3.786064e-10
2.30681598e-06	3.472264e-09
2.30683444e-06	4.673002e-09
2.30685289e-06	4.177101e-09
2.30687135e-06	5.679939e-09
2.30688980e-06	5.944313e-09
2.30690826e-06	4.922316e-09
2.30692671e-06	4.679011e-09
2.30694517e-06	6.138861e-09
2.30696362e-06	6.440478e-09
2.30698208e-06	6.768479e-09
2.30700053e-06	7.135113e-09
2.30701899e-06	7.563942e-09
2.30703745e-06	6.983362e-09
2.30705590e-06	6.323584e-09
2.30707436e-06	7.300032e-09
2.30709282e-06	7.307729e-09
2.30711127e-06	7.523387e-09
2.30712973e-06	7.641984e-09
2.30714819e-06	7.750255e-09
2.30716664e-06	7.553945e-09
2.30718510e-06	7.672860e-09
2.30720356e-06	7.708264e-09
2.30722202e-06	7.009274e-09
2.30724047e-06	6.285952e-09
2.30725893e-06	6.392992e-09
2.30727739e-06	6.896638e-09
2.30729585e-06	5.246302e-09
2.30731431e-06	4.650107e-09
2.30733277e-06	6.553686e-09
2.30735122e-06	7.255132e-09
2.30736968e-06	6.704026e-09
2.30738814e-06	5.041643e-09
2.30740660e-06	5.760370e-09
2.30742506e-06	6.991786e-09
2.30744352e-06	7.544859e-09
2.30746198e-06	7.427517e-09
2.30748044e-06	6.689291e-09
2.30749890e-06	6.209788e-09
2.30751736e-06	4.917148e-09
2.30753582e-06	5.705474e-09
2.30755428e-06	6.318090e-09
2.30757274e-06	5.931625e-09
2.30759120e-06	5.262390e-09
2.30760966e-06	3.982462e-09
2.30762812e-06	1.561587e-09
2.30764658e-06	5.162215e-10
2.30766504e-06	2.999505e-09
2.30768351e-06	4.170286e-09
2.30770197e-06	5.789804e-09
2.30772043e-06	6.836890e-09
2.30773889e-06	6.757186e-09
2.30775735e-06	6.583629e-09
2.30777581e-06	6.017487e-09
2.30779428e-06	4.392760e-09
2.30781274e-06	3.242592e-09
2.30783120e-06	4.017300e-10
2.30784966e-06	3.448887e-10
2.30786813e-06	3.101443e-09
2.30788659e-06	5.090245e-09
2.30790505e-06	6.010097e-09
2.30792352e-06	6.139021e-09
2.30794198e-06	6.175518e-09
2.30796044e-06	6.816682e-09
2.30797891e-06	7.007651e-09
2.30799737e-06	6.651983e-09
2.30801583e-06	5.486643e-09
2.30803430e-06	4.914156e-09
2.30805276e-06	3.023202e-09
2.30807123e-06	4.871855e-09
2.30808969e-06	6.661315e-09
2.30810816e-06	6.883900e-09
2.30812662e-06	6.741787e-09
2.30814509e-06	7.316191e-09
2.30816355e-06	7.748869e-09
2.30818202e-06	7.268365e-09
2.30820048e-06	5.957391e-09
2.30821895e-06	6.190231e-09
2.30823741e-06	7.072175e-09
2.30825588e-06	7.327106e-09
2.30827434e-06	6.108274e-09
2.30829281e-06	5.492072e-09
2.30831128e-06	6.646808e-09
2.30832974e-06	6.948658e-09
2.30834821e-06	6.622507e-09
2.30836668e-06	6.287410e-09
2.30838514e-06	6.514486e-09
2.30840361e-06	7.191484e-09
2.30842208e-06	7.448073e-09
2.30844055e-06	7.573728e-09
2.30845901e-06	7.074789e-09
2.30847748e-06	6.105072e-09
2.30849595e-06	5.260698e-09
2.30851442e-06	4.511792e-09
2.30853288e-06	5.751561e-09
2.30855135e-06	6.653220e-09
2.30856982e-06	6.842856e-09
2.30858829e-06	6.961263e-09
2.30860676e-06	7.332255e-09
2.30862523e-06	7.612972e-09
2.30864370e-06	7.059340e-09
2.30866217e-06	7.162657e-09
2.30868063e-06	7.666179e-09
2.30869911e-06	7.113140e-09
2.30871757e-06	6.532104e-09
2.30873604e-06	6.078092e-09
2.30875451e-06	6.303160e-09
2.30877298e-06	7.090738e-09
2.30879145e-06	6.484743e-09
2.30880992e-06	5.378772e-09
2.30882840e-06	5.432366e-09
2.30884687e-06	6.341572e-09
2.30886534e-06	6.134187e-09
2.30888381e-06	4.834984e-09
2.30890228e-06	2.898601e-09
2.30892075e-06	5.048435e-10
2.30893922e-06	3.050741e-10
2.30895769e-06	2.431683e-09
2.30897616e-06	4.023321e-09
2.30899464e-06	2.962820e-09
2.30901311e-06	4.491020e-09
2.30903158e-06	6.013174e-09
2.30905005e-06	6.133916e-09
2.30906852e-06	5.336573e-09
2.30908700e-06	3.990318e-09
2.30910547e-06	4.143429e-09
2.30912394e-06	4.355818e-09
2.30914242e-06	5.752295e-09
2.30916089e-06	5.222606e-09
2.30917936e-06	5.818963e-09
2.30919784e-06	3.478155e-09
2.30921631e-06	3.808339e-09
2.30923478e-06	5.778958e-09
2.30925326e-06	6.558202e-09
2.30927173e-06	7.244780e-09
2.30929021e-06	7.077163e-09
2.30930868e-06	7.510251e-09
2.30932715e-06	7.060379e-09
2.30934563e-06	5.986437e-09
2.30936410e-06	3.159400e-09
2.30938258e-06	4.854610e-09
2.30940105e-06	6.846729e-09
2.30941953e-06	6.666718e-09
2.30943800e-06	6.251081e-09
2.30945648e-06	5.667076e-09
2.30947495e-06	5.263269e-09
2.30949343e-06	5.936847e-09
2.30951191e-06	5.731241e-09
2.30953038e-06	5.062635e-09
2.30954886e-06	5.718575e-09
2.30956733e-06	6.548027e-09
2.30958581e-06	6.902582e-09
2.30960429e-06	6.432668e-09
2.30962277e-06	6.262243e-09
2.30964124e-06	5.656744e-09
2.30965972e-06	2.035869e-09
2.30967820e-06	4.601254e-10
2.30969667e-06	2.674877e-09
2.30971515e-06	5.769203e-09
2.30973363e-06	6.548856e-09
2.30975211e-06	4.831663e-09
2.30977059e-06	1.619682e-09
2.30978906e-06	2.433716e-09
2.30980754e-06	2.554066e-09
2.30982602e-06	2.895742e-09
2.30984450e-06	1.816343e-09
2.30986298e-06	5.727130e-09
2.30988146e-06	6.476639e-09
2.30989994e-06	6.009075e-09
2.30991842e-06	5.671779e-09
2.30993689e-06	3.776403e-09
2.30995537e-06	4.957675e-09
2.30997385e-06	6.079377e-09
2.30999233e-06	5.312362e-09
2.31001081e-06	4.613232e-09
2.31002929e-06	4.583399e-09
2.31004777e-06	1.619495e-09
2.31006625e-06	2.860922e-10
2.31008473e-06	9.788554e-10
2.31010321e-06	4.201781e-09
2.31012170e-06	4.544627e-09
2.31014018e-06	1.778093e-09
2.31015866e-06	4.257685e-09
2.31017714e-06	6.418585e-09
2.31019562e-06	6.806915e-09
2.31021410e-06	5.384485e-09
2.31023258e-06	5.944015e-09
2.31025107e-06	7.366481e-09
2.31026955e-06	7.749948e-09
2.31028803e-06	7.472772e-09
2.31030651e-06	7.302265e-09
2.31032499e-06	6.272283e-09
2.31034348e-06	5.404453e-09
2.31036196e-06	6.145259e-09
2.31038044e-06	4.934938e-09
2.31039893e-06	4.337071e-09
2.31041741e-06	5.402261e-09
2.31043589e-06	6.207785e-09
2.31045438e-06	4.702190e-09
2.31047286e-06	4.234481e-09
2.31049134e-06	5.279409e-09
2.31050983e-06	4.354671e-09
2.31052831e-06	5.951487e-09
2.31054680e-06	6.706332e-09
2.31056528e-06	6.382302e-09
2.31058377e-06	5.387011e-09
2.31060225e-06	6.523419e-09
2.31062073e-06	7.852037e-09
2.31063922e-06	7.373247e-09
2.31065770e-06	6.780091e-09
2.31067619e-06	7.203915e-09
2.31069467e-06	6.277882e-09
2.31071316e-06	6.222412e-09
2.31073165e-06	5.444291e-09
2.31075013e-06	5.658554e-09
2.31076862e-06	5.332017e-09
2.31078710e-06	5.910371e-09
2.31080559e-06	5.486309e-09
2.31082408e-06	6.174874e-09
2.31084256e-06	6.720430e-09
2.31086105e-06	6.347544e-09
2.31087954e-06	6.509231e-09
2.31089802e-06	5.364383e-09
2.31091651e-06	3.913266e-09
2.31093500e-06	4.778641e-09
2.31095349e-06	5.514591e-09
2.31097197e-06	3.835136e-09
2.31099046e-06	3.738858e-09
2.31100895e-06	4.309359e-09
2.31102744e-06	4.317425e-09
2.31104593e-06	6.682865e-09
2.31106441e-06	7.109085e-09
2.31108290e-06	6.292885e-09
2.31110139e-06	6.456010e-09
2.31111988e-06	6.604711e-09
2.31113837e-06	6.522250e-09
2.31115686e-06	5.678337e-09
2.31117535e-06	2.751981e-09
2.31119384e-06	5.630236e-10
2.31121233e-06	1.538935e-09
2.31123082e-06	3.533447e-10
2.31124931e-06	3.457214e-10
2.31126780e-06	3.014777e-09
2.31128629e-06	4.081791e-09
2.31130478e-06	4.748848e-09
2.31132327e-06	4.267507e-09
2.31134176e-06	4.280108e-09
2.31136025e-06	5.375123e-09
2.31137874e-06	6.189749e-09
2.31139723e-06	6.623922e-09
2.31141572e-06	5.722122e-09
2.31143421e-06	5.088567e-09
2.31145270e-06	5.729886e-09
2.31147120e-06	4.321203e-09
2.31148969e-06	5.430092e-09
2.31150818e-06	5.882395e-09
2.31152667e-06	4.972070e-09
2.31154516e-06	3.958782e-09
2.31156366e-06	9.530912e-10
2.31158215e-06	3.788476e-09
2.31160064e-06	6.286139e-09
2.31161913e-06	4.224353e-09
2.31163763e-06	1.577745e-09
2.31165612e-06	9.290158e-10
2.31167461e-06	2.982851e-09
2.31169311e-06	5.630511e-09
2.31171160e-06	6.460655e-09
2.31173009e-06	5.338142e-09
2.31174859e-06	5.660447e-09
2.31176708e-06	6.340880e-09
2.31178558e-06	5.048417e-09
2.31180407e-06	6.161969e-09
2.31182257e-06	6.484511e-09
2.31184106e-06	5.585760e-09
2.31185955e-06	5.856054e-09
2.31187805e-06	6.626413e-09
2.31189654e-06	3.133339e-09
2.31191504e-06	2.851282e-09
2.31193353e-06	5.769858e-09
2.31195203e-06	4.844846e-09
2.31197052e-06	6.209629e-09
2.31198902e-06	7.129672e-09
2.31200752e-06	6.433018e-09
2.31202601e-06	5.777905e-09
2.31204451e-06	4.009851e-09
2.31206301e-06	4.832619e-09
2.31208150e-06	5.568182e-09
2.31210000e-06	6.777610e-09
2.31211850e-06	6.626994e-09
2.31213699e-06	5.555533e-09
2.31215549e-06	6.636499e-09
2.31217399e-06	6.412961e-09
2.31219248e-06	4.802225e-09
2.31221098e-06	5.018221e-09
2.31222948e-06	5.248602e-09
2.31224798e-06	5.679994e-09
2.31226648e-06	5.956675e-09
2.31228497e-06	4.903293e-09
2.31230347e-06	4.023363e-09
2.31232197e-06	6.351989e-09
2.31234047e-06	5.620095e-09
2.31235897e-06	4.633024e-09
2.31237747e-06	4.365052e-09
2.31239596e-06	4.566914e-09
2.31241446e-06	4.466341e-09
2.31243296e-06	1.959829e-09
2.31245146e-06	2.884600e-10
2.31246996e-06	7.047404e-10
2.31248846e-06	3.705553e-09
2.31250696e-06	4.945565e-09
2.31252546e-06	5.648739e-09
2.31254396e-06	4.746208e-09
2.31256246e-06	5.736819e-09
2.31258096e-06	5.741538e-09
2.31259946e-06	5.192004e-09
2.31261796e-06	6.682701e-09
2.31263647e-06	6.715303e-09
2.31265497e-06	6.584627e-09
2.31267347e-06	7.357041e-09
2.31269197e-06	7.119696e-09
2.31271047e-06	5.817714e-09
2.31272897e-06	6.087497e-09
2.31274748e-06	6.227034e-09
2.31276598e-06	6.131712e-09
2.31278448e-06	7.277285e-09
2.31280298e-06	7.077247e-09
2.31282148e-06	6.724520e-09
2.31283999e-06	4.887198e-09
2.31285849e-06	3.786244e-09
2.31287699e-06	6.034819e-09
2.31289550e-06	6.469361e-09
2.31291400e-06	5.708307e-09
2.31293250e-06	5.432829e-09
2.31295100e-06	6.248060e-09
2.31296951e-06	5.801440e-09
2.31298801e-06	7.142044e-09
2.31300652e-06	6.303082e-09
2.31302502e-06	5.762776e-09
2.31304352e-06	5.903041e-09
2.31306203e-06	5.080067e-09
2.31308053e-06	5.198245e-09
2.31309904e-06	4.352836e-09
2.31311754e-06	2.498753e-09
2.31313605e-06	2.884439e-09
2.31315455e-06	5.004249e-09
2.31317306e-06	4.125402e-09
2.31319156e-06	5.523357e-09
2.31321007e-06	5.809509e-09
2.31322857e-06	3.820172e-09
2.31324708e-06	3.008054e-09
2.31326559e-06	6.185857e-09
2.31328409e-06	6.562448e-09
2.31330260e-06	6.247871e-09
2.31332111e-06	7.003807e-09
2.31333961e-06	7.647457e-09
2.31335812e-06	6.808564e-09
2.31337662e-06	6.205916e-09
2.31339513e-06	5.827158e-09
2.31341364e-06	5.893205e-09
2.31343215e-06	7.063820e-09
2.31345065e-06	7.531430e-09
2.31346916e-06	6.584736e-09
2.31348767e-06	6.587033e-09
2.31350618e-06	6.963562e-09
2.31352469e-06	6.753964e-09
2.31354319e-06	6.849426e-09
2.31356170e-06	6.229359e-09
2.31358021e-06	6.309143e-09
2.31359872e-06	4.850079e-09
2.31361723e-06	4.853797e-09
2.31363574e-06	5.593880e-09
2.31365425e-06	5.001908e-09
2.31367275e-06	3.981079e-09
2.31369127e-06	9.785743e-10
2.31370977e-06	2.871027e-10
2.31372828e-06	1.701125e-09
2.31374679e-06	4.515183e-09
2.31376530e-06	4.977097e-09
2.31378381e-06	4.787011e-09
2.31380232e-06	5.355713e-09
2.31382083e-06	4.000336e-09
2.31383935e-06	4.255368e-09
2.31385786e-06	5.560968e-09
2.31387637e-06	5.982097e-09
2.31389488e-06	5.573336e-09
2.31391339e-06	6.172299e-09
2.31393190e-06	6.233987e-09
2.31395041e-06	4.611732e-09
2.31396892e-06	5.167337e-09
2.31398744e-06	5.594764e-09
2.31400595e-06	4.424739e-09
2.31402446e-06	5.040841e-09
2.31404297e-06	1.641382e-09
2.31406148e-06	1.585764e-09
2.31408000e-06	4.916750e-09
2.31409851e-06	6.472930e-09
2.31411702e-06	6.116693e-09
2.31413553e-06	6.869620e-09
2.31415405e-06	6.473354e-09
2.31417256e-06	7.002015e-09
2.31419107e-06	6.706512e-09
2.31420959e-06	7.361081e-09
2.31422810e-06	7.006953e-09
2.31424662e-06	5.697702e-09
2.31426513e-06	6.304357e-09
2.31428364e-06	6.919544e-09
2.31430216e-06	7.510673e-09
2.31432067e-06	6.146779e-09
2.31433919e-06	6.154992e-09
2.31435770e-06	6.344958e-09
2.31437622e-06	4.586092e-09
2.31439473e-06	3.665706e-09
2.31441325e-06	5.982985e-09
2.31443176e-06	5.788283e-09
2.31445028e-06	6.396843e-09
2.31446879e-06	5.463899e-09
2.31448731e-06	5.288067e-09
2.31450582e-06	6.241498e-09
2.31452434e-06	5.665063e-09
2.31454286e-06	4.297406e-09
2.31456137e-06	5.876372e-09
2.31457989e-06	6.961258e-09
2.31459841e-06	6.871129e-09
2.31461692e-06	6.649217e-09
2.31463544e-06	6.677484e-09
2.31465396e-06	5.047745e-09
2.31467247e-06	9.664643e-10
2.31469099e-06	6.070548e-10
2.31470951e-06	3.617674e-09
2.31472803e-06	4.124559e-09
2.31474654e-06	3.595685e-09
2.31476506e-06	5.199093e-09
2.31478358e-06	6.032985e-09
2.31480210e-06	4.359391e-09
2.31482062e-06	4.289982e-09
2.31483913e-06	5.937503e-09
2.31485765e-06	4.587772e-09
2.31487617e-06	3.343358e-09
2.31489469e-06	5.274771e-09
2.31491321e-06	4.132436e-09
2.31493173e-06	4.199323e-09
2.31495025e-06	4.095117e-09
2.31496877e-06	1.366298e-09
2.31498729e-06	4.058813e-10
2.31500581e-06	2.870571e-10
2.31502433e-06	1.914259e-09
2.31504285e-06	4.318226e-09
2.31506137e-06	3.754629e-09
2.31507989e-06	4.445242e-09
2.31509841e-06	5.631190e-09
2.31511693e-06	4.463420e-09
2.31513545e-06	4.870526e-09
2.31515397e-06	6.209860e-09
2.31517250e-06	6.527534e-09
2.31519102e-06	7.111128e-09
2.31520954e-06	6.683033e-09
2.31522806e-06	5.524312e-09
2.31524658e-06	5.533716e-09
2.31526510e-06	6.048151e-09
2.31528362e-06	3.916667e-09
2.31530215e-06	1.013404e-09
2.31532067e-06	3.150902e-09
2.31533919e-06	5.703086e-09
2.31535771e-06	6.837446e-09
2.31537624e-06	7.225581e-09
2.31539476e-06	7.375295e-09
2.31541328e-06	6.342790e-09
2.31543181e-06	5.454527e-09
2.31545033e-06	5.902785e-09
2.31546885e-06	6.255433e-09
2.31548738e-06	5.969068e-09
2.31550590e-06	6.470688e-09
2.31552443e-06	6.321518e-09
2.31554295e-06	6.341396e-09
2.31556148e-06	6.459490e-09
2.31558000e-06	7.728409e-09
2.31559852e-06	6.064228e-09
2.31561705e-06	6.115484e-09
2.31563557e-06	7.367460e-09
2.31565410e-06	7.385860e-09
2.31567262e-06	7.216770e-09
2.31569115e-06	4.995851e-09
2.31570967e-06	4.173093e-09
2.31572820e-06	5.462432e-09
2.31574673e-06	5.583638e-09
2.31576525e-06	4.550958e-09
2.31578378e-06	5.079476e-09
2.31580231e-06	5.415423e-09
2.31582083e-06	3.956639e-09
2.31583936e-06	6.101778e-09
2.31585788e-06	5.228347e-09
2.31587641e-06	4.102986e-09
2.31589494e-06	6.294307e-09
2.31591347e-06	7.146613e-09
2.31593199e-06	7.495434e-09
2.31595052e-06	6.667903e-09
2.31596905e-06	5.827501e-09
2.31598758e-06	6.106532e-09
2.31600610e-06	5.254346e-09
2.31602463e-06	6.405503e-09
2.31604316e-06	7.436580e-09
2.31606169e-06	7.654888e-09
2.31608022e-06	6.893921e-09
2.31609875e-06	6.188054e-09
2.31611727e-06	5.165445e-09
2.31613580e-06	4.845529e-09
2.31615433e-06	4.771853e-09
2.31617286e-06	3.662881e-09
2.31619139e-06	5.647640e-09
2.31620992e-06	6.154874e-09
2.31622845e-06	4.927407e-09
2.31624698e-06	2.176199e-09
2.31626551e-06	2.786875e-09
2.31628404e-06	2.076106e-09
2.31630257e-06	2.398037e-09
2.31632110e-06	8.678696e-10
2.31633963e-06	2.847798e-10
2.31635816e-06	1.565154e-09
2.31637669e-06	4.133904e-09
2.31639522e-06	4.695548e-09
2.31641375e-06	3.718438e-09
2.31643229e-06	3.179067e-09
2.31645082e-06	4.750374e-09
2.31646935e-06	4.604949e-09
2.31648788e-06	5.810665e-09
2.31650641e-06	6.365452e-09
2.31652494e-06	6.271160e-09
2.31654348e-06	5.936488e-09
2.31656201e-06	1.639892e-09
2.31658054e-06	2.022004e-09
2.31659908e-06	5.192449e-09
2.31661761e-06	4.784640e-09
2.31663614e-06	5.424126e-09
2.31665467e-06	6.161459e-09
2.31667321e-06	5.991548e-09
2.31669174e-06	4.695160e-09
2.31671027e-06	6.196475e-09
2.31672881e-06	6.716993e-09
2.31674734e-06	6.776731e-09
2.31676587e-06	5.438718e-09
2.31678441e-06	6.690697e-09
2.31680294e-06	7.355253e-09
2.31682148e-06	5.184599e-09
2.31684001e-06	2.787912e-09
2.31685855e-06	5.290829e-09
2.31687708e-06	6.550236e-09
2.31689562e-06	6.553350e-09
2.31691415e-06	7.019217e-09
2.31693269e-06	6.473785e-09
2.31695122e-06	7.193226e-09
2.31696976e-06	7.402177e-09
2.31698830e-06	4.982731e-09
2.31700683e-06	4.415478e-09
2.31702537e-06	4.973736e-09
2.31704390e-06	3.890077e-09
2.31706244e-06	5.417262e-09
2.31708098e-06	6.510417e-09
2.31709951e-06	7.347613e-09
2.31711805e-06	7.003587e-09
2.31713659e-06	5.947145e-09
2.31715512e-06	1.549075e-09
2.31717366e-06	2.217251e-09
2.31719220e-06	6.098753e-09
2.31721073e-06	6.780869e-09
2.31722927e-06	6.194366e-09
2.31724781e-06	6.553844e-09
2.31726635e-06	7.042099e-09
2.31728489e-06	6.457249e-09
2.31730342e-06	6.829910e-09
2.31732196e-06	6.312837e-09
2.31734050e-06	6.052011e-09
2.31735904e-06	6.989400e-09
2.31737758e-06	6.993760e-09
2.31739612e-06	5.805820e-09
2.31741466e-06	5.350261e-09
2.31743320e-06	5.849724e-09
2.31745174e-06	4.115118e-09
2.31747028e-06	5.409168e-09
2.31748882e-06	3.711516e-09
2.31750736e-06	1.463579e-09
2.31752590e-06	4.756076e-09
2.31754444e-06	5.609734e-09
2.31756298e-06	5.630768e-09
2.31758152e-06	4.272319e-09
2.31760006e-06	6.922790e-10
2.31761860e-06	5.724532e-10
2.31763714e-06	3.923606e-09
2.31765568e-06	4.960839e-09
2.31767422e-06	4.159453e-09
2.31769276e-06	1.838906e-09
2.31771131e-06	2.975594e-10
2.31772985e-06	7.091084e-10
2.31774839e-06	3.252255e-09
2.31776693e-06	4.465539e-09
2.31778547e-06	2.555284e-09
2.31780401e-06	4.205837e-09
2.31782256e-06	5.621551e-09
2.31784110e-06	6.619754e-09
2.31785964e-06	6.803170e-09
2.31787819e-06	5.420189e-09
2.31789673e-06	4.873641e-09
2.31791527e-06	6.709167e-09
2.31793381e-06	6.658553e-09
2.31795236e-06	5.827571e-09
2.31797090e-06	6.436180e-09
2.31798945e-06	6.834214e-09
2.31800799e-06	5.207885e-09
2.31802653e-06	4.736346e-09
2.31804508e-06	5.433537e-09
2.31806362e-06	5.927190e-09
2.31808217e-06	6.002448e-09
2.31810071e-06	5.078564e-09
2.31811926e-06	6.621976e-09
2.31813780e-06	6.081357e-09
2.31815635e-06	3.799683e-09
2.31817489e-06	4.409362e-09
2.31819344e-06	7.088095e-09
2.31821198e-06	6.797958e-09
2.31823053e-06	4.732791e-09
2.31824907e-06	4.225666e-09
2.31826762e-06	2.531929e-09
2.31828617e-06	4.555024e-09
2.31830471e-06	6.661830e-09
2.31832326e-06	7.596186e-09
2.31834181e-06	6.949182e-09
2.31836035e-06	5.963068e-09
2.31837890e-06	6.216640e-09
2.31839745e-06	6.940301e-09
2.31841599e-06	7.379957e-09
2.31843454e-06	7.360680e-09
2.31845309e-06	5.233517e-09
2.31847164e-06	2.420672e-09
2.31849018e-06	7.732125e-10
2.31850873e-06	3.494198e-09
2.31852728e-06	5.459327e-09
2.31854583e-06	6.348590e-09
2.31856438e-06	7.106071e-09
2.31858292e-06	6.706528e-09
2.31860147e-06	5.858776e-09
2.31862002e-06	5.965149e-09
2.31863857e-06	5.401988e-09
2.31865712e-06	6.628323e-09
2.31867567e-06	6.438237e-09
2.31869422e-06	5.817933e-09
2.31871277e-06	6.156765e-09
2.31873132e-06	6.792212e-09
2.31874987e-06	6.763873e-09
2.31876842e-06	7.247629e-09
2.31878697e-06	7.740101e-09
2.31880552e-06	7.449811e-09
2.31882407e-06	6.290769e-09
2.31884262e-06	6.612704e-09
2.31886117e-06	5.748892e-09
2.31887972e-06	4.982848e-09
2.31889827e-06	5.689937e-09
2.31891682e-06	6.411797e-09
2.31893538e-06	6.050833e-09
2.31895393e-06	6.146325e-09
2.31897248e-06	6.458275e-09
2.31899103e-06	5.899744e-09
2.31900958e-06	5.808215e-09
2.31902813e-06	5.445781e-09
2.31904669e-06	5.443607e-09
2.31906524e-06	4.479850e-09
2.31908379e-06	4.685430e-09
2.31910234e-06	3.212451e-09
2.31912090e-06	3.612152e-10
2.31913945e-06	3.609497e-10
2.31915800e-06	3.180346e-09
2.31917656e-06	4.746131e-09
2.31919511e-06	5.729825e-09
2.31921366e-06	6.218157e-09
2.31923222e-06	6.219683e-09
2.31925077e-06	5.666496e-09
2.31926932e-06	5.952939e-09
2.31928788e-06	5.868070e-09
2.31930643e-06	5.372428e-09
2.31932499e-06	6.064912e-09
2.31934354e-06	4.446668e-09
2.31936210e-06	5.278574e-09
2.31938065e-06	6.071281e-09
2.31939921e-06	6.907507e-09
2.31941776e-06	6.991209e-09
2.31943632e-06	7.368129e-09
2.31945487e-06	6.394884e-09
2.31947343e-06	4.078808e-09
2.31949198e-06	4.632912e-09
2.31951054e-06	4.007414e-09
2.31952910e-06	3.377517e-09
2.31954765e-06	3.534106e-09
2.31956621e-06	2.536584e-09
2.31958477e-06	3.844564e-09
2.31960332e-06	6.753896e-09
2.31962188e-06	7.688216e-09
2.31964044e-06	7.744699e-09
2.31965899e-06	7.470343e-09
2.31967755e-06	6.042879e-09
2.31969611e-06	2.950328e-09
2.31971466e-06	4.604839e-09
2.31973322e-06	6.089116e-09
2.31975178e-06	7.284880e-09
2.31977034e-06	7.679983e-09
2.31978890e-06	7.501807e-09
2.31980746e-06	7.868678e-09
2.31982601e-06	7.660509e-09
2.31984457e-06	7.512995e-09
2.31986313e-06	6.891514e-09
2.31988169e-06	6.083721e-09
2.31990025e-06	6.932084e-09
2.31991881e-06	7.584943e-09
2.31993737e-06	7.709238e-09
2.31995593e-06	6.441328e-09
2.31997449e-06	5.920819e-09
2.31999305e-06	4.424615e-09
2.32001161e-06	1.746671e-09
2.32003017e-06	5.100956e-09
2.32004873e-06	6.921109e-09
2.32006729e-06	5.697290e-09
2.32008585e-06	5.385018e-09
2.32010441e-06	6.505205e-09
2.32012297e-06	7.289827e-09
2.32014153e-06	6.864222e-09
2.32016009e-06	7.244112e-09
2.32017865e-06	6.674492e-09
2.32019721e-06	6.712206e-09
2.32021577e-06	6.208788e-09
2.32023434e-06	6.323420e-09
2.32025290e-06	5.374975e-09
2.32027146e-06	2.191480e-09
2.32029002e-06	5.577222e-09
2.32030858e-06	7.344389e-09
2.32032715e-06	7.634152e-09
2.32034571e-06	6.574088e-09
2.32036427e-06	4.189292e-09
2.32038284e-06	3.752641e-09
2.32040140e-06	5.184689e-09
2.32041996e-06	2.035720e-09
2.32043853e-06	1.092787e-09
2.32045709e-06	5.188899e-09
2.32047565e-06	5.981521e-09
2.32049422e-06	5.130246e-09
2.32051278e-06	4.792871e-09
2.32053135e-06	3.621609e-09
2.32054991e-06	3.055735e-09
2.32056847e-06	1.092980e-09
2.32058704e-06	2.848262e-10
2.32060560e-06	1.107832e-09
2.32062417e-06	2.505939e-09
2.32064273e-06	4.374341e-09
2.32066130e-06	4.819086e-09
2.32067986e-06	5.024157e-09
2.32069843e-06	5.454862e-09
2.32071699e-06	5.772243e-09
2.32073556e-06	3.655620e-09
2.32075413e-06	4.128947e-09
2.32077269e-06	4.683318e-09
2.32079126e-06	6.448517e-09
2.32080982e-06	7.100102e-09
2.32082839e-06	7.212539e-09
2.32084696e-06	6.802179e-09
2.32086552e-06	5.711696e-09
2.32088409e-06	3.450530e-09
2.32090266e-06	4.346765e-09
2.32092123e-06	5.007052e-09
2.32093979e-06	3.960396e-09
2.32095836e-06	4.064115e-09
2.32097693e-06	6.037011e-09
2.32099550e-06	6.171530e-09
2.32101406e-06	5.395660e-09
2.32103263e-06	5.198583e-09
2.32105120e-06	4.497120e-09
2.32106977e-06	6.353114e-09
2.32108834e-06	7.508483e-09
2.32110691e-06	7.449846e-09
2.32112547e-06	5.879368e-09
2.32114404e-06	4.316849e-09
2.32116261e-06	5.481963e-09
2.32118118e-06	3.596745e-09
2.32119975e-06	9.602317e-10
2.32121832e-06	3.829826e-09
2.32123689e-06	6.159489e-09
2.32125546e-06	6.997919e-09
2.32127403e-06	6.167262e-09
2.32129260e-06	6.136786e-09
2.32131117e-06	4.513975e-09
2.32132974e-06	2.397669e-09
2.32134831e-06	3.191976e-09
2.32136688e-06	4.929432e-09
2.32138545e-06	7.221930e-09
2.32140403e-06	7.555442e-09
2.32142260e-06	7.410299e-09
2.32144117e-06	7.232275e-09
2.32145974e-06	7.432869e-09
2.32147831e-06	7.083810e-09
2.32149688e-06	5.100292e-09
2.32151545e-06	4.883777e-09
2.32153403e-06	5.730453e-09
2.32155260e-06	6.641915e-09
2.32157117e-06	7.465205e-09
2.32158974e-06	7.516084e-09
2.32160832e-06	7.126817e-09
2.32162689e-06	5.771412e-09
2.32164546e-06	2.867621e-09
2.32166404e-06	4.241663e-09
2.32168261e-06	6.504885e-09
2.32170118e-06	7.346070e-09
2.32171976e-06	7.290385e-09
2.32173833e-06	7.070144e-09
2.32175690e-06	6.940996e-09
2.32177548e-06	5.816832e-09
2.32179405e-06	4.089950e-09
2.32181263e-06	6.092364e-09
2.32183120e-06	5.782469e-09
2.32184978e-06	5.460629e-09
2.32186835e-06	5.543928e-09
2.32188692e-06	5.984297e-09
2.32190550e-06	5.530795e-09
2.32192408e-06	5.796053e-09
2.32194265e-06	1.792938e-09
2.32196123e-06	8.778323e-10
2.32197980e-06	4.990041e-09
2.32199838e-06	5.560489e-09
2.32201695e-06	5.230366e-09
2.32203553e-06	4.920880e-09
2.32205411e-06	3.635416e-09
2.32207268e-06	4.231548e-10
2.32209126e-06	3.062831e-10
2.32210984e-06	2.746244e-09
2.32212841e-06	4.788806e-09
2.32214699e-06	5.487109e-09
2.32216557e-06	5.221239e-09
2.32218414e-06	2.755862e-09
2.32220272e-06	2.673681e-09
2.32222130e-06	5.277325e-09
2.32223988e-06	5.244141e-09
2.32225846e-06	4.945562e-09
2.32227703e-06	6.708310e-09
2.32229561e-06	6.555360e-09
2.32231419e-06	5.320820e-09
2.32233277e-06	5.741155e-09
2.32235135e-06	5.357827e-09
2.32236993e-06	2.655846e-09
2.32238850e-06	3.346575e-09
2.32240708e-06	5.780733e-09
2.32242566e-06	6.183908e-09
2.32244424e-06	6.429902e-09
2.32246282e-06	4.221362e-09
2.32248140e-06	4.072556e-09
2.32249998e-06	4.883528e-09
2.32251856e-06	6.670622e-09
2.32253714e-06	5.907167e-09
2.32255572e-06	4.195209e-09
2.32257430e-06	4.144531e-09
2.32259288e-06	6.368714e-09
2.32261146e-06	6.043672e-09
2.32263005e-06	4.450678e-09
2.32264863e-06	8.294457e-10
2.32266721e-06	5.659695e-10
2.32268579e-06	1.100359e-09
2.32270437e-06	3.314109e-09
2.32272295e-06	1.922636e-09
2.32274153e-06	2.047388e-09
2.32276012e-06	1.439511e-09
2.32277870e-06	5.171755e-09
2.32279728e-06	5.695004e-09
2.32281586e-06	2.140065e-09
2.32283444e-06	3.559302e-09
2.32285303e-06	3.231511e-09
2.32287161e-06	1.295485e-09
2.32289019e-06	4.411700e-09
2.32290878e-06	3.641091e-09
2.32292736e-06	1.627248e-09
2.32294594e-06	3.898634e-09
2.32296453e-06	2.506487e-09
2.32298311e-06	5.549276e-09
2.32300169e-06	4.486084e-09
2.32302028e-06	9.733117e-10
2.32303886e-06	3.928077e-09
2.32305745e-06	6.234557e-09
2.32307603e-06	3.829341e-09
2.32309462e-06	1.825015e-09
2.32311320e-06	3.657124e-09
2.32313179e-06	3.027312e-09
2.32315037e-06	1.247146e-09
2.32316896e-06	7.921191e-10
2.32318754e-06	1.553492e-09
2.32320613e-06	1.953113e-09
2.32322471e-06	1.760362e-09
2.32324330e-06	5.451467e-09
2.32326188e-06	3.626943e-09
2.32328047e-06	2.296529e-09
2.32329906e-06	6.353334e-09
2.32331764e-06	6.522877e-09
2.32333623e-06	3.816078e-09
2.32335482e-06	2.587295e-09
2.32337340e-06	3.172897e-09
2.32339199e-06	5.538855e-09
2.32341058e-06	6.118639e-09
2.32342916e-06	5.045869e-09
2.32344775e-06	9.640426e-10
2.32346634e-06	2.818457e-09
2.32348493e-06	6.039587e-09
2.32350352e-06	6.592980e-09
2.32352210e-06	6.454954e-09
2.32354069e-06	4.325915e-09
2.32355928e-06	2.319873e-09
2.32357787e-06	4.184938e-09
2.32359646e-06	3.107609e-09
2.32361504e-06	3.350955e-10
2.32363363e-06	3.572699e-10
2.32365222e-06	3.040574e-09
2.32367081e-06	4.758229e-09
2.32368940e-06	5.521485e-09
2.32370799e-06	4.217904e-09
2.32372658e-06	1.028416e-09
2.32374517e-06	2.153670e-09
2.32376376e-06	4.324953e-09
2.32378235e-06	5.680761e-09
2.32380094e-06	2.892731e-09
2.32381953e-06	3.096378e-09
2.32383812e-06	6.052682e-09
2.32385671e-06	6.603233e-09
2.32387530e-06	6.694020e-09
2.32389389e-06	5.850071e-09
2.32391249e-06	5.762826e-09
2.32393108e-06	3.280628e-09
2.32394967e-06	3.780577e-09
2.32396826e-06	5.930910e-09
2.32398685e-06	5.286126e-09
2.32400544e-06	2.111058e-09
2.32402404e-06	4.874907e-10
2.32404263e-06	9.592916e-10
2.32406122e-06	2.028801e-09
2.32407981e-06	5.413413e-09
2.32409840e-06	5.211922e-09
2.32411700e-06	6.226846e-09
2.32413559e-06	6.982066e-09
2.32415418e-06	7.440897e-09
2.32417278e-06	7.107414e-09
2.32419137e-06	6.333517e-09
2.32420996e-06	6.695984e-09
2.32422856e-06	6.900828e-09
2.32424715e-06	6.998752e-09
2.32426575e-06	5.720814e-09
2.32428434e-06	2.780425e-09
2.32430293e-06	4.562927e-09
2.32432153e-06	6.539879e-09
2.32434012e-06	4.856027e-09
2.32435872e-06	4.678906e-09
2.32437731e-06	5.348317e-09
2.32439591e-06	2.780393e-09
2.32441450e-06	9.289927e-10
2.32443310e-06	4.879078e-09
2.32445169e-06	6.312947e-09
2.32447029e-06	5.141881e-09
2.32448888e-06	6.454709e-09
2.32450748e-06	7.236438e-09
2.32452608e-06	5.566662e-09
2.32454467e-06	4.837693e-09
2.32456327e-06	5.638729e-09
2.32458187e-06	6.858041e-09
2.32460046e-06	7.079296e-09
2.32461906e-06	6.113180e-09
2.32463766e-06	6.940161e-09
2.32465625e-06	6.320974e-09
2.32467485e-06	3.571401e-09
2.32469345e-06	4.264606e-09
2.32471205e-06	6.430745e-09
2.32473064e-06	3.918752e-09
2.32474924e-06	2.973743e-09
2.32476784e-06	5.461829e-09
2.32478644e-06	4.976405e-09
2.32480504e-06	8.586174e-10
2.32482363e-06	1.715906e-09
2.32484223e-06	4.373811e-09
2.32486083e-06	2.923555e-09
2.32487943e-06	3.930082e-09
2.32489803e-06	3.964794e-09
2.32491663e-06	4.777339e-09
2.32493523e-06	6.459118e-09
2.32495383e-06	6.434025e-09
2.32497243e-06	6.559519e-09
2.32499103e-06	5.345124e-09
2.32500963e-06	5.962693e-09
2.32502823e-06	6.513481e-09
2.32504683e-06	7.107473e-09
2.32506543e-06	7.039414e-09
2.32508403e-06	6.479277e-09
2.32510263e-06	4.870116e-09
2.32512123e-06	2.954004e-09
2.32513983e-06	4.891414e-09
2.32515843e-06	4.380210e-09
2.32517703e-06	2.792732e-09
2.32519563e-06	3.203918e-10
2.32521424e-06	4.101767e-10
2.32523284e-06	2.467635e-09
2.32525144e-06	6.847058e-10
2.32527004e-06	2.348302e-09
2.32528864e-06	5.185336e-09
2.32530725e-06	5.243559e-09
2.32532585e-06	5.019934e-09
2.32534445e-06	5.637596e-09
2.32536305e-06	6.887810e-09
2.32538166e-06	7.190861e-09
2.32540026e-06	6.744397e-09
2.32541886e-06	6.179896e-09
2.32543747e-06	6.181960e-09
2.32545607e-06	5.798859e-09
2.32547467e-06	6.897606e-09
2.32549328e-06	6.023786e-09
2.32551188e-06	5.497334e-09
2.32553048e-06	5.603587e-09
2.32554909e-06	5.968581e-09
2.32556769e-06	6.115718e-09
2.32558630e-06	4.779995e-09
2.32560490e-06	3.688223e-09
2.32562351e-06	5.096173e-09
2.32564211e-06	5.875973e-09
2.32566072e-06	4.290838e-09
2.32567932e-06	5.536990e-09
2.32569793e-06	6.310524e-09
2.32571654e-06	4.687068e-09
2.32573514e-06	5.946702e-10
2.32575375e-06	2.234304e-09
2.32577235e-06	5.699001e-09
2.32579096e-06	6.311581e-09
2.32580956e-06	6.926937e-09
2.32582817e-06	6.352648e-09
2.32584678e-06	3.155166e-09
2.32586538e-06	2.478287e-09
2.32588399e-06	2.443244e-09
2.32590260e-06	4.691721e-09
2.32592121e-06	5.434423e-09
2.32593981e-06	5.147086e-09
2.32595842e-06	3.679264e-09
2.32597703e-06	3.004106e-09
2.32599564e-06	2.824308e-09
2.32601424e-06	5.512957e-09
2.32603285e-06	5.753269e-09
2.32605146e-06	5.103436e-09
2.32607007e-06	5.553464e-09
2.32608868e-06	3.826382e-09
2.32610729e-06	3.568597e-09
2.32612590e-06	3.973220e-09
2.32614450e-06	6.585284e-09
2.32616311e-06	6.302737e-09
2.32618172e-06	5.485301e-09
2.32620033e-06	6.129998e-09
2.32621894e-06	5.924154e-09
2.32623755e-06	5.236413e-09
2.32625616e-06	9.902741e-10
2.32627477e-06	1.335770e-09
2.32629338e-06	3.044870e-09
2.32631199e-06	1.910057e-09
2.32633060e-06	3.841625e-09
2.32634921e-06	3.965957e-09
2.32636782e-06	5.150895e-09
2.32638643e-06	5.521095e-09
2.32640505e-06	5.332710e-09
2.32642366e-06	5.291751e-09
2.32644227e-06	4.691408e-09
2.32646088e-06	5.785525e-09
2.32647949e-06	6.190272e-09
2.32649810e-06	6.488671e-09
2.32651671e-06	6.561574e-09
2.32653533e-06	7.555409e-09
2.32655394e-06	6.627507e-09
2.32657255e-06	6.809225e-09
2.32659116e-06	6.861109e-09
2.32660978e-06	6.092083e-09
2.32662839e-06	4.558102e-09
2.32664700e-06	4.378014e-09
2.32666562e-06	5.267557e-09
2.32668423e-06	3.621645e-09
2.32670284e-06	5.569661e-09
2.32672146e-06	4.856122e-09
2.32674007e-06	4.952592e-09
2.32675869e-06	5.751374e-09
2.32677730e-06	4.992783e-09
2.32679591e-06	3.139356e-09
2.32681453e-06	3.847163e-10
2.32683314e-06	3.302276e-10
2.32685176e-06	2.558404e-09
2.32687037e-06	4.634442e-09
2.32688899e-06	4.990786e-09
2.32690760e-06	5.102770e-09
2.32692622e-06	5.593232e-09
2.32694483e-06	4.742391e-09
2.32696345e-06	5.143025e-09
2.32698206e-06	5.916460e-09
2.32700068e-06	6.071539e-09
2.32701930e-06	5.412816e-09
2.32703791e-06	6.305695e-09
2.32705653e-06	7.210635e-09
2.32707514e-06	6.276330e-09
2.32709376e-06	4.960008e-09
2.32711238e-06	3.801815e-09
2.32713099e-06	2.390828e-09
2.32714961e-06	3.988667e-09
2.32716823e-06	5.663995e-09
2.32718685e-06	5.027941e-09
2.32720546e-06	6.248347e-09
2.32722408e-06	6.500364e-09
2.32724270e-06	5.529144e-09
2.32726132e-06	7.151612e-09
2.32727993e-06	6.206037e-09
2.32729855e-06	3.944241e-09
2.32731717e-06	4.918261e-09
2.32733579e-06	6.813505e-09
2.32735441e-06	7.309977e-09
2.32737303e-06	6.253287e-09
2.32739165e-06	5.565911e-09
2.32741027e-06	4.659640e-09
2.32742888e-06	1.131335e-09
2.32744750e-06	9.453559e-10
2.32746612e-06	4.532110e-09
2.32748474e-06	6.020864e-09
2.32750336e-06	6.653041e-09
2.32752198e-06	6.363413e-09
2.32754060e-06	6.593937e-09
2.32755922e-06	6.518046e-09
2.32757784e-06	7.183448e-09
2.32759646e-06	5.477973e-09
2.32761509e-06	3.134365e-09
2.32763371e-06	5.775068e-09
2.32765233e-06	7.184621e-09
2.32767095e-06	6.587978e-09
2.32768957e-06	6.364658e-09
2.32770819e-06	6.818371e-09
2.32772681e-06	6.608824e-09
2.32774544e-06	6.970594e-09
2.32776406e-06	7.149263e-09
2.32778268e-06	7.119861e-09
2.32780130e-06	6.742030e-09
2.32781992e-06	5.611939e-09
2.32783855e-06	1.765175e-09
2.32785717e-06	1.197056e-09
2.32787579e-06	3.069257e-09
2.32789442e-06	4.778892e-09
2.32791304e-06	3.103003e-09
2.32793166e-06	3.467529e-09
2.32795028e-06	1.443359e-09
2.32796891e-06	1.287126e-09
2.32798753e-06	5.332090e-09
2.32800616e-06	6.448135e-09
2.32802478e-06	6.718813e-09
2.32804340e-06	6.035520e-09
2.32806203e-06	4.380951e-09
2.32808065e-06	6.773453e-10
2.32809928e-06	1.105854e-09
2.32811790e-06	4.502967e-09
2.32813653e-06	4.939592e-09
2.32815515e-06	5.427695e-09
2.32817378e-06	6.690483e-09
2.32819240e-06	5.927839e-09
2.32821103e-06	5.720747e-09
2.32822965e-06	4.972920e-09
2.32824828e-06	6.015174e-09
2.32826691e-06	6.652140e-09
2.32828553e-06	6.016143e-09
2.32830416e-06	3.729499e-09
2.32832279e-06	4.011720e-09
2.32834141e-06	5.875405e-09
2.32836004e-06	6.327845e-09
2.32837867e-06	5.903117e-09
2.32839729e-06	3.564216e-09
2.32841592e-06	1.695213e-09
2.32843455e-06	4.252147e-09
2.32845317e-06	3.562444e-09
2.32847180e-06	4.324353e-10
2.32849043e-06	3.043163e-10
2.32850906e-06	2.507252e-09
2.32852769e-06	4.244562e-09
2.32854631e-06	4.777302e-09
2.32856494e-06	6.012036e-09
2.32858357e-06	6.794451e-09
2.32860220e-06	6.604423e-09
2.32862083e-06	5.910299e-09
2.32863946e-06	4.043305e-09
2.32865809e-06	3.938245e-09
2.32867672e-06	4.473203e-09
2.32869535e-06	4.926603e-09
2.32871397e-06	1.850378e-09
2.32873260e-06	3.330097e-09
2.32875123e-06	4.711911e-09
2.32876987e-06	7.174531e-10
2.32878849e-06	1.135864e-09
2.32880712e-06	3.498572e-09
2.32882576e-06	4.369851e-09
2.32884439e-06	6.243095e-09
2.32886302e-06	6.624033e-09
2.32888165e-06	5.482727e-09
2.32890028e-06	5.046723e-09
2.32891891e-06	4.980880e-09
2.32893754e-06	4.847913e-09
2.32895617e-06	5.395522e-09
2.32897481e-06	6.257398e-09
2.32899344e-06	5.011369e-09
2.32901207e-06	4.964574e-09
2.32903070e-06	6.466920e-09
2.32904933e-06	6.443948e-09
2.32906797e-06	5.476903e-09
2.32908660e-06	2.816316e-09
2.32910523e-06	4.436883e-09
2.32912386e-06	6.997096e-09
2.32914250e-06	6.940602e-09
2.32916113e-06	6.427797e-09
2.32917976e-06	5.119818e-09
2.32919840e-06	1.607529e-09
2.32921703e-06	1.754709e-09
2.32923566e-06	5.913366e-09
2.32925430e-06	7.011825e-09
2.32927293e-06	6.507979e-09
2.32929157e-06	6.892860e-09
2.32931020e-06	7.570534e-09
2.32932883e-06	7.363490e-09
2.32934747e-06	6.246348e-09
2.32936610e-06	5.258895e-09
2.32938474e-06	4.329175e-09
2.32940337e-06	5.907828e-09
2.32942201e-06	5.114977e-09
2.32944065e-06	5.969812e-09
2.32945928e-06	4.883125e-09
2.32947792e-06	3.194495e-09
2.32949655e-06	1.428075e-09
2.32951519e-06	5.223694e-10
2.32953382e-06	4.286625e-09
2.32955246e-06	5.614857e-09
2.32957110e-06	6.418337e-09
2.32958973e-06	7.061297e-09
2.32960837e-06	7.524408e-09
2.32962701e-06	7.328939e-09
2.32964564e-06	6.399649e-09
2.32966428e-06	7.353857e-09
2.32968292e-06	7.884151e-09
2.32970156e-06	8.270804e-09
2.32972019e-06	8.200454e-09
2.32973883e-06	7.797404e-09
2.32975747e-06	6.922053e-09
2.32977611e-06	6.763851e-09
2.32979475e-06	4.714155e-09
2.32981338e-06	5.030121e-09
2.32983202e-06	7.198000e-09
2.32985066e-06	6.795562e-09
2.32986930e-06	5.548035e-09
2.32988794e-06	6.832776e-09
2.32990658e-06	6.735732e-09
2.32992522e-06	5.671268e-09
2.32994386e-06	5.598695e-09
2.32996250e-06	5.224641e-09
2.32998113e-06	6.111851e-09
2.32999977e-06	6.150890e-09
2.33001842e-06	2.866250e-09
2.33003706e-06	2.004997e-09
2.33005570e-06	5.619340e-09
2.33007434e-06	5.952962e-09
2.33009298e-06	4.398247e-09
2.33011162e-06	4.204939e-09
2.33013026e-06	4.652601e-09
2.33014890e-06	4.442131e-09
2.33016754e-06	1.495947e-09
2.33018618e-06	2.909503e-10
2.33020482e-06	9.589587e-10
2.33022347e-06	3.805920e-09
2.33024211e-06	4.239151e-09
2.33026075e-06	2.940951e-09
2.33027939e-06	4.364987e-10
2.33029803e-06	1.749331e-09
2.33031667e-06	5.164780e-09
2.33033532e-06	5.892972e-09
2.33035396e-06	6.162263e-09
2.33037260e-06	5.735907e-09
2.33039125e-06	3.101363e-09
2.33040989e-06	4.184548e-09
2.33042853e-06	6.112355e-09
2.33044718e-06	4.053298e-09
2.33046582e-06	2.441120e-09
2.33048446e-06	4.394599e-09
2.33050311e-06	4.693899e-09
2.33052175e-06	8.761788e-10
2.33054040e-06	1.364991e-09
2.33055904e-06	5.031625e-09
2.33057768e-06	3.724064e-09
2.33059633e-06	6.352732e-10
2.33061497e-06	2.660151e-09
2.33063362e-06	2.963724e-09
2.33065226e-06	2.654863e-09
2.33067091e-06	2.728713e-09
2.33068955e-06	3.482772e-09
2.33070820e-06	2.042710e-09
2.33072685e-06	4.045965e-09
2.33074549e-06	2.572567e-09
2.33076414e-06	4.393128e-09
2.33078278e-06	5.045758e-09
2.33080143e-06	3.947627e-09
2.33082008e-06	5.641719e-09
2.33083872e-06	6.440266e-09
2.33085737e-06	6.646419e-09
2.33087602e-06	6.043010e-09
2.33089466e-06	5.500256e-09
2.33091331e-06	6.311826e-09
2.33093196e-06	5.936573e-09
2.33095061e-06	5.317950e-09
2.33096925e-06	5.867279e-09
2.33098790e-06	4.930995e-09
2.33100655e-06	5.004703e-09
2.33102520e-06	3.511567e-09
2.33104384e-06	4.860732e-09
2.33106249e-06	5.416975e-09
2.33108114e-06	1.546427e-09
2.33109979e-06	5.200596e-10
2.33111844e-06	3.801071e-09
2.33113709e-06	5.170070e-09
2.33115574e-06	4.330889e-09
2.33117439e-06	4.209499e-09
2.33119304e-06	3.622349e-09
2.33121169e-06	6.638363e-10
2.33123033e-06	2.129279e-09
2.33124898e-06	4.047567e-09
2.33126763e-06	4.393756e-09
2.33128629e-06	6.351372e-09
2.33130493e-06	5.882198e-09
2.33132359e-06	5.743144e-09
2.33134224e-06	6.862727e-09
2.33136089e-06	6.237780e-09
2.33137954e-06	3.802816e-09
2.33139819e-06	5.027725e-09
2.33141684e-06	6.068000e-09
2.33143549e-06	5.760623e-09
2.33145414e-06	5.598320e-09
2.33147280e-06	6.610568e-09
2.33149145e-06	6.245789e-09
2.33151010e-06	6.137934e-09
2.33152875e-06	5.515814e-09
2.33154740e-06	3.545680e-09
2.33156606e-06	4.887491e-09
2.33158471e-06	4.605476e-09
2.33160336e-06	2.438244e-09
2.33162201e-06	3.755629e-09
2.33164067e-06	2.475949e-09
2.33165932e-06	1.819114e-09
2.33167797e-06	6.057912e-09
2.33169663e-06	6.340577e-09
2.33171528e-06	4.227155e-09
2.33173393e-06	2.416570e-09
2.33175259e-06	5.648510e-09
2.33177124e-06	5.172806e-09
2.33178990e-06	3.843418e-09
2.33180855e-06	5.524054e-09
2.33182720e-06	5.504380e-09
2.33184586e-06	5.822714e-09
2.33186451e-06	4.277818e-09
2.33188317e-06	4.190250e-09
2.33190182e-06	3.052373e-09
2.33192048e-06	4.332288e-10
2.33193913e-06	2.925130e-10
2.33195779e-06	5.251152e-10
2.33197644e-06	3.149863e-09
2.33199510e-06	4.061735e-09
2.33201376e-06	4.722872e-09
2.33203241e-06	6.220756e-09
2.33205107e-06	6.560329e-09
2.33206973e-06	6.391374e-09
2.33208838e-06	6.494333e-09
2.33210704e-06	4.811325e-09
2.33212570e-06	5.911847e-09
2.33214435e-06	6.709638e-09
2.33216301e-06	6.219326e-09
2.33218167e-06	6.488286e-09
2.33220033e-06	6.838256e-09
2.33221898e-06	4.882201e-09
2.33223764e-06	4.521697e-09
2.33225630e-06	3.549527e-09
2.33227496e-06	5.446626e-09
2.33229361e-06	7.038365e-09
2.33231227e-06	7.668374e-09
2.33233093e-06	7.154626e-09
2.33234959e-06	7.231397e-09
2.33236825e-06	7.061535e-09
2.33238691e-06	5.221325e-09
2.33240557e-06	4.767924e-09
2.33242423e-06	6.608246e-09
2.33244288e-06	6.874390e-09
2.33246154e-06	5.573373e-09
2.33248020e-06	4.574978e-09
2.33249886e-06	5.328183e-09
2.33251752e-06	6.738674e-09
2.33253618e-06	6.732656e-09
2.33255485e-06	3.875902e-09
2.33257350e-06	3.462010e-09
2.33259217e-06	5.513886e-09
2.33261083e-06	5.881556e-09
2.33262949e-06	7.187518e-09
2.33264815e-06	7.198985e-09
2.33266681e-06	6.572186e-09
2.33268547e-06	7.433447e-09
2.33270413e-06	7.289463e-09
2.33272279e-06	6.139057e-09
2.33274146e-06	4.844505e-09
2.33276012e-06	5.504092e-09
2.33277878e-06	4.465244e-09
2.33279744e-06	4.747146e-09
2.33281610e-06	4.441751e-09
2.33283477e-06	7.151130e-10
2.33285343e-06	5.484834e-10
2.33287209e-06	4.021889e-09
2.33289075e-06	1.701361e-09
2.33290942e-06	6.774190e-10
2.33292808e-06	4.537636e-09
2.33294675e-06	5.928702e-09
2.33296541e-06	6.404424e-09
2.33298407e-06	5.802485e-09
2.33300274e-06	6.010800e-09
2.33302140e-06	7.088744e-09
2.33304006e-06	6.633756e-09
2.33305873e-06	6.370114e-09
2.33307739e-06	6.523155e-09
2.33309606e-06	6.378272e-09
2.33311472e-06	5.518615e-09
2.33313339e-06	5.837325e-09
2.33315205e-06	4.496167e-09
2.33317072e-06	3.517790e-09
2.33318938e-06	5.865293e-09
2.33320805e-06	6.325408e-09
2.33322671e-06	4.273453e-09
2.33324538e-06	3.703194e-09
2.33326405e-06	5.277489e-09
2.33328271e-06	3.937879e-09
2.33330138e-06	6.052402e-09
2.33332004e-06	6.631942e-09
2.33333871e-06	6.562881e-09
2.33335738e-06	5.825789e-09
2.33337604e-06	4.922998e-09
2.33339471e-06	5.499985e-09
2.33341338e-06	5.336157e-09
2.33343205e-06	7.044751e-09
2.33345071e-06	7.226125e-09
2.33346938e-06	7.214438e-09
2.33348805e-06	6.567440e-09
2.33350672e-06	5.206813e-09
2.33352538e-06	3.766091e-09
2.33354405e-06	4.427238e-09
2.33356272e-06	3.548290e-09
2.33358139e-06	1.834299e-09
2.33360006e-06	5.393746e-09
2.33361873e-06	6.316458e-09
2.33363740e-06	5.474128e-09
2.33365607e-06	5.297016e-09
2.33367473e-06	4.925856e-09
2.33369340e-06	2.595013e-09
2.33371207e-06	3.141598e-10
2.33373074e-06	5.264625e-10
2.33374941e-06	3.141545e-09
2.33376808e-06	1.352202e-09
2.33378675e-06	4.408075e-10
2.33380542e-06	3.716626e-09
2.33382410e-06	5.670137e-09
2.33384277e-06	5.595468e-09
2.33386144e-06	6.132334e-09
2.33388011e-06	6.905447e-09
2.33389878e-06	6.486187e-09
2.33391745e-06	6.640957e-09
2.33393612e-06	5.885380e-09
2.33395479e-06	4.345794e-09
2.33397346e-06	6.311408e-09
2.33399213e-06	7.635986e-09
2.33401081e-06	7.339605e-09
2.33402948e-06	6.752949e-09
2.33404815e-06	6.283349e-09
2.33406682e-06	6.776363e-09
2.33408550e-06	7.610232e-09
2.33410417e-06	7.569543e-09
2.33412284e-06	6.080813e-09
2.33414152e-06	2.529895e-09
2.33416019e-06	1.083137e-09
2.33417886e-06	3.969896e-09
2.33419754e-06	3.385242e-09
2.33421621e-06	3.077809e-09
2.33423488e-06	5.057502e-09
2.33425356e-06	5.889722e-09
2.33427223e-06	5.715472e-09
2.33429090e-06	4.321264e-09
2.33430958e-06	2.212379e-09
2.33432825e-06	3.576539e-09
2.33434693e-06	4.220299e-09
2.33436560e-06	4.874620e-09
2.33438428e-06	6.170002e-09
2.33440295e-06	6.759651e-09
2.33442163e-06	4.963423e-09
2.33444030e-06	2.926941e-09
2.33445898e-06	4.347914e-09
2.33447765e-06	5.051214e-09
2.33449633e-06	5.503711e-09
2.33451501e-06	4.289297e-09
2.33453368e-06	5.286069e-09
2.33455236e-06	6.073073e-09
2.33457104e-06	5.018609e-09
2.33458971e-06	6.315550e-09
2.33460839e-06	6.725223e-09
2.33462706e-06	4.394931e-09
2.33464574e-06	4.082490e-09
2.33466442e-06	5.738864e-09
2.33468310e-06	6.646548e-09
2.33470177e-06	6.104429e-09
2.33472045e-06	5.264657e-09
2.33473913e-06	2.712582e-09
2.33475781e-06	4.187238e-10
2.33477648e-06	6.970507e-10
2.33479516e-06	2.907978e-09
2.33481384e-06	4.191343e-09
2.33483252e-06	3.646580e-09
2.33485120e-06	3.719269e-09
2.33486988e-06	3.432240e-09
2.33488856e-06	4.499419e-09
2.33490724e-06	6.892555e-09
2.33492591e-06	7.436963e-09
2.33494460e-06	7.102064e-09
2.33496327e-06	6.413552e-09
2.33498195e-06	3.621741e-09
2.33500063e-06	4.246236e-09
2.33501931e-06	6.998116e-09
2.33503799e-06	7.343152e-09
2.33505667e-06	7.468219e-09
2.33507535e-06	7.150844e-09
2.33509404e-06	5.180062e-09
2.33511272e-06	1.438420e-09
2.33513140e-06	1.406273e-09
2.33515008e-06	5.273777e-09
2.33516876e-06	5.707657e-09
2.33518744e-06	4.057175e-09
2.33520612e-06	4.540998e-09
2.33522480e-06	5.517273e-09
2.33524348e-06	4.225370e-09
2.33526217e-06	4.097677e-09
2.33528085e-06	5.368557e-09
2.33529953e-06	5.716045e-09
2.33531821e-06	5.304011e-09
2.33533690e-06	4.852323e-09
2.33535558e-06	5.121037e-09
2.33537426e-06	3.347403e-09
2.33539294e-06	2.996562e-09
2.33541163e-06	5.558473e-09
2.33543031e-06	5.944108e-09
2.33544900e-06	5.978114e-09
2.33546768e-06	5.340036e-09
2.33548636e-06	4.976119e-09
2.33550505e-06	4.636717e-09
2.33552373e-06	2.199488e-09
2.33554242e-06	2.995092e-10
2.33556110e-06	1.160792e-09
2.33557978e-06	4.460143e-09
2.33559847e-06	5.301467e-09
2.33561715e-06	5.144285e-09
2.33563584e-06	4.758310e-09
2.33565452e-06	3.158911e-09
2.33567321e-06	1.158549e-09
2.33569189e-06	3.681516e-09
2.33571058e-06	3.851079e-09
2.33572927e-06	3.628367e-09
2.33574795e-06	3.575474e-09
2.33576664e-06	7.134828e-10
2.33578532e-06	4.573452e-10
2.33580401e-06	3.644539e-09
2.33582269e-06	5.114310e-09
2.33584138e-06	6.141201e-09
2.33586007e-06	6.700261e-09
2.33587876e-06	6.206248e-09
2.33589744e-06	4.584464e-09
2.33591613e-06	4.723161e-09
2.33593482e-06	6.645418e-09
2.33595350e-06	6.438834e-09
2.33597219e-06	4.612657e-09
2.33599088e-06	5.307495e-09
2.33600957e-06	6.121885e-09
2.33602826e-06	6.187773e-09
2.33604694e-06	6.515535e-09
2.33606563e-06	7.226657e-09
2.33608432e-06	7.774829e-09
2.33610301e-06	7.945356e-09
2.33612170e-06	8.039370e-09
2.33614039e-06	7.534013e-09
2.33615908e-06	6.868054e-09
2.33617777e-06	6.965820e-09
2.33619646e-06	6.065865e-09
2.33621514e-06	6.141679e-09
2.33623383e-06	7.147009e-09
2.33625253e-06	6.330263e-09
2.33627121e-06	5.982856e-09
2.33628990e-06	5.597490e-09
2.33630860e-06	6.114316e-09
2.33632729e-06	4.468448e-09
2.33634598e-06	2.266235e-09
2.33636467e-06	3.003940e-09
2.33638336e-06	5.961674e-09
2.33640205e-06	5.441026e-09
2.33642074e-06	5.458197e-09
2.33643943e-06	6.744928e-09
2.33645812e-06	5.405450e-09
2.33647681e-06	6.671069e-09
2.33649551e-06	6.722849e-09
2.33651420e-06	6.620443e-09
2.33653289e-06	7.635827e-09
2.33655158e-06	6.858156e-09
2.33657028e-06	5.656232e-09
2.33658897e-06	6.845836e-09
2.33660766e-06	6.236576e-09
2.33662635e-06	5.905301e-09
2.33664505e-06	6.206845e-09
2.33666374e-06	6.529118e-09
2.33668243e-06	5.858886e-09
2.33670113e-06	2.935645e-09
2.33671982e-06	2.164113e-09
2.33673851e-06	3.753691e-09
2.33675721e-06	3.772348e-09
2.33677590e-06	5.412774e-09
2.33679460e-06	5.635994e-09
2.33681329e-06	3.941433e-09
2.33683198e-06	4.591715e-10
2.33685068e-06	1.026066e-09
2.33686937e-06	3.989482e-09
2.33688807e-06	4.380945e-09
2.33690676e-06	4.231805e-09
2.33692546e-06	4.606060e-09
2.33694415e-06	4.643251e-09
2.33696285e-06	5.060929e-09
2.33698155e-06	2.461347e-09
2.33700024e-06	3.234565e-09
2.33701894e-06	4.949622e-09
2.33703763e-06	5.681075e-09
2.33705633e-06	5.372362e-09
2.33707503e-06	6.090630e-09
2.33709372e-06	6.412430e-09
2.33711242e-06	6.332714e-09
2.33713112e-06	6.505464e-09
2.33714981e-06	5.634556e-09
2.33716851e-06	6.252791e-09
2.33718721e-06	7.341618e-09
2.33720591e-06	5.741927e-09
2.33722460e-06	4.810014e-09
2.33724330e-06	5.703687e-09
2.33726200e-06	5.563863e-09
2.33728070e-06	3.727761e-09
2.33729940e-06	3.779483e-09
2.33731809e-06	5.877949e-09
2.33733679e-06	6.238704e-09
2.33735549e-06	5.980701e-09
2.33737419e-06	5.170119e-09
2.33739289e-06	2.226829e-09
2.33741159e-06	3.016921e-10
2.33743029e-06	1.234346e-09
2.33744899e-06	4.648086e-09
2.33746769e-06	5.513427e-09
2.33748639e-06	4.803006e-09
2.33750509e-06	5.332320e-09
2.33752379e-06	6.000173e-09
2.33754249e-06	6.144296e-09
2.33756119e-06	6.259235e-09
2.33757989e-06	7.421026e-09
2.33759859e-06	7.478892e-09
2.33761729e-06	6.559504e-09
2.33763599e-06	4.929419e-09
2.33765469e-06	6.455573e-09
2.33767339e-06	6.366771e-09
2.33769209e-06	6.145267e-09
2.33771079e-06	5.516935e-09
2.33772950e-06	3.971376e-09
2.33774820e-06	1.726624e-09
2.33776690e-06	4.192121e-09
2.33778560e-06	6.184278e-09
2.33780431e-06	6.459666e-09
2.33782301e-06	6.570644e-09
2.33784171e-06	5.930641e-09
2.33786041e-06	6.085309e-09
2.33787912e-06	6.306106e-09
2.33789782e-06	5.406802e-09
2.33791652e-06	3.160997e-09
2.33793523e-06	4.465744e-10
2.33795393e-06	1.133458e-09
2.33797263e-06	3.652883e-09
2.33799134e-06	5.268843e-09
2.33801004e-06	6.013854e-09
2.33802874e-06	5.407129e-09
2.33804745e-06	4.435528e-09
2.33806615e-06	5.894993e-09
2.33808486e-06	5.871362e-09
2.33810356e-06	6.483421e-09
2.33812227e-06	5.494134e-09
2.33814097e-06	5.916399e-09
2.33815968e-06	6.115469e-09
2.33817838e-06	5.157137e-09
2.33819709e-06	4.089471e-09
2.33821579e-06	4.759996e-09
2.33823450e-06	2.206094e-09
2.33825321e-06	5.169364e-09
2.33827191e-06	5.663625e-09
2.33829062e-06	5.609355e-09
2.33830932e-06	5.339404e-09
2.33832803e-06	3.185324e-09
2.33834674e-06	3.247399e-09
2.33836544e-06	6.183213e-09
2.33838415e-06	5.907975e-09
2.33840286e-06	6.726954e-09
2.33842156e-06	6.515099e-09
2.33844027e-06	5.012109e-09
2.33845898e-06	2.836489e-09
2.33847769e-06	4.507013e-09
2.33849639e-06	5.611713e-09
2.33851510e-06	5.556239e-09
2.33853381e-06	4.359198e-09
2.33855252e-06	5.009915e-09
2.33857123e-06	5.068778e-09
2.33858994e-06	4.122176e-09
2.33860864e-06	4.698888e-09
2.33862735e-06	6.187245e-09
2.33864606e-06	6.014180e-09
2.33866477e-06	5.704347e-09
2.33868348e-06	4.361807e-09
2.33870219e-06	4.162252e-09
2.33872090e-06	2.117381e-09
2.33873961e-06	1.536768e-09
2.33875832e-06	3.699815e-09
2.33877703e-06	4.363727e-09
2.33879574e-06	6.244587e-09
2.33881445e-06	6.651834e-09
2.33883316e-06	7.159318e-09
2.33885187e-06	7.304916e-09
2.33887058e-06	5.486023e-09
2.33888929e-06	5.883271e-09
2.33890800e-06	5.811430e-09
2.33892672e-06	5.247395e-09
2.33894543e-06	3.101452e-09
2.33896414e-06	2.715677e-09
2.33898285e-06	5.523811e-09
2.33900156e-06	5.724460e-09
2.33902027e-06	5.324615e-09
2.33903899e-06	5.059215e-09
2.33905770e-06	3.578878e-09
2.33907641e-06	4.213378e-10
2.33909512e-06	8.353117e-10
2.33911384e-06	4.196349e-09
2.33913255e-06	5.548193e-09
2.33915126e-06	5.510456e-09
2.33916998e-06	5.385384e-09
2.33918869e-06	3.721277e-09
2.33920740e-06	4.253450e-09
2.33922612e-06	4.986896e-09
2.33924483e-06	5.837227e-09
2.33926354e-06	6.242110e-09
2.33928226e-06	4.769935e-09
2.33930097e-06	2.322644e-09
2.33931969e-06	3.186178e-10
2.33933840e-06	1.065848e-09
2.33935712e-06	4.796206e-09
2.33937583e-06	5.892757e-09
2.33939455e-06	6.084109e-09
2.33941326e-06	6.438373e-09
2.33943198e-06	6.434425e-09
2.33945069e-06	5.353411e-09
2.33946941e-06	2.869958e-09
2.33948812e-06	3.957569e-09
2.33950684e-06	6.297171e-09
2.33952556e-06	6.939339e-09
2.33954427e-06	6.926931e-09
2.33956299e-06	6.086456e-09
2.33958171e-06	5.550405e-09
2.33960042e-06	2.967693e-09
2.33961914e-06	2.373153e-09
2.33963785e-06	5.003055e-09
2.33965657e-06	3.764146e-09
2.33967529e-06	3.069298e-09
2.33969401e-06	6.451919e-09
2.33971272e-06	6.490661e-09
2.33973144e-06	5.250902e-09
2.33975016e-06	3.921632e-09
2.33976888e-06	5.551038e-09
2.33978760e-06	5.942432e-09
2.33980631e-06	5.903348e-09
2.33982503e-06	6.806195e-09
2.33984375e-06	6.040054e-09
2.33986247e-06	2.812135e-09
2.33988119e-06	5.274803e-10
2.33989991e-06	6.736988e-10
2.33991863e-06	3.836223e-09
2.33993735e-06	6.320336e-09
2.33995607e-06	5.491079e-09
2.33997479e-06	6.752564e-09
2.33999351e-06	7.033586e-09
2.34001223e-06	5.504711e-09
2.34003095e-06	2.928842e-09
2.34004967e-06	3.255983e-09
2.34006839e-06	3.274815e-09
2.34008711e-06	4.314194e-09
2.34010583e-06	5.940358e-09
2.34012455e-06	3.931133e-09
2.34014327e-06	5.121150e-09
2.34016199e-06	4.381905e-09
2.34018071e-06	4.537625e-09
2.34019943e-06	5.386184e-09
2.34021815e-06	5.828097e-09
2.34023688e-06	4.595323e-09
2.34025560e-06	6.179479e-10
2.34027432e-06	4.603447e-10
2.34029304e-06	2.324087e-09
2.34031177e-06	4.692672e-09
2.34033049e-06	5.517527e-09
2.34034921e-06	3.597774e-09
2.34036793e-06	2.119907e-09
2.34038666e-06	2.297828e-09
2.34040538e-06	2.173733e-09
2.34042410e-06	2.341125e-09
2.34044283e-06	1.924192e-09
2.34046155e-06	5.037819e-09
2.34048027e-06	6.494573e-09
2.34049900e-06	6.057583e-09
2.34051772e-06	2.361949e-09
2.34053644e-06	2.984768e-09
2.34055517e-06	4.799300e-09
2.34057389e-06	3.394449e-09
2.34059262e-06	4.485441e-09
2.34061134e-06	3.555493e-09
2.34063007e-06	2.928482e-09
2.34064879e-06	5.267829e-09
2.34066752e-06	3.976424e-09
2.34068624e-06	5.229967e-09
2.34070497e-06	7.375235e-09
2.34072369e-06	7.319276e-09
2.34074242e-06	7.239974e-09
2.34076115e-06	7.415117e-09
2.34077987e-06	6.160974e-09
2.34079860e-06	6.947324e-09
2.34081733e-06	6.383703e-09
2.34083605e-06	5.527274e-09
2.34085478e-06	6.504866e-09
2.34087350e-06	6.190757e-09
2.34089223e-06	6.081276e-09
2.34091096e-06	6.500016e-09
2.34092969e-06	6.258878e-09
2.34094841e-06	7.410870e-09
2.34096714e-06	6.789328e-09
2.34098587e-06	6.295696e-09
2.34100460e-06	6.301828e-09
2.34102333e-06	6.179963e-09
2.34104205e-06	5.347498e-09
2.34106078e-06	2.244878e-09
2.34107951e-06	6.514100e-10
2.34109824e-06	2.943944e-09
2.34111697e-06	4.631679e-09
2.34113570e-06	2.719205e-09
2.34115443e-06	5.105055e-10
2.34117315e-06	3.692277e-09
2.34119188e-06	5.762379e-09
2.34121061e-06	5.846216e-09
2.34122934e-06	5.386462e-09
2.34124807e-06	4.314693e-09
2.34126680e-06	4.500981e-10
2.34128553e-06	4.888594e-10
2.34130426e-06	4.879575e-09
2.34132299e-06	5.841997e-09
2.34134172e-06	3.912034e-09
2.34136045e-06	1.327196e-09
2.34137919e-06	4.813745e-09
2.34139792e-06	6.026866e-09
2.34141665e-06	5.426465e-09
2.34143538e-06	5.032162e-09
2.34145411e-06	3.641660e-09
2.34147284e-06	2.281337e-09
2.34149158e-06	3.627110e-10
2.34151031e-06	2.095554e-09
2.34152904e-06	4.613143e-09
2.34154777e-06	4.080181e-09
2.34156650e-06	4.799606e-09
2.34158524e-06	5.470615e-09
2.34160397e-06	6.705383e-09
2.34162270e-06	6.842641e-09
2.34164143e-06	6.923138e-09
2.34166017e-06	6.568364e-09
2.34167890e-06	5.055355e-09
2.34169763e-06	1.968278e-09
2.34171637e-06	1.967108e-09
2.34173510e-06	4.506259e-09
2.34175384e-06	5.605767e-09
2.34177257e-06	6.857762e-09
2.34179130e-06	6.261477e-09
2.34181004e-06	6.924309e-09
2.34182877e-06	6.798494e-09
2.34184751e-06	4.983311e-09
2.34186624e-06	3.017156e-09
2.34188498e-06	2.104409e-09
2.34190371e-06	5.046831e-09
2.34192245e-06	4.613154e-09
2.34194118e-06	3.443404e-09
2.34195992e-06	4.270123e-09
2.34197865e-06	5.247308e-09
2.34199739e-06	5.811709e-09
2.34201613e-06	5.289525e-09
2.34203486e-06	1.764145e-09
2.34205360e-06	4.267043e-10
2.34207233e-06	3.125283e-09
2.34209107e-06	4.846945e-09
2.34210981e-06	6.446474e-09
2.34212855e-06	6.958105e-09
2.34214728e-06	6.115764e-09
2.34216602e-06	4.709269e-09
2.34218476e-06	5.182315e-09
2.34220349e-06	6.799611e-09
2.34222223e-06	7.514008e-09
2.34224097e-06	7.613723e-09
2.34225971e-06	7.728723e-09
2.34227844e-06	8.093844e-09
2.34229718e-06	8.362364e-09
2.34231592e-06	7.603604e-09
2.34233466e-06	6.915592e-09
2.34235340e-06	7.574228e-09
2.34237214e-06	6.502165e-09
2.34239088e-06	5.987647e-09
2.34240962e-06	6.284890e-09
2.34242835e-06	6.104632e-09
2.34244709e-06	3.378626e-09
2.34246583e-06	4.870336e-09
2.34248457e-06	6.839946e-09
2.34250331e-06	7.380581e-09
2.34252205e-06	7.429681e-09
2.34254079e-06	5.401200e-09
2.34255953e-06	3.945524e-09
2.34257827e-06	4.732551e-09
2.34259702e-06	4.578977e-09
2.34261576e-06	5.548343e-09
2.34263450e-06	6.780848e-09
2.34265324e-06	6.970447e-09
2.34267198e-06	5.967174e-09
2.34269072e-06	4.898084e-09
2.34270946e-06	5.861027e-09
2.34272820e-06	4.560025e-09
2.34274695e-06	5.779068e-10
2.34276569e-06	4.357117e-10
2.34278443e-06	3.340029e-09
2.34280317e-06	5.327789e-09
2.34282191e-06	5.938287e-09
2.34284066e-06	4.457152e-09
2.34285940e-06	4.170294e-09
2.34287814e-06	4.861792e-09
2.34289689e-06	5.514225e-09
2.34291563e-06	6.421595e-09
2.34293437e-06	6.872672e-09
2.34295312e-06	6.935241e-09
2.34297186e-06	6.289016e-09
2.34299060e-06	5.284780e-09
2.34300935e-06	6.350903e-09
2.34302809e-06	7.231583e-09
2.34304684e-06	6.327201e-09
2.34306558e-06	5.078065e-09
2.34308432e-06	6.396639e-09
2.34310307e-06	7.032000e-09
2.34312181e-06	6.801930e-09
2.34314056e-06	6.706085e-09
2.34315930e-06	4.558537e-09
2.34317805e-06	5.563290e-09
2.34319679e-06	6.429477e-09
2.34321554e-06	5.120712e-09
2.34323429e-06	2.798497e-09
2.34325303e-06	2.106708e-09
2.34327178e-06	3.448003e-10
2.34329052e-06	3.379057e-09
2.34330927e-06	4.884058e-09
2.34332802e-06	6.373310e-09
2.34334676e-06	7.358571e-09
2.34336551e-06	7.133120e-09
2.34338426e-06	5.535571e-09
2.34340300e-06	6.272895e-09
2.34342175e-06	5.441903e-09
2.34344050e-06	5.274124e-09
2.34345925e-06	5.219282e-09
2.34347799e-06	2.945982e-09
2.34349674e-06	2.076680e-09
2.34351549e-06	4.971089e-09
2.34353424e-06	6.068024e-09
2.34355299e-06	5.952774e-09
2.34357173e-06	5.970187e-09
2.34359048e-06	4.734784e-09
2.34360923e-06	2.018307e-09
2.34362798e-06	1.486580e-09
2.34364673e-06	4.708216e-09
2.34366548e-06	3.211583e-09
2.34368423e-06	8.146739e-10
2.34370298e-06	2.126794e-09
2.34372173e-06	4.125083e-09
2.34374048e-06	6.433753e-09
2.34375923e-06	5.864051e-09
2.34377798e-06	5.968038e-09
2.34379673e-06	6.350030e-09
2.34381548e-06	3.490028e-09
2.34383423e-06	2.048830e-09
2.34385298e-06	4.268707e-09
2.34387173e-06	5.038785e-09
2.34389048e-06	6.534064e-09
2.34390923e-06	5.865658e-09
2.34392798e-06	5.695112e-09
2.34394673e-06	6.983262e-09
2.34396549e-06	6.477068e-09
2.34398424e-06	4.659131e-09
2.34400299e-06	5.616759e-09
2.34402174e-06	4.387013e-09
2.34404049e-06	3.347354e-09
2.34405925e-06	4.425374e-10
2.34407800e-06	6.597016e-10
2.34409675e-06	4.069257e-09
2.34411550e-06	5.170258e-09
2.34413426e-06	4.954155e-09
2.34415301e-06	5.791551e-09
2.34417176e-06	6.637850e-09
2.34419052e-06	6.710692e-09
2.34420927e-06	6.290477e-09
2.34422802e-06	6.404300e-09
2.34424678e-06	6.644702e-09
2.34426553e-06	7.021740e-09
2.34428429e-06	5.352698e-09
2.34430304e-06	5.187683e-09
2.34432179e-06	4.108335e-09
2.34434055e-06	5.117988e-09
2.34435930e-06	6.368749e-09
2.34437806e-06	6.126891e-09
2.34439681e-06	5.446941e-09
2.34441557e-06	5.231399e-09
2.34443432e-06	5.005821e-09
2.34445308e-06	1.848476e-09
2.34447183e-06	2.388805e-09
2.34449059e-06	4.405638e-09
2.34450935e-06	3.218657e-09
2.34452810e-06	4.426344e-09
2.34454686e-06	5.321511e-09
2.34456562e-06	4.582411e-09
2.34458437e-06	4.853185e-09
2.34460313e-06	6.168759e-09
2.34462189e-06	6.559391e-09
2.34464064e-06	5.849083e-09
2.34465940e-06	5.247790e-09
2.34467816e-06	3.758660e-09
2.34469691e-06	5.141734e-10
2.34471567e-06	4.906580e-10
2.34473443e-06	3.687454e-09
2.34475319e-06	4.460919e-09
2.34477195e-06	2.976560e-09
2.34479070e-06	7.650340e-10
2.34480946e-06	1.521951e-09
2.34482822e-06	3.384158e-09
2.34484698e-06	5.978666e-09
2.34486574e-06	5.848744e-09
2.34488450e-06	3.740217e-09
2.34490326e-06	4.083983e-09
2.34492202e-06	4.393488e-09
2.34494077e-06	4.949313e-09
2.34495953e-06	2.740961e-09
2.34497829e-06	4.585345e-09
2.34499705e-06	5.419148e-09
2.34501581e-06	3.595704e-09
2.34503457e-06	4.620418e-10
2.34505333e-06	8.184112e-10
2.34507209e-06	3.818797e-09
2.34509086e-06	3.112570e-09
2.34510962e-06	5.331698e-09
2.34512838e-06	6.768724e-09
2.34514714e-06	7.102861e-09
2.34516590e-06	6.456150e-09
2.34518466e-06	5.716629e-09
2.34520342e-06	5.544194e-09
2.34522218e-06	3.736694e-09
2.34524094e-06	2.216236e-09
2.34525971e-06	4.305303e-09
2.34527847e-06	4.205656e-09
2.34529723e-06	5.812503e-10
2.34531599e-06	1.052097e-09
2.34533476e-06	4.644824e-09
2.34535352e-06	5.141044e-09
2.34537228e-06	3.599319e-09
2.34539104e-06	3.318289e-09
2.34540981e-06	4.170268e-10
2.34542857e-06	7.202295e-10
2.34544733e-06	1.913506e-09
2.34546610e-06	3.196060e-09
2.34548486e-06	1.681817e-09
2.34550363e-06	2.845426e-09
2.34552239e-06	5.879856e-09
2.34554115e-06	6.113384e-09
2.34555992e-06	4.796697e-09
2.34557868e-06	5.974826e-09
2.34559745e-06	6.354095e-09
2.34561621e-06	2.343488e-09
2.34563498e-06	2.892198e-09
2.34565374e-06	5.929091e-09
2.34567251e-06	7.310213e-09
2.34569127e-06	6.568868e-09
2.34571004e-06	5.895443e-09
2.34572880e-06	7.086898e-09
2.34574757e-06	5.725950e-09
2.34576634e-06	5.690548e-09
2.34578510e-06	7.758991e-09
2.34580387e-06	8.114894e-09
2.34582263e-06	7.189691e-09
2.34584140e-06	4.854606e-09
2.34586017e-06	5.454566e-09
2.34587894e-06	7.548945e-09
2.34589770e-06	7.478565e-09
2.34591647e-06	7.584892e-09
2.34593524e-06	7.400387e-09
2.34595400e-06	6.897160e-09
2.34597277e-06	5.316812e-09
2.34599154e-06	4.395336e-09
2.34601031e-06	7.203474e-09
2.34602908e-06	7.973347e-09
2.34604784e-06	6.074429e-09
2.34606661e-06	5.267633e-09
2.34608538e-06	6.360354e-09
2.34610415e-06	5.741125e-09
2.34612292e-06	5.661698e-09
2.34614169e-06	6.766947e-09
2.34616046e-06	5.951831e-09
2.34617923e-06	4.225772e-09
2.34619800e-06	6.471713e-09
2.34621676e-06	7.355009e-09
2.34623553e-06	6.965245e-09
2.34625430e-06	6.642156e-09
2.34627307e-06	6.953383e-09
2.34629184e-06	7.214206e-09
2.34631061e-06	5.580971e-09
2.34632938e-06	5.405305e-09
2.34634816e-06	5.162291e-09
2.34636693e-06	5.386969e-09
2.34638570e-06	5.956077e-09
2.34640447e-06	5.510625e-09
2.34642324e-06	4.640296e-09
2.34644201e-06	1.290541e-09
2.34646078e-06	4.262445e-10
2.34647955e-06	3.184342e-09
2.34649833e-06	5.196176e-09
2.34651710e-06	6.128690e-09
2.34653587e-06	5.667824e-09
2.34655464e-06	6.648994e-09
2.34657341e-06	7.253421e-09
2.34659219e-06	6.599163e-09
2.34661096e-06	5.933357e-09
2.34662973e-06	6.082488e-09
2.34664851e-06	5.356317e-09
2.34666728e-06	5.529995e-09
2.34668605e-06	6.829470e-09
2.34670483e-06	7.254633e-09
2.34672360e-06	6.707657e-09
2.34674237e-06	6.439268e-09
2.34676115e-06	5.509305e-09
2.34677992e-06	3.870730e-09
2.34679870e-06	5.146873e-10
2.34681747e-06	5.877332e-10
2.34683625e-06	4.294235e-09
2.34685502e-06	5.449996e-09
2.34687379e-06	5.271587e-09
2.34689257e-06	2.580491e-09
2.34691134e-06	1.491500e-09
2.34693012e-06	2.794547e-09
2.34694889e-06	4.684745e-09
2.34696767e-06	5.749244e-09
2.34698645e-06	6.748860e-09
2.34700522e-06	6.449609e-09
2.34702400e-06	6.341657e-09
2.34704277e-06	6.945188e-09
2.34706155e-06	6.922443e-09
2.34708033e-06	7.319696e-09
2.34709910e-06	7.805078e-09
2.34711788e-06	7.417644e-09
2.34713666e-06	6.811892e-09
2.34715543e-06	4.839064e-09
2.34717421e-06	3.828573e-09
2.34719299e-06	2.170846e-09
2.34721177e-06	5.022008e-09
2.34723054e-06	5.292430e-09
2.34724932e-06	5.324219e-09
2.34726810e-06	5.777735e-09
2.34728688e-06	4.867186e-09
2.34730566e-06	4.818911e-09
2.34732444e-06	2.442482e-09
2.34734321e-06	5.852437e-09
2.34736199e-06	6.813232e-09
2.34738077e-06	6.722028e-09
2.34739955e-06	5.073442e-09
2.34741833e-06	2.906482e-09
2.34743711e-06	3.887940e-09
2.34745589e-06	6.208401e-09
2.34747467e-06	6.468216e-09
2.34749345e-06	4.387026e-09
2.34751223e-06	1.406886e-09
2.34753101e-06	3.350315e-09
2.34754979e-06	2.613193e-09
2.34756857e-06	3.265819e-09
2.34758735e-06	4.815416e-09
2.34760613e-06	6.327265e-09
2.34762491e-06	6.708817e-09
2.34764369e-06	4.990816e-09
2.34766247e-06	2.298174e-09
2.34768125e-06	3.909022e-09
2.34770004e-06	4.435710e-09
2.34771882e-06	4.036621e-09
2.34773760e-06	3.801892e-09
2.34775638e-06	4.886557e-09
2.34777516e-06	3.961623e-09
2.34779395e-06	5.116591e-09
2.34781273e-06	5.623223e-09
2.34783151e-06	5.962249e-09
2.34785029e-06	7.528201e-09
2.34786908e-06	6.857261e-09
2.34788786e-06	6.590472e-09
2.34790664e-06	7.603719e-09
2.34792542e-06	7.682595e-09
2.34794421e-06	7.160433e-09
2.34796299e-06	6.559778e-09
2.34798178e-06	7.050382e-09
2.34800056e-06	7.253640e-09
2.34801934e-06	6.122060e-09
2.34803813e-06	6.985255e-09
2.34805691e-06	7.035742e-09
2.34807570e-06	6.591179e-09
2.34809448e-06	5.970376e-09
2.34811327e-06	5.035933e-09
2.34813205e-06	4.269917e-09
2.34815084e-06	4.428023e-09
2.34816962e-06	6.024574e-09
2.34818841e-06	5.873616e-09
2.34820719e-06	4.733049e-09
2.34822598e-06	1.086314e-09
2.34824476e-06	3.893062e-10
2.34826355e-06	3.222073e-09
2.34828234e-06	5.172717e-09
2.34830112e-06	6.124915e-09
2.34831991e-06	6.821143e-09
2.34833869e-06	6.167428e-09
2.34835748e-06	6.390065e-09
2.34837627e-06	6.108479e-09
2.34839506e-06	6.797878e-09
2.34841384e-06	5.999231e-09
2.34843263e-06	5.601999e-09
2.34845142e-06	5.599537e-09
2.34847021e-06	6.925510e-09
2.34848899e-06	6.646254e-09
2.34850778e-06	6.600790e-09
2.34852657e-06	4.977336e-09
2.34854536e-06	4.854643e-09
2.34856415e-06	5.862066e-09
2.34858293e-06	6.207577e-09
2.34860172e-06	6.056517e-09
2.34862051e-06	7.473224e-09
2.34863930e-06	7.306968e-09
2.34865809e-06	6.074903e-09
2.34867688e-06	2.895153e-09
2.34869567e-06	3.293296e-09
2.34871446e-06	5.338404e-09
2.34873325e-06	5.196044e-09
2.34875204e-06	7.148607e-09
2.34877083e-06	7.590811e-09
2.34878962e-06	6.302084e-09
2.34880841e-06	5.337629e-09
2.34882720e-06	4.752033e-09
2.34884599e-06	4.844870e-09
2.34886478e-06	6.557497e-09
2.34888357e-06	6.393094e-09
2.34890236e-06	6.848329e-09
2.34892115e-06	7.609448e-09
2.34893994e-06	7.487252e-09
2.34895873e-06	4.652144e-09
2.34897753e-06	5.772522e-09
2.34899632e-06	4.873761e-09
2.34901511e-06	4.087563e-09
2.34903390e-06	6.666132e-09
2.34905269e-06	6.830460e-09
2.34907149e-06	6.846584e-09
2.34909028e-06	6.240792e-09
2.34910907e-06	5.586195e-09
2.34912787e-06	6.416293e-09
2.34914666e-06	6.128552e-09
2.34916545e-06	5.081031e-09
2.34918425e-06	5.791199e-09
2.34920304e-06	4.770278e-09
2.34922183e-06	5.345068e-09
2.34924063e-06	4.964292e-09
2.34925942e-06	6.479143e-09
2.34927821e-06	7.004857e-09
2.34929701e-06	3.977626e-09
2.34931580e-06	4.649626e-09
2.34933460e-06	5.059226e-09
2.34935339e-06	3.538394e-09
2.34937219e-06	2.249914e-09
2.34939098e-06	4.306512e-09
2.34940978e-06	4.930223e-09
2.34942857e-06	2.029908e-09
2.34944737e-06	4.932195e-09
2.34946616e-06	5.496438e-09
2.34948496e-06	3.658252e-09
2.34950375e-06	3.916219e-10
2.34952255e-06	3.163746e-09
2.34954135e-06	5.954657e-09
2.34956014e-06	6.505335e-09
2.34957894e-06	5.590900e-09
2.34959774e-06	6.636982e-09
2.34961653e-06	4.664762e-09
2.34963533e-06	3.724135e-09
2.34965413e-06	4.869240e-09
2.34967292e-06	3.402918e-09
2.34969172e-06	2.976347e-09
2.34971052e-06	3.973874e-10
2.34972932e-06	1.245536e-09
2.34974812e-06	3.651698e-09
2.34976691e-06	1.165971e-09
2.34978571e-06	3.870469e-09
2.34980451e-06	4.558810e-09
2.34982331e-06	3.456721e-09
2.34984211e-06	8.264092e-10
2.34986090e-06	2.959005e-09
2.34987970e-06	4.118397e-09
2.34989850e-06	4.830730e-09
2.34991730e-06	6.744248e-09
2.34993610e-06	6.522965e-09
2.34995490e-06	6.934113e-09
2.34997370e-06	5.556677e-09
