2.30001633e-06	6.874065e-09
2.30003473e-06	4.654536e-09
2.30005313e-06	6.521448e-09
2.30007153e-06	5.290731e-09
2.30008993e-06	4.810173e-09
2.30010833e-06	7.317529e-09
2.30012673e-06	7.702159e-09
2.30014513e-06	7.590666e-09
2.30016353e-06	7.136662e-09
2.30018194e-06	7.422053e-09
2.30020034e-06	7.559086e-09
2.30021874e-06	8.170990e-09
2.30023714e-06	7.534950e-09
2.30025554e-06	6.723032e-09
2.30027395e-06	6.600979e-09
2.30029235e-06	5.916714e-09
2.30031075e-06	6.569146e-09
2.30032915e-06	7.072578e-09
2.30034756e-06	7.625958e-09
2.30036596e-06	6.367750e-09
2.30038436e-06	5.546659e-09
2.30040276e-06	6.199462e-09
2.30042117e-06	6.067722e-09
2.30043957e-06	6.527300e-09
2.30045797e-06	6.600553e-09
2.30047638e-06	5.444019e-09
2.30049478e-06	3.750436e-09
2.30051319e-06	3.141856e-09
2.30053159e-06	1.178086e-09
2.30054999e-06	3.956462e-10
2.30056840e-06	3.801019e-09
2.30058680e-06	4.530082e-09
2.30060521e-06	1.632870e-09
2.30062361e-06	3.565534e-09
2.30064202e-06	5.416776e-09
2.30066042e-06	5.653757e-09
2.30067883e-06	6.218902e-09
2.30069723e-06	6.225219e-09
2.30071564e-06	5.093630e-09
2.30073404e-06	1.144394e-09
2.30075245e-06	1.508445e-09
2.30077086e-06	5.570707e-09
2.30078926e-06	6.292007e-09
2.30080767e-06	6.632468e-09
2.30082608e-06	6.594154e-09
2.30084448e-06	6.765230e-09
2.30086289e-06	6.758868e-09
2.30088129e-06	6.736168e-09
2.30089970e-06	6.643794e-09
2.30091811e-06	6.795883e-09
2.30093652e-06	6.887205e-09
2.30095492e-06	6.969112e-09
2.30097333e-06	5.300533e-09
2.30099174e-06	4.873849e-09
2.30101015e-06	5.201019e-09
2.30102856e-06	5.313532e-09
2.30104696e-06	6.370520e-09
2.30106537e-06	6.162872e-09
2.30108378e-06	3.261489e-09
2.30110219e-06	1.581649e-09
2.30112060e-06	5.251354e-09
2.30113901e-06	6.711505e-09
2.30115742e-06	7.254368e-09
2.30117583e-06	7.040716e-09
2.30119423e-06	5.644401e-09
2.30121265e-06	4.805692e-09
2.30123105e-06	6.088943e-09
2.30124946e-06	6.035968e-09
2.30126787e-06	5.608553e-09
2.30128628e-06	3.425382e-09
2.30130469e-06	6.548047e-10
2.30132310e-06	4.231843e-10
2.30134152e-06	2.262606e-09
2.30135993e-06	3.836065e-09
2.30137834e-06	4.414042e-09
2.30139675e-06	1.381296e-09
2.30141516e-06	3.150994e-09
2.30143357e-06	6.547300e-09
2.30145198e-06	6.948829e-09
2.30147039e-06	5.457126e-09
2.30148881e-06	1.831133e-09
2.30150722e-06	1.187175e-09
2.30152563e-06	5.212509e-09
2.30154404e-06	6.680329e-09
2.30156245e-06	6.824804e-09
2.30158087e-06	6.583796e-09
2.30159928e-06	7.271119e-09
2.30161769e-06	7.289694e-09
2.30163611e-06	5.991942e-09
2.30165452e-06	5.520698e-09
2.30167293e-06	5.726127e-09
2.30169135e-06	6.681421e-09
2.30170976e-06	7.224765e-09
2.30172817e-06	7.725027e-09
2.30174659e-06	7.301439e-09
2.30176500e-06	6.134388e-09
2.30178341e-06	7.462119e-09
2.30180183e-06	7.076516e-09
2.30182024e-06	6.034222e-09
2.30183866e-06	6.977343e-09
2.30185707e-06	6.445398e-09
2.30187549e-06	5.952518e-09
2.30189390e-06	6.597150e-09
2.30191232e-06	7.520474e-09
2.30193073e-06	7.197668e-09
2.30194915e-06	7.048646e-09
2.30196756e-06	7.620612e-09
2.30198598e-06	7.333392e-09
2.30200440e-06	6.637153e-09
2.30202281e-06	5.120290e-09
2.30204123e-06	5.290259e-09
2.30205964e-06	5.984407e-09
2.30207806e-06	5.927310e-09
2.30209648e-06	4.762187e-09
2.30211489e-06	7.761933e-10
2.30213331e-06	4.185789e-10
2.30215173e-06	3.574881e-09
2.30217014e-06	5.820631e-09
2.30218856e-06	6.532260e-09
2.30220698e-06	6.980974e-09
2.30222540e-06	6.799870e-09
2.30224381e-06	6.924989e-09
2.30226223e-06	5.756133e-09
2.30228065e-06	4.965831e-09
2.30229907e-06	6.562264e-09
2.30231749e-06	6.780826e-09
2.30233591e-06	7.060996e-09
2.30235433e-06	7.606162e-09
2.30237274e-06	7.806438e-09
2.30239116e-06	7.956160e-09
2.30240958e-06	7.292969e-09
2.30242800e-06	6.931743e-09
2.30244642e-06	7.337306e-09
2.30246484e-06	7.414166e-09
2.30248326e-06	7.448636e-09
2.30250168e-06	7.334949e-09
2.30252010e-06	7.140810e-09
2.30253852e-06	6.499193e-09
2.30255694e-06	7.102510e-09
2.30257536e-06	7.417180e-09
2.30259378e-06	7.418057e-09
2.30261220e-06	7.052344e-09
2.30263062e-06	7.106588e-09
2.30264904e-06	6.882257e-09
2.30266747e-06	6.875057e-09
2.30268589e-06	7.644809e-09
2.30270431e-06	7.325521e-09
2.30272273e-06	6.665765e-09
2.30274115e-06	5.554795e-09
2.30275957e-06	1.658958e-09
2.30277800e-06	2.313175e-09
2.30279642e-06	4.255930e-09
2.30281484e-06	4.155939e-09
2.30283326e-06	6.386232e-09
2.30285168e-06	6.574401e-09
2.30287011e-06	6.973994e-09
2.30288853e-06	6.822060e-09
2.30290695e-06	6.036100e-09
2.30292538e-06	5.250608e-09
2.30294380e-06	5.043605e-09
2.30296222e-06	1.875057e-09
2.30298065e-06	3.545662e-10
2.30299907e-06	1.270877e-09
2.30301750e-06	3.524594e-09
2.30303592e-06	4.692255e-09
2.30305434e-06	6.359672e-09
2.30307277e-06	6.645931e-09
2.30309119e-06	6.720600e-09
2.30310962e-06	6.309799e-09
2.30312804e-06	5.159751e-09
2.30314647e-06	6.845803e-09
2.30316489e-06	7.418726e-09
2.30318332e-06	6.570527e-09
2.30320174e-06	3.724323e-09
2.30322017e-06	4.649035e-09
2.30323860e-06	7.564789e-09
2.30325702e-06	7.681944e-09
2.30327545e-06	7.115740e-09
2.30329387e-06	6.043528e-09
2.30331230e-06	3.628848e-09
2.30333073e-06	3.183887e-09
2.30334915e-06	4.124056e-09
2.30336758e-06	5.746584e-09
2.30338601e-06	7.410931e-09
2.30340443e-06	7.861081e-09
2.30342286e-06	8.547665e-09
2.30344129e-06	8.114962e-09
2.30345972e-06	7.405938e-09
2.30347814e-06	7.503319e-09
2.30349657e-06	7.742246e-09
2.30351500e-06	7.776459e-09
2.30353343e-06	6.846656e-09
2.30355186e-06	6.431857e-09
2.30357028e-06	5.864088e-09
2.30358871e-06	4.240059e-09
2.30360714e-06	4.641844e-09
2.30362557e-06	5.963750e-09
2.30364400e-06	6.433526e-09
2.30366243e-06	7.406888e-09
2.30368086e-06	7.089886e-09
2.30369929e-06	7.015185e-09
2.30371772e-06	6.362671e-09
2.30373615e-06	4.945223e-09
2.30375458e-06	4.645955e-09
2.30377301e-06	4.110605e-09
2.30379144e-06	5.148491e-09
2.30380987e-06	4.527231e-09
2.30382830e-06	4.395542e-09
2.30384673e-06	3.564344e-09
2.30386516e-06	4.072064e-10
2.30388359e-06	5.855245e-10
2.30390202e-06	3.557318e-09
2.30392045e-06	3.851621e-09
2.30393888e-06	5.502942e-09
2.30395731e-06	5.476030e-09
2.30397575e-06	6.195181e-09
2.30399418e-06	6.858653e-09
2.30401261e-06	6.912652e-09
2.30403104e-06	7.575413e-09
2.30404947e-06	7.257720e-09
2.30406791e-06	6.670242e-09
2.30408634e-06	6.628687e-09
2.30410477e-06	6.837721e-09
2.30412321e-06	7.651613e-09
2.30414164e-06	7.821021e-09
2.30416007e-06	7.146932e-09
2.30417850e-06	7.012536e-09
2.30419694e-06	7.078564e-09
2.30421537e-06	6.066634e-09
2.30423381e-06	6.198959e-09
2.30425224e-06	7.378558e-09
2.30427067e-06	6.801641e-09
2.30428911e-06	6.765982e-09
2.30430754e-06	6.960347e-09
2.30432598e-06	6.158073e-09
2.30434441e-06	6.987522e-09
2.30436285e-06	7.845608e-09
2.30438128e-06	8.674956e-09
2.30439971e-06	8.260468e-09
2.30441815e-06	8.277460e-09
2.30443659e-06	8.072970e-09
2.30445502e-06	6.892245e-09
2.30447346e-06	6.888468e-09
2.30449189e-06	6.672858e-09
2.30451033e-06	7.173874e-09
2.30452877e-06	7.205732e-09
2.30454720e-06	7.769217e-09
2.30456564e-06	7.405450e-09
2.30458407e-06	7.573759e-09
2.30460251e-06	7.548673e-09
2.30462095e-06	6.741133e-09
2.30463938e-06	6.115802e-09
2.30465782e-06	6.812023e-09
2.30467626e-06	7.386346e-09
2.30469470e-06	6.675843e-09
2.30471313e-06	5.591502e-09
2.30473157e-06	3.629847e-09
2.30475001e-06	4.207398e-09
2.30476845e-06	4.878650e-09
2.30478688e-06	1.528380e-09
2.30480532e-06	3.465704e-10
2.30482376e-06	2.293206e-09
2.30484220e-06	5.081612e-09
2.30486064e-06	5.031864e-09
2.30487908e-06	5.191989e-09
2.30489752e-06	5.899915e-09
2.30491596e-06	5.604266e-09
2.30493440e-06	2.537563e-09
2.30495284e-06	4.013309e-09
2.30497128e-06	3.643788e-09
2.30498972e-06	2.958719e-09
2.30500815e-06	5.120872e-09
2.30502660e-06	6.663439e-09
2.30504504e-06	5.597810e-09
2.30506347e-06	5.919811e-09
2.30508192e-06	6.135671e-09
2.30510036e-06	6.238874e-09
2.30511880e-06	6.503501e-09
2.30513724e-06	7.014220e-09
2.30515568e-06	6.667678e-09
2.30517412e-06	6.765974e-09
2.30519256e-06	7.131153e-09
2.30521100e-06	6.166986e-09
2.30522944e-06	6.587580e-09
2.30524789e-06	6.672711e-09
2.30526633e-06	6.699341e-09
2.30528477e-06	6.973971e-09
2.30530321e-06	7.123064e-09
2.30532166e-06	5.681736e-09
2.30534010e-06	6.062662e-09
2.30535854e-06	6.712468e-09
2.30537698e-06	6.439223e-09
2.30539543e-06	5.029639e-09
2.30541387e-06	1.228679e-09
2.30543231e-06	3.683683e-09
2.30545076e-06	5.714790e-09
2.30546920e-06	4.735326e-09
2.30548764e-06	2.384474e-09
2.30550609e-06	4.854089e-09
2.30552453e-06	6.936964e-09
2.30554298e-06	7.435086e-09
2.30556142e-06	7.179320e-09
2.30557987e-06	6.817853e-09
2.30559831e-06	6.676433e-09
2.30561675e-06	5.896768e-09
2.30563520e-06	1.757580e-09
2.30565365e-06	7.193482e-10
2.30567209e-06	4.083856e-09
2.30569054e-06	5.236520e-09
2.30570898e-06	5.945983e-09
2.30572743e-06	5.204509e-09
2.30574587e-06	4.312672e-09
2.30576432e-06	5.707465e-10
2.30578276e-06	3.810360e-10
2.30580121e-06	3.064019e-09
2.30581966e-06	5.562941e-09
2.30583810e-06	6.374037e-09
2.30585655e-06	5.574867e-09
2.30587500e-06	4.114776e-09
2.30589344e-06	3.514911e-09
2.30591189e-06	5.390580e-09
2.30593034e-06	6.359877e-09
2.30594879e-06	5.775873e-09
2.30596723e-06	5.855608e-09
2.30598568e-06	5.490622e-09
2.30600413e-06	6.688909e-09
2.30602258e-06	7.489562e-09
2.30604102e-06	7.785248e-09
2.30605947e-06	7.957474e-09
2.30607792e-06	7.657429e-09
2.30609637e-06	7.382782e-09
2.30611482e-06	7.017697e-09
2.30613327e-06	5.678934e-09
2.30615172e-06	5.572183e-09
2.30617017e-06	6.787349e-09
2.30618862e-06	6.113687e-09
2.30620707e-06	5.436282e-09
2.30622551e-06	6.158252e-09
2.30624396e-06	7.213257e-09
2.30626241e-06	7.166630e-09
2.30628087e-06	6.996952e-09
2.30629932e-06	7.424573e-09
2.30631777e-06	8.127547e-09
2.30633622e-06	7.426156e-09
2.30635467e-06	6.394364e-09
2.30637312e-06	6.999154e-09
2.30639157e-06	6.771425e-09
2.30641002e-06	6.402041e-09
2.30642847e-06	7.209000e-09
2.30644692e-06	5.599558e-09
2.30646537e-06	5.153973e-09
2.30648383e-06	5.583248e-09
2.30650228e-06	4.591098e-09
2.30652073e-06	4.253750e-09
2.30653918e-06	4.825630e-09
2.30655763e-06	5.486347e-09
2.30657609e-06	5.908149e-09
2.30659454e-06	6.299876e-09
2.30661299e-06	6.646012e-09
2.30663144e-06	4.702803e-09
2.30664990e-06	3.239027e-09
2.30666835e-06	1.311205e-09
2.30668681e-06	4.244111e-09
2.30670526e-06	5.440711e-09
2.30672371e-06	5.189508e-09
2.30674217e-06	5.315968e-09
2.30676062e-06	2.849847e-09
2.30677907e-06	4.438061e-10
2.30679753e-06	4.384190e-10
2.30681598e-06	3.892888e-09
2.30683444e-06	5.032716e-09
2.30685289e-06	4.445670e-09
2.30687135e-06	5.991003e-09
2.30688980e-06	6.256081e-09
2.30690826e-06	5.198097e-09
2.30692671e-06	4.910715e-09
2.30694517e-06	6.392024e-09
2.30696362e-06	6.693284e-09
2.30698208e-06	7.032702e-09
2.30700053e-06	7.403960e-09
2.30701899e-06	7.804064e-09
2.30703745e-06	7.225824e-09
2.30705590e-06	6.569998e-09
2.30707436e-06	7.537229e-09
2.30709282e-06	7.541200e-09
2.30711127e-06	7.753955e-09
2.30712973e-06	7.873499e-09
2.30714819e-06	7.973699e-09
2.30716664e-06	7.788598e-09
2.30718510e-06	7.900429e-09
2.30720356e-06	7.928455e-09
2.30722202e-06	7.237228e-09
2.30724047e-06	6.515776e-09
2.30725893e-06	6.633490e-09
2.30727739e-06	7.146462e-09
2.30729585e-06	5.491667e-09
2.30731431e-06	4.888976e-09
2.30733277e-06	6.806731e-09
2.30735122e-06	7.495098e-09
2.30736968e-06	6.960196e-09
2.30738814e-06	5.298384e-09
2.30740660e-06	5.995887e-09
2.30742506e-06	7.232108e-09
2.30744352e-06	7.789759e-09
2.30746198e-06	7.670953e-09
2.30748044e-06	6.927750e-09
2.30749890e-06	6.457266e-09
2.30751736e-06	5.139936e-09
2.30753582e-06	5.958937e-09
2.30755428e-06	6.592938e-09
2.30757274e-06	6.223044e-09
2.30759120e-06	5.565557e-09
2.30760966e-06	4.255419e-09
2.30762812e-06	1.734764e-09
2.30764658e-06	5.941860e-10
2.30766504e-06	3.266131e-09
2.30768351e-06	4.462632e-09
2.30770197e-06	6.120816e-09
2.30772043e-06	7.174205e-09
2.30773889e-06	7.093239e-09
2.30775735e-06	6.934132e-09
2.30777581e-06	6.392429e-09
2.30779428e-06	4.733332e-09
2.30781274e-06	3.592118e-09
2.30783120e-06	4.664051e-10
2.30784966e-06	4.013250e-10
2.30786813e-06	3.519007e-09
2.30788659e-06	5.492671e-09
2.30790505e-06	6.386105e-09
2.30792352e-06	6.476463e-09
2.30794198e-06	6.469701e-09
2.30796044e-06	7.107021e-09
2.30797891e-06	7.283176e-09
2.30799737e-06	6.921302e-09
2.30801583e-06	5.727723e-09
2.30803430e-06	5.209477e-09
2.30805276e-06	3.291107e-09
2.30807123e-06	5.168583e-09
2.30808969e-06	6.928039e-09
2.30810816e-06	7.121945e-09
2.30812662e-06	6.975893e-09
2.30814509e-06	7.543953e-09
2.30816355e-06	7.973326e-09
2.30818202e-06	7.507291e-09
2.30820048e-06	6.215311e-09
2.30821895e-06	6.459322e-09
2.30823741e-06	7.307696e-09
2.30825588e-06	7.559629e-09
2.30827434e-06	6.345889e-09
2.30829281e-06	5.714270e-09
2.30831128e-06	6.878341e-09
2.30832974e-06	7.186882e-09
2.30834821e-06	6.868931e-09
2.30836668e-06	6.532665e-09
2.30838514e-06	6.743439e-09
2.30840361e-06	7.411532e-09
2.30842208e-06	7.669508e-09
2.30844055e-06	7.798240e-09
2.30845901e-06	7.308760e-09
2.30847748e-06	6.357378e-09
2.30849595e-06	5.515036e-09
2.30851442e-06	4.749558e-09
2.30853288e-06	6.002202e-09
2.30855135e-06	6.899892e-09
2.30856982e-06	7.074946e-09
2.30858829e-06	7.183975e-09
2.30860676e-06	7.555942e-09
2.30862523e-06	7.848492e-09
2.30864370e-06	7.295432e-09
2.30866217e-06	7.398395e-09
2.30868063e-06	7.901814e-09
2.30869911e-06	7.348061e-09
2.30871757e-06	6.775180e-09
2.30873604e-06	6.326065e-09
2.30875451e-06	6.553104e-09
2.30877298e-06	7.355227e-09
2.30879145e-06	6.748798e-09
2.30880992e-06	5.624969e-09
2.30882840e-06	5.702493e-09
2.30884687e-06	6.667502e-09
2.30886534e-06	6.499139e-09
2.30888381e-06	5.202153e-09
2.30890228e-06	3.226708e-09
2.30892075e-06	5.984078e-10
2.30893922e-06	3.578632e-10
2.30895769e-06	2.763800e-09
2.30897616e-06	4.375506e-09
2.30899464e-06	3.202542e-09
2.30901311e-06	4.788483e-09
2.30903158e-06	6.329800e-09
2.30905005e-06	6.426011e-09
2.30906852e-06	5.630427e-09
2.30908700e-06	4.237646e-09
2.30910547e-06	4.370858e-09
2.30912394e-06	4.626765e-09
2.30914242e-06	6.017535e-09
2.30916089e-06	5.463225e-09
2.30917936e-06	6.100894e-09
2.30919784e-06	3.749221e-09
2.30921631e-06	4.082522e-09
2.30923478e-06	6.049185e-09
2.30925326e-06	6.821181e-09
2.30927173e-06	7.488684e-09
2.30929021e-06	7.310371e-09
2.30930868e-06	7.746520e-09
2.30932715e-06	7.300367e-09
2.30934563e-06	6.252072e-09
2.30936410e-06	3.373766e-09
2.30938258e-06	5.121577e-09
2.30940105e-06	7.112602e-09
2.30941953e-06	6.902234e-09
2.30943800e-06	6.486179e-09
2.30945648e-06	5.897078e-09
2.30947495e-06	5.488633e-09
2.30949343e-06	6.192393e-09
2.30951191e-06	5.994828e-09
2.30953038e-06	5.318427e-09
2.30954886e-06	5.975667e-09
2.30956733e-06	6.813356e-09
2.30958581e-06	7.166125e-09
2.30960429e-06	6.713269e-09
2.30962277e-06	6.565583e-09
2.30964124e-06	6.014975e-09
2.30965972e-06	2.293919e-09
2.30967820e-06	5.378334e-10
2.30969667e-06	2.940451e-09
2.30971515e-06	6.123533e-09
2.30973363e-06	6.892772e-09
2.30975211e-06	5.153316e-09
2.30977059e-06	1.789131e-09
2.30978906e-06	2.662906e-09
2.30980754e-06	2.826745e-09
2.30982602e-06	3.166177e-09
2.30984450e-06	2.023033e-09
2.30986298e-06	6.047560e-09
2.30988146e-06	6.768007e-09
2.30989994e-06	6.286530e-09
2.30991842e-06	5.954962e-09
2.30993689e-06	4.054449e-09
2.30995537e-06	5.261188e-09
2.30997385e-06	6.406742e-09
2.30999233e-06	5.629849e-09
2.31001081e-06	4.936619e-09
2.31002929e-06	5.015011e-09
2.31004777e-06	1.909046e-09
2.31006625e-06	3.380028e-10
2.31008473e-06	1.170931e-09
2.31010321e-06	4.617077e-09
2.31012170e-06	4.903306e-09
2.31014018e-06	2.040626e-09
2.31015866e-06	4.585821e-09
2.31017714e-06	6.733116e-09
2.31019562e-06	7.112658e-09
2.31021410e-06	5.680276e-09
2.31023258e-06	6.228172e-09
2.31025107e-06	7.638414e-09
2.31026955e-06	8.010079e-09
2.31028803e-06	7.717417e-09
2.31030651e-06	7.551293e-09
2.31032499e-06	6.542725e-09
2.31034348e-06	5.643500e-09
2.31036196e-06	6.381871e-09
2.31038044e-06	5.155760e-09
2.31039893e-06	4.548929e-09
2.31041741e-06	5.643193e-09
2.31043589e-06	6.462752e-09
2.31045438e-06	4.951184e-09
2.31047286e-06	4.473730e-09
2.31049134e-06	5.525892e-09
2.31050983e-06	4.562798e-09
2.31052831e-06	6.191380e-09
2.31054680e-06	6.949949e-09
2.31056528e-06	6.630338e-09
2.31058377e-06	5.619220e-09
2.31060225e-06	6.756354e-09
2.31062073e-06	8.077080e-09
2.31063922e-06	7.592763e-09
2.31065770e-06	6.990356e-09
2.31067619e-06	7.432161e-09
2.31069467e-06	6.541904e-09
2.31071316e-06	6.461235e-09
2.31073165e-06	5.692848e-09
2.31075013e-06	5.920301e-09
2.31076862e-06	5.611794e-09
2.31078710e-06	6.176125e-09
2.31080559e-06	5.721029e-09
2.31082408e-06	6.417933e-09
2.31084256e-06	6.964012e-09
2.31086105e-06	6.598676e-09
2.31087954e-06	6.760259e-09
2.31089802e-06	5.612490e-09
2.31091651e-06	4.161882e-09
2.31093500e-06	5.052602e-09
2.31095349e-06	5.790860e-09
2.31097197e-06	4.055085e-09
2.31099046e-06	3.969059e-09
2.31100895e-06	4.596054e-09
2.31102744e-06	4.639304e-09
2.31104593e-06	6.967022e-09
2.31106441e-06	7.396487e-09
2.31108290e-06	6.565399e-09
2.31110139e-06	6.736855e-09
2.31111988e-06	6.921703e-09
2.31113837e-06	6.876678e-09
2.31115686e-06	6.061461e-09
2.31117535e-06	3.040313e-09
2.31119384e-06	6.509100e-10
2.31121233e-06	1.746803e-09
2.31123082e-06	4.125452e-10
2.31124931e-06	4.032773e-10
2.31126780e-06	3.408425e-09
2.31128629e-06	4.439382e-09
2.31130478e-06	5.065140e-09
2.31132327e-06	4.531427e-09
2.31134176e-06	4.525615e-09
2.31136025e-06	5.649257e-09
2.31137874e-06	6.473213e-09
2.31139723e-06	6.906319e-09
2.31141572e-06	6.002588e-09
2.31143421e-06	5.363460e-09
2.31145270e-06	5.996450e-09
2.31147120e-06	4.532388e-09
2.31148969e-06	5.688038e-09
2.31150818e-06	6.160701e-09
2.31152667e-06	5.237252e-09
2.31154516e-06	4.250910e-09
2.31156366e-06	1.095382e-09
2.31158215e-06	4.115030e-09
2.31160064e-06	6.638889e-09
2.31161913e-06	4.555403e-09
2.31163763e-06	1.805483e-09
2.31165612e-06	1.088400e-09
2.31167461e-06	3.264127e-09
2.31169311e-06	5.930708e-09
2.31171160e-06	6.744626e-09
2.31173009e-06	5.605916e-09
2.31174859e-06	5.914880e-09
2.31176708e-06	6.599337e-09
2.31178558e-06	5.304025e-09
2.31180407e-06	6.422845e-09
2.31182257e-06	6.727411e-09
2.31184106e-06	5.817763e-09
2.31185955e-06	6.094909e-09
2.31187805e-06	6.913117e-09
2.31189654e-06	3.448890e-09
2.31191504e-06	3.146345e-09
2.31193353e-06	6.050206e-09
2.31195203e-06	5.097490e-09
2.31197052e-06	6.459101e-09
2.31198902e-06	7.371416e-09
2.31200752e-06	6.681285e-09
2.31202601e-06	6.026246e-09
2.31204451e-06	4.210801e-09
2.31206301e-06	5.062425e-09
2.31208150e-06	5.805240e-09
2.31210000e-06	7.017823e-09
2.31211850e-06	6.894861e-09
2.31213699e-06	5.836325e-09
2.31215549e-06	6.892366e-09
2.31217399e-06	6.678747e-09
2.31219248e-06	5.092138e-09
2.31221098e-06	5.271692e-09
2.31222948e-06	5.505951e-09
2.31224798e-06	5.946879e-09
2.31226648e-06	6.219198e-09
2.31228497e-06	5.170041e-09
2.31230347e-06	4.287115e-09
2.31232197e-06	6.659913e-09
2.31234047e-06	5.927620e-09
2.31235897e-06	4.927922e-09
2.31237747e-06	4.648783e-09
2.31239596e-06	4.888947e-09
2.31241446e-06	4.881824e-09
2.31243296e-06	2.306044e-09
2.31245146e-06	3.404919e-10
2.31246996e-06	8.704635e-10
2.31248846e-06	4.098428e-09
2.31250696e-06	5.324314e-09
2.31252546e-06	5.999427e-09
2.31254396e-06	5.024469e-09
2.31256246e-06	6.034137e-09
2.31258096e-06	6.009306e-09
2.31259946e-06	5.438843e-09
2.31261796e-06	6.949614e-09
2.31263647e-06	6.972750e-09
2.31265497e-06	6.842271e-09
2.31267347e-06	7.613074e-09
2.31269197e-06	7.369648e-09
2.31271047e-06	6.060816e-09
2.31272897e-06	6.340952e-09
2.31274748e-06	6.468562e-09
2.31276598e-06	6.380860e-09
2.31278448e-06	7.520371e-09
2.31280298e-06	7.312225e-09
2.31282148e-06	6.976962e-09
2.31283999e-06	5.148601e-09
2.31285849e-06	4.057514e-09
2.31287699e-06	6.295457e-09
2.31289550e-06	6.724906e-09
2.31291400e-06	5.954315e-09
2.31293250e-06	5.676483e-09
2.31295100e-06	6.490807e-09
2.31296951e-06	6.020201e-09
2.31298801e-06	7.378165e-09
2.31300652e-06	6.559088e-09
2.31302502e-06	6.002345e-09
2.31304352e-06	6.149917e-09
2.31306203e-06	5.336005e-09
2.31308053e-06	5.446090e-09
2.31309904e-06	4.596495e-09
2.31311754e-06	2.763518e-09
2.31313605e-06	3.162846e-09
2.31315455e-06	5.287042e-09
2.31317306e-06	4.369353e-09
2.31319156e-06	5.774994e-09
2.31321007e-06	6.074983e-09
2.31322857e-06	4.061392e-09
2.31324708e-06	3.218698e-09
2.31326559e-06	6.471110e-09
2.31328409e-06	6.822688e-09
2.31330260e-06	6.493928e-09
2.31332111e-06	7.249466e-09
2.31333961e-06	7.884280e-09
2.31335812e-06	7.040114e-09
2.31337662e-06	6.448263e-09
2.31339513e-06	6.064627e-09
2.31341364e-06	6.129194e-09
2.31343215e-06	7.321093e-09
2.31345065e-06	7.792690e-09
2.31346916e-06	6.846787e-09
2.31348767e-06	6.845287e-09
2.31350618e-06	7.218125e-09
2.31352469e-06	7.017310e-09
2.31354319e-06	7.126628e-09
2.31356170e-06	6.521769e-09
2.31358021e-06	6.601171e-09
2.31359872e-06	5.101313e-09
2.31361723e-06	5.123518e-09
2.31363574e-06	5.939129e-09
2.31365425e-06	5.379059e-09
2.31367275e-06	4.383615e-09
2.31369127e-06	1.190473e-09
2.31370977e-06	3.392787e-10
2.31372828e-06	2.018043e-09
2.31374679e-06	4.963967e-09
2.31376530e-06	5.337152e-09
2.31378381e-06	5.097330e-09
2.31380232e-06	5.681914e-09
2.31382083e-06	4.242323e-09
2.31383935e-06	4.488765e-09
2.31385786e-06	5.826684e-09
2.31387637e-06	6.257603e-09
2.31389488e-06	5.837417e-09
2.31391339e-06	6.441582e-09
2.31393190e-06	6.512199e-09
2.31395041e-06	4.883461e-09
2.31396892e-06	5.452986e-09
2.31398744e-06	5.878384e-09
2.31400595e-06	4.677483e-09
2.31402446e-06	5.347470e-09
2.31404297e-06	1.798710e-09
2.31406148e-06	1.738551e-09
2.31408000e-06	5.213288e-09
2.31409851e-06	6.771587e-09
2.31411702e-06	6.407035e-09
2.31413553e-06	7.132029e-09
2.31415405e-06	6.710325e-09
2.31417256e-06	7.249316e-09
2.31419107e-06	6.945111e-09
2.31420959e-06	7.592711e-09
2.31422810e-06	7.248175e-09
2.31424662e-06	5.950001e-09
2.31426513e-06	6.550540e-09
2.31428364e-06	7.154756e-09
2.31430216e-06	7.750245e-09
2.31432067e-06	6.396010e-09
2.31433919e-06	6.404882e-09
2.31435770e-06	6.596666e-09
2.31437622e-06	4.867735e-09
2.31439473e-06	3.944877e-09
2.31441325e-06	6.237779e-09
2.31443176e-06	6.020335e-09
2.31445028e-06	6.635240e-09
2.31446879e-06	5.709007e-09
2.31448731e-06	5.552503e-09
2.31450582e-06	6.497732e-09
2.31452434e-06	5.909156e-09
2.31454286e-06	4.504091e-09
2.31456137e-06	6.124354e-09
2.31457989e-06	7.223963e-09
2.31459841e-06	7.139720e-09
2.31461692e-06	6.939784e-09
2.31463544e-06	7.024310e-09
2.31465396e-06	5.413658e-09
2.31467247e-06	1.107198e-09
2.31469099e-06	7.015649e-10
2.31470951e-06	3.890681e-09
2.31472803e-06	4.372551e-09
2.31474654e-06	3.794024e-09
2.31476506e-06	5.464659e-09
2.31478358e-06	6.323709e-09
2.31480210e-06	4.594693e-09
2.31482062e-06	4.522316e-09
2.31483913e-06	6.244967e-09
2.31485765e-06	4.861394e-09
2.31487617e-06	3.555067e-09
2.31489469e-06	5.595151e-09
2.31491321e-06	4.448358e-09
2.31493173e-06	4.540861e-09
2.31495025e-06	4.466010e-09
2.31496877e-06	1.558138e-09
2.31498729e-06	4.706927e-10
2.31500581e-06	3.393156e-10
2.31502433e-06	2.262009e-09
2.31504285e-06	4.751032e-09
2.31506137e-06	4.067364e-09
2.31507989e-06	4.759576e-09
2.31509841e-06	5.962017e-09
2.31511693e-06	4.745676e-09
2.31513545e-06	5.153744e-09
2.31515397e-06	6.501373e-09
2.31517250e-06	6.801536e-09
2.31519102e-06	7.390755e-09
2.31520954e-06	6.959452e-09
2.31522806e-06	5.808693e-09
2.31524658e-06	5.827643e-09
2.31526510e-06	6.371913e-09
2.31528362e-06	4.229365e-09
2.31530215e-06	1.151147e-09
2.31532067e-06	3.400868e-09
2.31533919e-06	5.985969e-09
2.31535771e-06	7.111412e-09
2.31537624e-06	7.483646e-09
2.31539476e-06	7.629900e-09
2.31541328e-06	6.591059e-09
2.31543181e-06	5.686809e-09
2.31545033e-06	6.141356e-09
2.31546885e-06	6.518400e-09
2.31548738e-06	6.226530e-09
2.31550590e-06	6.710462e-09
2.31552443e-06	6.543500e-09
2.31554295e-06	6.586399e-09
2.31556148e-06	6.709576e-09
2.31558000e-06	7.971032e-09
2.31559852e-06	6.321900e-09
2.31561705e-06	6.370155e-09
2.31563557e-06	7.610595e-09
2.31565410e-06	7.643371e-09
2.31567262e-06	7.470455e-09
2.31569115e-06	5.258409e-09
2.31570967e-06	4.443122e-09
2.31572820e-06	5.725444e-09
2.31574673e-06	5.834459e-09
2.31576525e-06	4.802809e-09
2.31578378e-06	5.325533e-09
2.31580231e-06	5.703955e-09
2.31582083e-06	4.280450e-09
2.31583936e-06	6.387185e-09
2.31585788e-06	5.470807e-09
2.31587641e-06	4.303757e-09
2.31589494e-06	6.552000e-09
2.31591347e-06	7.412716e-09
2.31593199e-06	7.734089e-09
2.31595052e-06	6.909095e-09
2.31596905e-06	6.073142e-09
2.31598758e-06	6.356027e-09
2.31600610e-06	5.497745e-09
2.31602463e-06	6.657905e-09
2.31604316e-06	7.694711e-09
2.31606169e-06	7.913505e-09
2.31608022e-06	7.131671e-09
2.31609875e-06	6.432846e-09
2.31611727e-06	5.418804e-09
2.31613580e-06	5.089251e-09
2.31615433e-06	5.020803e-09
2.31617286e-06	3.921418e-09
2.31619139e-06	5.962915e-09
2.31620992e-06	6.459646e-09
2.31622845e-06	5.233181e-09
2.31624698e-06	2.383489e-09
2.31626551e-06	3.028115e-09
2.31628404e-06	2.316963e-09
2.31630257e-06	2.690763e-09
2.31632110e-06	1.096361e-09
2.31633963e-06	3.367565e-10
2.31635816e-06	1.872675e-09
2.31637669e-06	4.541467e-09
2.31639522e-06	5.045426e-09
2.31641375e-06	3.958235e-09
2.31643229e-06	3.384598e-09
2.31645082e-06	5.033635e-09
2.31646935e-06	4.876361e-09
2.31648788e-06	6.095810e-09
2.31650641e-06	6.645186e-09
2.31652494e-06	6.561954e-09
2.31654348e-06	6.271887e-09
2.31656201e-06	1.894408e-09
2.31658054e-06	2.290175e-09
2.31659908e-06	5.483857e-09
2.31661761e-06	5.019198e-09
2.31663614e-06	5.663735e-09
2.31665467e-06	6.407735e-09
2.31667321e-06	6.249785e-09
2.31669174e-06	4.951453e-09
2.31671027e-06	6.461109e-09
2.31672881e-06	6.971314e-09
2.31674734e-06	7.030740e-09
2.31676587e-06	5.675773e-09
2.31678441e-06	6.939465e-09
2.31680294e-06	7.623882e-09
2.31682148e-06	5.469881e-09
2.31684001e-06	2.996571e-09
2.31685855e-06	5.567116e-09
2.31687708e-06	6.804650e-09
2.31689562e-06	6.796752e-09
2.31691415e-06	7.255036e-09
2.31693269e-06	6.692216e-09
2.31695122e-06	7.426852e-09
2.31696976e-06	7.651128e-09
2.31698830e-06	5.272834e-09
2.31700683e-06	4.683991e-09
2.31702537e-06	5.222577e-09
2.31704390e-06	4.093999e-09
2.31706244e-06	5.664986e-09
2.31708098e-06	6.763274e-09
2.31709951e-06	7.599912e-09
2.31711805e-06	7.269801e-09
2.31713659e-06	6.260633e-09
2.31715512e-06	1.775510e-09
2.31717366e-06	2.486217e-09
2.31719220e-06	6.398038e-09
2.31721073e-06	7.046411e-09
2.31722927e-06	6.469321e-09
2.31724781e-06	6.829347e-09
2.31726635e-06	7.307575e-09
2.31728489e-06	6.728203e-09
2.31730342e-06	7.078424e-09
2.31732196e-06	6.560880e-09
2.31734050e-06	6.309551e-09
2.31735904e-06	7.242173e-09
2.31737758e-06	7.250901e-09
2.31739612e-06	6.081436e-09
2.31741466e-06	5.633713e-09
2.31743320e-06	6.128149e-09
2.31745174e-06	4.339932e-09
2.31747028e-06	5.689691e-09
2.31748882e-06	3.992942e-09
2.31750736e-06	1.672684e-09
2.31752590e-06	5.056371e-09
2.31754444e-06	5.929001e-09
2.31756298e-06	5.989821e-09
2.31758152e-06	4.638441e-09
2.31760006e-06	7.883975e-10
2.31761860e-06	6.549412e-10
2.31763714e-06	4.301142e-09
2.31765568e-06	5.380230e-09
2.31767422e-06	4.577989e-09
2.31769276e-06	2.168740e-09
2.31771131e-06	3.501124e-10
2.31772985e-06	8.743450e-10
2.31774839e-06	3.607314e-09
2.31776693e-06	4.841322e-09
2.31778547e-06	2.774714e-09
2.31780401e-06	4.504671e-09
2.31782256e-06	5.949368e-09
2.31784110e-06	6.935431e-09
2.31785964e-06	7.100614e-09
2.31787819e-06	5.668570e-09
2.31789673e-06	5.109856e-09
2.31791527e-06	6.983110e-09
2.31793381e-06	6.928501e-09
2.31795236e-06	6.082960e-09
2.31797090e-06	6.691721e-09
2.31798945e-06	7.094328e-09
2.31800799e-06	5.440170e-09
2.31802653e-06	4.960875e-09
2.31804508e-06	5.717803e-09
2.31806362e-06	6.186824e-09
2.31808217e-06	6.246664e-09
2.31810071e-06	5.319586e-09
2.31811926e-06	6.882760e-09
2.31813780e-06	6.343180e-09
2.31815635e-06	4.036227e-09
2.31817489e-06	4.670625e-09
2.31819344e-06	7.358818e-09
2.31821198e-06	7.072247e-09
2.31823053e-06	5.019718e-09
2.31824907e-06	4.539669e-09
2.31826762e-06	2.744619e-09
2.31828617e-06	4.820095e-09
2.31830471e-06	6.930544e-09
2.31832326e-06	7.848469e-09
2.31834181e-06	7.200876e-09
2.31836035e-06	6.250967e-09
2.31837890e-06	6.482573e-09
2.31839745e-06	7.177501e-09
2.31841599e-06	7.626306e-09
2.31843454e-06	7.633672e-09
2.31845309e-06	5.548739e-09
2.31847164e-06	2.686321e-09
2.31849018e-06	9.117084e-10
2.31850873e-06	3.793187e-09
2.31852728e-06	5.747299e-09
2.31854583e-06	6.627474e-09
2.31856438e-06	7.353167e-09
2.31858292e-06	6.954377e-09
2.31860147e-06	6.112207e-09
2.31862002e-06	6.221939e-09
2.31863857e-06	5.649216e-09
2.31865712e-06	6.876759e-09
2.31867567e-06	6.682392e-09
2.31869422e-06	6.068827e-09
2.31871277e-06	6.400528e-09
2.31873132e-06	7.019775e-09
2.31874987e-06	6.991606e-09
2.31876842e-06	7.477829e-09
2.31878697e-06	7.964346e-09
2.31880552e-06	7.690215e-09
2.31882407e-06	6.551739e-09
2.31884262e-06	6.862017e-09
2.31886117e-06	5.991162e-09
2.31887972e-06	5.224250e-09
2.31889827e-06	5.935641e-09
2.31891682e-06	6.658286e-09
2.31893538e-06	6.304103e-09
2.31895393e-06	6.411622e-09
2.31897248e-06	6.732210e-09
2.31899103e-06	6.168960e-09
2.31900958e-06	6.087181e-09
2.31902813e-06	5.733943e-09
2.31904669e-06	5.766382e-09
2.31906524e-06	4.790394e-09
2.31908379e-06	5.085448e-09
2.31910234e-06	3.631317e-09
2.31912090e-06	4.231779e-10
2.31913945e-06	4.199497e-10
2.31915800e-06	3.613154e-09
2.31917656e-06	5.162220e-09
2.31919511e-06	6.122194e-09
2.31921366e-06	6.571215e-09
2.31923222e-06	6.535646e-09
2.31925077e-06	5.952625e-09
2.31926932e-06	6.237679e-09
2.31928788e-06	6.155208e-09
2.31930643e-06	5.654345e-09
2.31932499e-06	6.329698e-09
2.31934354e-06	4.743343e-09
2.31936210e-06	5.565350e-09
2.31938065e-06	6.332061e-09
2.31939921e-06	7.161144e-09
2.31941776e-06	7.248892e-09
2.31943632e-06	7.632292e-09
2.31945487e-06	6.649334e-09
2.31947343e-06	4.333392e-09
2.31949198e-06	4.911127e-09
2.31951054e-06	4.225284e-09
2.31952910e-06	3.562704e-09
2.31954765e-06	3.727491e-09
2.31956621e-06	2.717294e-09
2.31958477e-06	4.114384e-09
2.31960332e-06	7.033372e-09
2.31962188e-06	7.948749e-09
2.31964044e-06	7.992201e-09
2.31965899e-06	7.724200e-09
2.31967755e-06	6.320648e-09
2.31969611e-06	3.193616e-09
2.31971466e-06	4.870059e-09
2.31973322e-06	6.324565e-09
2.31975178e-06	7.518400e-09
2.31977034e-06	7.905454e-09
2.31978890e-06	7.724359e-09
2.31980746e-06	8.086119e-09
2.31982601e-06	7.876226e-09
2.31984457e-06	7.735203e-09
2.31986313e-06	7.130710e-09
2.31988169e-06	6.325690e-09
2.31990025e-06	7.157599e-09
2.31991881e-06	7.806460e-09
2.31993737e-06	7.941966e-09
2.31995593e-06	6.687417e-09
2.31997449e-06	6.193262e-09
2.31999305e-06	4.711916e-09
2.32001161e-06	1.932354e-09
2.32003017e-06	5.403339e-09
2.32004873e-06	7.208467e-09
2.32006729e-06	5.966888e-09
2.32008585e-06	5.636863e-09
2.32010441e-06	6.742648e-09
2.32012297e-06	7.520657e-09
2.32014153e-06	7.089022e-09
2.32016009e-06	7.472250e-09
2.32017865e-06	6.904512e-09
2.32019721e-06	6.955933e-09
2.32021577e-06	6.468897e-09
2.32023434e-06	6.597755e-09
2.32025290e-06	5.692892e-09
2.32027146e-06	2.433679e-09
2.32029002e-06	5.881614e-09
2.32030858e-06	7.623590e-09
2.32032715e-06	7.918682e-09
2.32034571e-06	6.861119e-09
2.32036427e-06	4.421215e-09
2.32038284e-06	3.968812e-09
2.32040140e-06	5.500078e-09
2.32041996e-06	2.289406e-09
2.32043853e-06	1.267329e-09
2.32045709e-06	5.534440e-09
2.32047565e-06	6.325874e-09
2.32049422e-06	5.458691e-09
2.32051278e-06	5.122118e-09
2.32053135e-06	3.926010e-09
2.32054991e-06	3.395372e-09
2.32056847e-06	1.329675e-09
2.32058704e-06	3.367902e-10
2.32060560e-06	1.333414e-09
2.32062417e-06	2.760124e-09
2.32064273e-06	4.711711e-09
2.32066130e-06	5.134882e-09
2.32067986e-06	5.324488e-09
2.32069843e-06	5.753145e-09
2.32071699e-06	6.067567e-09
2.32073556e-06	3.860051e-09
2.32075413e-06	4.357676e-09
2.32077269e-06	4.946417e-09
2.32079126e-06	6.725570e-09
2.32080982e-06	7.355835e-09
2.32082839e-06	7.470130e-09
2.32084696e-06	7.060206e-09
2.32086552e-06	5.969616e-09
2.32088409e-06	3.639760e-09
2.32090266e-06	4.575242e-09
2.32092123e-06	5.250111e-09
2.32093979e-06	4.177876e-09
2.32095836e-06	4.284012e-09
2.32097693e-06	6.295908e-09
2.32099550e-06	6.413848e-09
2.32101406e-06	5.614449e-09
2.32103263e-06	5.425596e-09
2.32105120e-06	4.702463e-09
2.32106977e-06	6.601069e-09
2.32108834e-06	7.758035e-09
2.32110691e-06	7.707184e-09
2.32112547e-06	6.147562e-09
2.32114404e-06	4.556034e-09
2.32116261e-06	5.775310e-09
2.32118118e-06	3.868593e-09
2.32119975e-06	1.094110e-09
2.32121832e-06	4.120368e-09
2.32123689e-06	6.454702e-09
2.32125546e-06	7.271537e-09
2.32127403e-06	6.425182e-09
2.32129260e-06	6.410578e-09
2.32131117e-06	4.801974e-09
2.32132974e-06	2.605549e-09
2.32134831e-06	3.429132e-09
2.32136688e-06	5.201539e-09
2.32138545e-06	7.482585e-09
2.32140403e-06	7.792358e-09
2.32142260e-06	7.634040e-09
2.32144117e-06	7.446805e-09
2.32145974e-06	7.662786e-09
2.32147831e-06	7.330736e-09
2.32149688e-06	5.340291e-09
2.32151545e-06	5.114583e-09
2.32153403e-06	5.961053e-09
2.32155260e-06	6.880122e-09
2.32157117e-06	7.695175e-09
2.32158974e-06	7.745369e-09
2.32160832e-06	7.382942e-09
2.32162689e-06	6.055423e-09
2.32164546e-06	3.083960e-09
2.32166404e-06	4.497390e-09
2.32168261e-06	6.769643e-09
2.32170118e-06	7.598418e-09
2.32171976e-06	7.541524e-09
2.32173833e-06	7.315800e-09
2.32175690e-06	7.184114e-09
2.32177548e-06	6.086483e-09
2.32179405e-06	4.360791e-09
2.32181263e-06	6.353128e-09
2.32183120e-06	6.017368e-09
2.32184978e-06	5.722702e-09
2.32186835e-06	5.820467e-09
2.32188692e-06	6.260529e-09
2.32190550e-06	5.809355e-09
2.32192408e-06	6.129634e-09
2.32194265e-06	2.055640e-09
2.32196123e-06	1.054749e-09
2.32197980e-06	5.337965e-09
2.32199838e-06	5.890851e-09
2.32201695e-06	5.575508e-09
2.32203553e-06	5.324136e-09
2.32205411e-06	4.080379e-09
2.32207268e-06	4.965778e-10
2.32209126e-06	3.598348e-10
2.32210984e-06	3.157166e-09
2.32212841e-06	5.229678e-09
2.32214699e-06	5.877423e-09
2.32216557e-06	5.552749e-09
2.32218414e-06	2.963642e-09
2.32220272e-06	2.913981e-09
2.32222130e-06	5.592382e-09
2.32223988e-06	5.520419e-09
2.32225846e-06	5.204185e-09
2.32227703e-06	6.987601e-09
2.32229561e-06	6.821729e-09
2.32231419e-06	5.567464e-09
2.32233277e-06	6.005064e-09
2.32235135e-06	5.631229e-09
2.32236993e-06	2.838629e-09
2.32238850e-06	3.564900e-09
2.32240708e-06	6.056211e-09
2.32242566e-06	6.460286e-09
2.32244424e-06	6.712826e-09
2.32246282e-06	4.469115e-09
2.32248140e-06	4.304434e-09
2.32249998e-06	5.133345e-09
2.32251856e-06	6.944456e-09
2.32253714e-06	6.165846e-09
2.32255572e-06	4.497525e-09
2.32257430e-06	4.486125e-09
2.32259288e-06	6.688859e-09
2.32261146e-06	6.370642e-09
2.32263005e-06	4.781621e-09
2.32264863e-06	9.549886e-10
2.32266721e-06	6.469384e-10
2.32268579e-06	1.202052e-09
2.32270437e-06	3.534244e-09
2.32272295e-06	2.066132e-09
2.32274153e-06	2.196229e-09
2.32276012e-06	1.560762e-09
2.32277870e-06	5.485803e-09
2.32279728e-06	6.007539e-09
2.32281586e-06	2.306878e-09
2.32283444e-06	3.782997e-09
2.32285303e-06	3.457477e-09
2.32287161e-06	1.405800e-09
2.32289019e-06	4.689196e-09
2.32290878e-06	3.888670e-09
2.32292736e-06	1.839983e-09
2.32294594e-06	4.156742e-09
2.32296453e-06	2.674640e-09
2.32298311e-06	5.857709e-09
2.32300169e-06	4.785337e-09
2.32302028e-06	1.061235e-09
2.32303886e-06	4.214451e-09
2.32305745e-06	6.551026e-09
2.32307603e-06	4.171568e-09
2.32309462e-06	2.094273e-09
2.32311320e-06	3.986145e-09
2.32313179e-06	3.240875e-09
2.32315037e-06	1.431914e-09
2.32316896e-06	9.475305e-10
2.32318754e-06	1.781609e-09
2.32320613e-06	2.121659e-09
2.32322471e-06	1.914186e-09
2.32324330e-06	5.780747e-09
2.32326188e-06	3.977263e-09
2.32328047e-06	2.614765e-09
2.32329906e-06	6.680275e-09
2.32331764e-06	6.841000e-09
2.32333623e-06	4.111020e-09
2.32335482e-06	2.786754e-09
2.32337340e-06	3.378260e-09
2.32339199e-06	5.819859e-09
2.32341058e-06	6.417208e-09
2.32342916e-06	5.366886e-09
2.32344775e-06	1.056428e-09
2.32346634e-06	3.062791e-09
2.32348493e-06	6.383554e-09
2.32350352e-06	6.933633e-09
2.32352210e-06	6.809289e-09
2.32354069e-06	4.653406e-09
2.32355928e-06	2.564028e-09
2.32357787e-06	4.570435e-09
2.32359646e-06	3.522810e-09
2.32361504e-06	3.921751e-10
2.32363363e-06	4.167706e-10
2.32365222e-06	3.458969e-09
2.32367081e-06	5.170485e-09
2.32368940e-06	5.924823e-09
2.32370799e-06	4.562900e-09
2.32372658e-06	1.133115e-09
2.32374517e-06	2.332238e-09
2.32376376e-06	4.604967e-09
2.32378235e-06	5.999297e-09
2.32380094e-06	3.165088e-09
2.32381953e-06	3.372233e-09
2.32383812e-06	6.360167e-09
2.32385671e-06	6.883096e-09
2.32387530e-06	6.963841e-09
2.32389389e-06	6.104882e-09
2.32391249e-06	6.028978e-09
2.32393108e-06	3.476020e-09
2.32394967e-06	4.015343e-09
2.32396826e-06	6.240649e-09
2.32398685e-06	5.616349e-09
2.32400544e-06	2.348865e-09
2.32402404e-06	5.707845e-10
2.32404263e-06	1.067060e-09
2.32406122e-06	2.218454e-09
2.32407981e-06	5.767305e-09
2.32409840e-06	5.508568e-09
2.32411700e-06	6.512861e-09
2.32413559e-06	7.252486e-09
2.32415418e-06	7.703402e-09
2.32417278e-06	7.371649e-09
2.32419137e-06	6.618883e-09
2.32420996e-06	6.949115e-09
2.32422856e-06	7.149785e-09
2.32424715e-06	7.254357e-09
2.32426575e-06	5.983948e-09
2.32428434e-06	2.951719e-09
2.32430293e-06	4.824605e-09
2.32432153e-06	6.817381e-09
2.32434012e-06	5.102064e-09
2.32435872e-06	4.928898e-09
2.32437731e-06	5.647260e-09
2.32439591e-06	3.008077e-09
2.32441450e-06	1.017083e-09
2.32443310e-06	5.203879e-09
2.32445169e-06	6.616868e-09
2.32447029e-06	5.416944e-09
2.32448888e-06	6.725164e-09
2.32450748e-06	7.496232e-09
2.32452608e-06	5.832172e-09
2.32454467e-06	5.098059e-09
2.32456327e-06	5.913930e-09
2.32458187e-06	7.115441e-09
2.32460046e-06	7.338804e-09
2.32461906e-06	6.412218e-09
2.32463766e-06	7.193852e-09
2.32465625e-06	6.585077e-09
2.32467485e-06	3.769758e-09
2.32469345e-06	4.499952e-09
2.32471205e-06	6.719424e-09
2.32473064e-06	4.135283e-09
2.32474924e-06	3.145890e-09
2.32476784e-06	5.747446e-09
2.32478644e-06	5.296553e-09
2.32480504e-06	9.535676e-10
2.32482363e-06	1.885571e-09
2.32484223e-06	4.638419e-09
2.32486083e-06	3.092500e-09
2.32487943e-06	4.132560e-09
2.32489803e-06	4.189880e-09
2.32491663e-06	5.048623e-09
2.32493523e-06	6.731188e-09
2.32495383e-06	6.693878e-09
2.32497243e-06	6.814745e-09
2.32499103e-06	5.571003e-09
2.32500963e-06	6.215486e-09
2.32502823e-06	6.793454e-09
2.32504683e-06	7.396685e-09
2.32506543e-06	7.336631e-09
2.32508403e-06	6.789201e-09
2.32510263e-06	5.162231e-09
2.32512123e-06	3.148370e-09
2.32513983e-06	5.245479e-09
2.32515843e-06	4.756008e-09
2.32517703e-06	3.177625e-09
2.32519563e-06	3.770970e-10
2.32521424e-06	4.781253e-10
2.32523284e-06	2.778447e-09
2.32525144e-06	7.707241e-10
2.32527004e-06	2.592847e-09
2.32528864e-06	5.548899e-09
2.32530725e-06	5.548745e-09
2.32532585e-06	5.306948e-09
2.32534445e-06	5.935159e-09
2.32536305e-06	7.182029e-09
2.32538166e-06	7.469953e-09
2.32540026e-06	7.027152e-09
2.32541886e-06	6.472369e-09
2.32543747e-06	6.447172e-09
2.32545607e-06	6.064002e-09
2.32547467e-06	7.168572e-09
2.32549328e-06	6.269755e-09
2.32551188e-06	5.735459e-09
2.32553048e-06	5.842469e-09
2.32554909e-06	6.217952e-09
2.32556769e-06	6.376961e-09
2.32558630e-06	5.017008e-09
2.32560490e-06	3.889281e-09
2.32562351e-06	5.356522e-09
2.32564211e-06	6.147307e-09
2.32566072e-06	4.529005e-09
2.32567932e-06	5.802823e-09
2.32569793e-06	6.622880e-09
2.32571654e-06	5.026092e-09
2.32573514e-06	6.708585e-10
2.32575375e-06	2.444098e-09
2.32577235e-06	6.026428e-09
2.32579096e-06	6.607598e-09
2.32580956e-06	7.217917e-09
2.32582817e-06	6.653959e-09
2.32584678e-06	3.409011e-09
2.32586538e-06	2.694539e-09
2.32588399e-06	2.643283e-09
2.32590260e-06	4.946078e-09
2.32592121e-06	5.681111e-09
2.32593981e-06	5.397898e-09
2.32595842e-06	3.882794e-09
2.32597703e-06	3.175865e-09
2.32599564e-06	2.997853e-09
2.32601424e-06	5.787992e-09
2.32603285e-06	6.028528e-09
2.32605146e-06	5.345829e-09
2.32607007e-06	5.805722e-09
2.32608868e-06	4.027971e-09
2.32610729e-06	3.762552e-09
2.32612590e-06	4.179531e-09
2.32614450e-06	6.865187e-09
2.32616311e-06	6.561186e-09
2.32618172e-06	5.737434e-09
2.32620033e-06	6.405298e-09
2.32621894e-06	6.212175e-09
2.32623755e-06	5.561781e-09
2.32625616e-06	1.096316e-09
2.32627477e-06	1.473477e-09
2.32629338e-06	3.302792e-09
2.32631199e-06	2.092257e-09
2.32633060e-06	4.081281e-09
2.32634921e-06	4.187256e-09
2.32636782e-06	5.388719e-09
2.32638643e-06	5.772316e-09
2.32640505e-06	5.585126e-09
2.32642366e-06	5.542409e-09
2.32644227e-06	4.968700e-09
2.32646088e-06	6.067781e-09
2.32647949e-06	6.438320e-09
2.32649810e-06	6.736601e-09
2.32651671e-06	6.813495e-09
2.32653533e-06	7.807317e-09
2.32655394e-06	6.885606e-09
2.32657255e-06	7.066976e-09
2.32659116e-06	7.118248e-09
2.32660978e-06	6.370468e-09
2.32662839e-06	4.852013e-09
2.32664700e-06	4.684634e-09
2.32666562e-06	5.547250e-09
2.32668423e-06	3.817509e-09
2.32670284e-06	5.878558e-09
2.32672146e-06	5.142609e-09
2.32674007e-06	5.261460e-09
2.32675869e-06	6.138654e-09
2.32677730e-06	5.422869e-09
2.32679591e-06	3.556326e-09
2.32681453e-06	4.473896e-10
2.32683314e-06	3.846007e-10
2.32685176e-06	2.903768e-09
2.32687037e-06	5.042124e-09
2.32688899e-06	5.344164e-09
2.32690760e-06	5.420639e-09
2.32692622e-06	5.911365e-09
2.32694483e-06	5.057649e-09
2.32696345e-06	5.448032e-09
2.32698206e-06	6.203660e-09
2.32700068e-06	6.333458e-09
2.32701930e-06	5.645684e-09
2.32703791e-06	6.557416e-09
2.32705653e-06	7.481988e-09
2.32707514e-06	6.532212e-09
2.32709376e-06	5.207937e-09
2.32711238e-06	4.044826e-09
2.32713099e-06	2.589536e-09
2.32714961e-06	4.231060e-09
2.32716823e-06	5.935135e-09
2.32718685e-06	5.279290e-09
2.32720546e-06	6.494494e-09
2.32722408e-06	6.739548e-09
2.32724270e-06	5.768790e-09
2.32726132e-06	7.410447e-09
2.32727993e-06	6.471389e-09
2.32729855e-06	4.143311e-09
2.32731717e-06	5.170028e-09
2.32733579e-06	7.080859e-09
2.32735441e-06	7.583732e-09
2.32737303e-06	6.523412e-09
2.32739165e-06	5.843875e-09
2.32741027e-06	4.957363e-09
2.32742888e-06	1.262369e-09
2.32744750e-06	1.047170e-09
2.32746612e-06	4.842086e-09
2.32748474e-06	6.321638e-09
2.32750336e-06	6.937051e-09
2.32752198e-06	6.623506e-09
2.32754060e-06	6.851507e-09
2.32755922e-06	6.776499e-09
2.32757784e-06	7.453270e-09
2.32759646e-06	5.756770e-09
2.32761509e-06	3.332175e-09
2.32763371e-06	6.042421e-09
2.32765233e-06	7.445309e-09
2.32767095e-06	6.853177e-09
2.32768957e-06	6.611839e-09
2.32770819e-06	7.052479e-09
2.32772681e-06	6.847120e-09
2.32774544e-06	7.214080e-09
2.32776406e-06	7.394036e-09
2.32778268e-06	7.377223e-09
2.32780130e-06	7.024157e-09
2.32781992e-06	5.939745e-09
2.32783855e-06	2.001521e-09
2.32785717e-06	1.388640e-09
2.32787579e-06	3.379497e-09
2.32789442e-06	5.095651e-09
2.32791304e-06	3.309558e-09
2.32793166e-06	3.701164e-09
2.32795028e-06	1.624324e-09
2.32796891e-06	1.467610e-09
2.32798753e-06	5.662340e-09
2.32800616e-06	6.753917e-09
2.32802478e-06	7.024975e-09
2.32804340e-06	6.362401e-09
2.32806203e-06	4.703705e-09
2.32808065e-06	7.751425e-10
2.32809928e-06	1.230676e-09
2.32811790e-06	4.819351e-09
2.32813653e-06	5.222241e-09
2.32815515e-06	5.692465e-09
2.32817378e-06	6.975462e-09
2.32819240e-06	6.211336e-09
2.32821103e-06	5.981066e-09
2.32822965e-06	5.205247e-09
2.32824828e-06	6.271082e-09
2.32826691e-06	6.923227e-09
2.32828553e-06	6.305546e-09
2.32830416e-06	3.954272e-09
2.32832279e-06	4.229450e-09
2.32834141e-06	6.168589e-09
2.32836004e-06	6.635813e-09
2.32837867e-06	6.223197e-09
2.32839729e-06	3.851200e-09
2.32841592e-06	1.888663e-09
2.32843455e-06	4.633524e-09
2.32845317e-06	3.988300e-09
2.32847180e-06	5.148193e-10
2.32849043e-06	3.574581e-10
2.32850906e-06	2.903878e-09
2.32852769e-06	4.629436e-09
2.32854631e-06	5.121794e-09
2.32856494e-06	6.367795e-09
2.32858357e-06	7.143075e-09
2.32860220e-06	6.917543e-09
2.32862083e-06	6.200458e-09
2.32863946e-06	4.250320e-09
2.32865809e-06	4.160751e-09
2.32867672e-06	4.717252e-09
2.32869535e-06	5.208539e-09
2.32871397e-06	2.070961e-09
2.32873260e-06	3.561821e-09
2.32875123e-06	5.050958e-09
2.32876987e-06	8.065678e-10
2.32878849e-06	1.260845e-09
2.32880712e-06	3.741501e-09
2.32882576e-06	4.638453e-09
2.32884439e-06	6.548013e-09
2.32886302e-06	6.912511e-09
2.32888165e-06	5.755249e-09
2.32890028e-06	5.326648e-09
2.32891891e-06	5.239644e-09
2.32893754e-06	5.067849e-09
2.32895617e-06	5.619805e-09
2.32897481e-06	6.504836e-09
2.32899344e-06	5.240527e-09
2.32901207e-06	5.212130e-09
2.32903070e-06	6.729610e-09
2.32904933e-06	6.697724e-09
2.32906797e-06	5.739111e-09
2.32908660e-06	2.987081e-09
2.32910523e-06	4.683396e-09
2.32912386e-06	7.284583e-09
2.32914250e-06	7.209757e-09
2.32916113e-06	6.708545e-09
2.32917976e-06	5.425389e-09
2.32919840e-06	1.809121e-09
2.32921703e-06	1.973351e-09
2.32923566e-06	6.240021e-09
2.32925430e-06	7.287001e-09
2.32927293e-06	6.736630e-09
2.32929157e-06	7.126891e-09
2.32931020e-06	7.814208e-09
2.32932883e-06	7.609079e-09
2.32934747e-06	6.489540e-09
2.32936610e-06	5.491060e-09
2.32938474e-06	4.530336e-09
2.32940337e-06	6.164755e-09
2.32942201e-06	5.342024e-09
2.32944065e-06	6.243404e-09
2.32945928e-06	5.152702e-09
2.32947792e-06	3.393748e-09
2.32949655e-06	1.620476e-09
2.32951519e-06	5.916709e-10
2.32953382e-06	4.626442e-09
2.32955246e-06	5.912124e-09
2.32957110e-06	6.707285e-09
2.32958973e-06	7.325835e-09
2.32960837e-06	7.782964e-09
2.32962701e-06	7.587580e-09
2.32964564e-06	6.650865e-09
2.32966428e-06	7.604138e-09
2.32968292e-06	8.117204e-09
2.32970156e-06	8.500239e-09
2.32972019e-06	8.428409e-09
2.32973883e-06	8.025812e-09
2.32975747e-06	7.153226e-09
2.32977611e-06	7.013148e-09
2.32979475e-06	4.933714e-09
2.32981338e-06	5.256702e-09
2.32983202e-06	7.450557e-09
2.32985066e-06	7.051658e-09
2.32986930e-06	5.804778e-09
2.32988794e-06	7.084064e-09
2.32990658e-06	6.989662e-09
2.32992522e-06	5.924939e-09
2.32994386e-06	5.860355e-09
2.32996250e-06	5.503743e-09
2.32998113e-06	6.397380e-09
2.32999977e-06	6.458428e-09
2.33001842e-06	3.109545e-09
2.33003706e-06	2.215827e-09
2.33005570e-06	5.946924e-09
2.33007434e-06	6.268613e-09
2.33009298e-06	4.662388e-09
2.33011162e-06	4.471238e-09
2.33013026e-06	4.982741e-09
2.33014890e-06	4.848680e-09
2.33016754e-06	1.737114e-09
2.33018618e-06	3.434487e-10
2.33020482e-06	1.189846e-09
2.33022347e-06	4.196128e-09
2.33024211e-06	4.594710e-09
2.33026075e-06	3.245266e-09
2.33027939e-06	4.975206e-10
2.33029803e-06	1.986553e-09
2.33031667e-06	5.534774e-09
2.33033532e-06	6.230236e-09
2.33035396e-06	6.478117e-09
2.33037260e-06	6.046424e-09
2.33039125e-06	3.301179e-09
2.33040989e-06	4.434665e-09
2.33042853e-06	6.428746e-09
2.33044718e-06	4.291454e-09
2.33046582e-06	2.596913e-09
2.33048446e-06	4.679672e-09
2.33050311e-06	5.033384e-09
2.33052175e-06	1.009074e-09
2.33054040e-06	1.558215e-09
2.33055904e-06	5.394626e-09
2.33057768e-06	4.040805e-09
2.33059633e-06	7.562536e-10
2.33061497e-06	2.926471e-09
2.33063362e-06	3.203289e-09
2.33065226e-06	2.834778e-09
2.33067091e-06	2.893314e-09
2.33068955e-06	3.707454e-09
2.33070820e-06	2.264906e-09
2.33072685e-06	4.319370e-09
2.33074549e-06	2.766820e-09
2.33076414e-06	4.650673e-09
2.33078278e-06	5.318440e-09
2.33080143e-06	4.198874e-09
2.33082008e-06	5.894189e-09
2.33083872e-06	6.683934e-09
2.33085737e-06	6.894078e-09
2.33087602e-06	6.292360e-09
2.33089466e-06	5.745347e-09
2.33091331e-06	6.572878e-09
2.33093196e-06	6.191506e-09
2.33095061e-06	5.560793e-09
2.33096925e-06	6.128026e-09
2.33098790e-06	5.153836e-09
2.33100655e-06	5.263650e-09
2.33102520e-06	3.729212e-09
2.33104384e-06	5.144479e-09
2.33106249e-06	5.786982e-09
2.33108114e-06	1.739619e-09
2.33109979e-06	5.906959e-10
2.33111844e-06	4.131986e-09
2.33113709e-06	5.483887e-09
2.33115574e-06	4.574123e-09
2.33117439e-06	4.509371e-09
2.33119304e-06	3.928264e-09
2.33121169e-06	7.882686e-10
2.33123033e-06	2.400232e-09
2.33124898e-06	4.350166e-09
2.33126763e-06	4.651156e-09
2.33128629e-06	6.641467e-09
2.33130493e-06	6.144505e-09
2.33132359e-06	5.980355e-09
2.33134224e-06	7.119647e-09
2.33136089e-06	6.500765e-09
2.33137954e-06	3.994857e-09
2.33139819e-06	5.257841e-09
2.33141684e-06	6.312806e-09
2.33143549e-06	5.999055e-09
2.33145414e-06	5.854393e-09
2.33147280e-06	6.870630e-09
2.33149145e-06	6.500961e-09
2.33151010e-06	6.412999e-09
2.33152875e-06	5.777355e-09
2.33154740e-06	3.754046e-09
2.33156606e-06	5.154897e-09
2.33158471e-06	4.864403e-09
2.33160336e-06	2.596419e-09
2.33162201e-06	4.003648e-09
2.33164067e-06	2.771546e-09
2.33165932e-06	2.084748e-09
2.33167797e-06	6.397255e-09
2.33169663e-06	6.635620e-09
2.33171528e-06	4.502897e-09
2.33173393e-06	2.639994e-09
2.33175259e-06	5.959130e-09
2.33177124e-06	5.445666e-09
2.33178990e-06	4.064795e-09
2.33180855e-06	5.819705e-09
2.33182720e-06	5.822333e-09
2.33184586e-06	6.162079e-09
2.33186451e-06	4.544517e-09
2.33188317e-06	4.521202e-09
2.33190182e-06	3.390050e-09
2.33192048e-06	5.095966e-10
2.33193913e-06	3.450600e-10
2.33195779e-06	6.025368e-10
2.33197644e-06	3.439620e-09
2.33199510e-06	4.368986e-09
2.33201376e-06	5.032902e-09
2.33203241e-06	6.558961e-09
2.33205107e-06	6.880987e-09
2.33206973e-06	6.689040e-09
2.33208838e-06	6.781172e-09
2.33210704e-06	5.053063e-09
2.33212570e-06	6.183159e-09
2.33214435e-06	7.012640e-09
2.33216301e-06	6.498481e-09
2.33218167e-06	6.755686e-09
2.33220033e-06	7.110042e-09
2.33221898e-06	5.118987e-09
2.33223764e-06	4.756692e-09
2.33225630e-06	3.774517e-09
2.33227496e-06	5.712404e-09
2.33229361e-06	7.296375e-09
2.33231227e-06	7.905901e-09
2.33233093e-06	7.378577e-09
2.33234959e-06	7.454442e-09
2.33236825e-06	7.309138e-09
2.33238691e-06	5.498087e-09
2.33240557e-06	5.073369e-09
2.33242423e-06	6.888562e-09
2.33244288e-06	7.120779e-09
2.33246154e-06	5.841481e-09
2.33248020e-06	4.852748e-09
2.33249886e-06	5.605568e-09
2.33251752e-06	7.001945e-09
2.33253618e-06	7.011972e-09
2.33255485e-06	4.123880e-09
2.33257350e-06	3.690151e-09
2.33259217e-06	5.778813e-09
2.33261083e-06	6.143421e-09
2.33262949e-06	7.441424e-09
2.33264815e-06	7.446520e-09
2.33266681e-06	6.824598e-09
2.33268547e-06	7.686127e-09
2.33270413e-06	7.552861e-09
2.33272279e-06	6.407097e-09
2.33274146e-06	5.112180e-09
2.33276012e-06	5.784947e-09
2.33277878e-06	4.688538e-09
2.33279744e-06	5.031317e-09
2.33281610e-06	4.770089e-09
2.33283477e-06	8.172998e-10
2.33285343e-06	6.251223e-10
2.33287209e-06	4.373040e-09
2.33289075e-06	1.910644e-09
2.33290942e-06	7.820139e-10
2.33292808e-06	4.887985e-09
2.33294675e-06	6.249572e-09
2.33296541e-06	6.690634e-09
2.33298407e-06	6.069737e-09
2.33300274e-06	6.285564e-09
2.33302140e-06	7.341458e-09
2.33304006e-06	6.881717e-09
2.33305873e-06	6.623762e-09
2.33307739e-06	6.779337e-09
2.33309606e-06	6.626087e-09
2.33311472e-06	5.754917e-09
2.33313339e-06	6.084578e-09
2.33315205e-06	4.717862e-09
2.33317072e-06	3.741249e-09
2.33318938e-06	6.149800e-09
2.33320805e-06	6.602844e-09
2.33322671e-06	4.505605e-09
2.33324538e-06	3.914773e-09
2.33326405e-06	5.542317e-09
2.33328271e-06	4.161012e-09
2.33330138e-06	6.322286e-09
2.33332004e-06	6.893907e-09
2.33333871e-06	6.819912e-09
2.33335738e-06	6.071729e-09
2.33337604e-06	5.163532e-09
2.33339471e-06	5.751960e-09
2.33341338e-06	5.594810e-09
2.33343205e-06	7.311090e-09
2.33345071e-06	7.484354e-09
2.33346938e-06	7.470627e-09
2.33348805e-06	6.830536e-09
2.33350672e-06	5.466755e-09
2.33352538e-06	3.996537e-09
2.33354405e-06	4.689508e-09
2.33356272e-06	3.805209e-09
2.33358139e-06	2.029797e-09
2.33360006e-06	5.720927e-09
2.33361873e-06	6.638407e-09
2.33363740e-06	5.775506e-09
2.33365607e-06	5.632755e-09
2.33367473e-06	5.330976e-09
2.33369340e-06	2.956358e-09
2.33371207e-06	3.688680e-10
2.33373074e-06	6.341193e-10
2.33374941e-06	3.474198e-09
2.33376808e-06	1.529102e-09
2.33378675e-06	5.036565e-10
2.33380542e-06	4.084174e-09
2.33382410e-06	6.048773e-09
2.33384277e-06	5.904684e-09
2.33386144e-06	6.430632e-09
2.33388011e-06	7.212080e-09
2.33389878e-06	6.774410e-09
2.33391745e-06	6.914057e-09
2.33393612e-06	6.158738e-09
2.33395479e-06	4.598456e-09
2.33397346e-06	6.582738e-09
2.33399213e-06	7.896898e-09
2.33401081e-06	7.585448e-09
2.33402948e-06	6.993398e-09
2.33404815e-06	6.521089e-09
2.33406682e-06	7.028378e-09
2.33408550e-06	7.877674e-09
2.33410417e-06	7.861303e-09
2.33412284e-06	6.392564e-09
2.33414152e-06	2.754183e-09
2.33416019e-06	1.230353e-09
2.33417886e-06	4.216340e-09
2.33419754e-06	3.587678e-09
2.33421621e-06	3.253898e-09
2.33423488e-06	5.315934e-09
2.33425356e-06	6.176170e-09
2.33427223e-06	5.985354e-09
2.33429090e-06	4.540677e-09
2.33430958e-06	2.355627e-09
2.33432825e-06	3.790215e-09
2.33434693e-06	4.464752e-09
2.33436560e-06	5.123996e-09
2.33438428e-06	6.428392e-09
2.33440295e-06	7.029448e-09
2.33442163e-06	5.228028e-09
2.33444030e-06	3.115587e-09
2.33445898e-06	4.589995e-09
2.33447765e-06	5.306629e-09
2.33449633e-06	5.759868e-09
2.33451501e-06	4.536854e-09
2.33453368e-06	5.571102e-09
2.33455236e-06	6.336371e-09
2.33457104e-06	5.243053e-09
2.33458971e-06	6.568834e-09
2.33460839e-06	7.017397e-09
2.33462706e-06	4.654862e-09
2.33464574e-06	4.316319e-09
2.33466442e-06	6.017850e-09
2.33468310e-06	6.968751e-09
2.33470177e-06	6.432695e-09
2.33472045e-06	5.618540e-09
2.33473913e-06	2.999219e-09
2.33475781e-06	4.788568e-10
2.33477648e-06	7.910802e-10
2.33479516e-06	3.166566e-09
2.33481384e-06	4.483458e-09
2.33483252e-06	3.898359e-09
2.33485120e-06	3.951654e-09
2.33486988e-06	3.664703e-09
2.33488856e-06	4.771989e-09
2.33490724e-06	7.184762e-09
2.33492591e-06	7.712452e-09
2.33494460e-06	7.367390e-09
2.33496327e-06	6.690865e-09
2.33498195e-06	3.878030e-09
2.33500063e-06	4.503686e-09
2.33501931e-06	7.270792e-09
2.33503799e-06	7.600717e-09
2.33505667e-06	7.735008e-09
2.33507535e-06	7.433460e-09
2.33509404e-06	5.479278e-09
2.33511272e-06	1.636418e-09
2.33513140e-06	1.637684e-09
2.33515008e-06	5.620423e-09
2.33516876e-06	5.975937e-09
2.33518744e-06	4.261909e-09
2.33520612e-06	4.766326e-09
2.33522480e-06	5.780476e-09
2.33524348e-06	4.469885e-09
2.33526217e-06	4.331933e-09
2.33528085e-06	5.633889e-09
2.33529953e-06	5.981298e-09
2.33531821e-06	5.550953e-09
2.33533690e-06	5.101427e-09
2.33535558e-06	5.384380e-09
2.33537426e-06	3.549975e-09
2.33539294e-06	3.183555e-09
2.33541163e-06	5.836771e-09
2.33543031e-06	6.211147e-09
2.33544900e-06	6.242250e-09
2.33546768e-06	5.564818e-09
2.33548636e-06	5.200786e-09
2.33550505e-06	4.995697e-09
2.33552373e-06	2.580018e-09
2.33554242e-06	3.528292e-10
2.33556110e-06	1.430154e-09
2.33557978e-06	4.861369e-09
2.33559847e-06	5.657973e-09
2.33561715e-06	5.465241e-09
2.33563584e-06	5.080809e-09
2.33565452e-06	3.441959e-09
2.33567321e-06	1.326408e-09
2.33569189e-06	3.972042e-09
2.33571058e-06	4.111701e-09
2.33572927e-06	3.917888e-09
2.33574795e-06	3.904265e-09
2.33576664e-06	8.173932e-10
2.33578532e-06	5.227454e-10
2.33580401e-06	3.937308e-09
2.33582269e-06	5.438025e-09
2.33584138e-06	6.454403e-09
2.33586007e-06	6.993639e-09
2.33587876e-06	6.480259e-09
2.33589744e-06	4.835517e-09
2.33591613e-06	5.003906e-09
2.33593482e-06	6.914764e-09
2.33595350e-06	6.691795e-09
2.33597219e-06	4.823059e-09
2.33599088e-06	5.531518e-09
2.33600957e-06	6.355843e-09
2.33602826e-06	6.422429e-09
2.33604694e-06	6.753490e-09
2.33606563e-06	7.452110e-09
2.33608432e-06	7.995057e-09
2.33610301e-06	8.158860e-09
2.33612170e-06	8.250732e-09
2.33614039e-06	7.751320e-09
2.33615908e-06	7.093841e-09
2.33617777e-06	7.199964e-09
2.33619646e-06	6.298035e-09
2.33621514e-06	6.375328e-09
2.33623383e-06	7.383911e-09
2.33625253e-06	6.565189e-09
2.33627121e-06	6.234422e-09
2.33628990e-06	5.865555e-09
2.33630860e-06	6.388901e-09
2.33632729e-06	4.702155e-09
2.33634598e-06	2.438307e-09
2.33636467e-06	3.209583e-09
2.33638336e-06	6.244244e-09
2.33640205e-06	5.686675e-09
2.33642074e-06	5.694386e-09
2.33643943e-06	6.997437e-09
2.33645812e-06	5.649722e-09
2.33647681e-06	6.920138e-09
2.33649551e-06	6.968486e-09
2.33651420e-06	6.863827e-09
2.33653289e-06	7.873826e-09
2.33655158e-06	7.106897e-09
2.33657028e-06	5.914910e-09
2.33658897e-06	7.097773e-09
2.33660766e-06	6.484777e-09
2.33662635e-06	6.159000e-09
2.33664505e-06	6.467103e-09
2.33666374e-06	6.807199e-09
2.33668243e-06	6.155147e-09
2.33670113e-06	3.121948e-09
2.33671982e-06	2.304705e-09
2.33673851e-06	3.982682e-09
2.33675721e-06	4.022633e-09
2.33677590e-06	5.723300e-09
2.33679460e-06	5.988980e-09
2.33681329e-06	4.307544e-09
2.33683198e-06	5.240715e-10
2.33685068e-06	1.162645e-09
2.33686937e-06	4.281204e-09
2.33688807e-06	4.658780e-09
2.33690676e-06	4.518573e-09
2.33692546e-06	4.884358e-09
2.33694415e-06	4.915597e-09
2.33696285e-06	5.332412e-09
2.33698155e-06	2.617908e-09
2.33700024e-06	3.421395e-09
2.33701894e-06	5.193974e-09
2.33703763e-06	5.938206e-09
2.33705633e-06	5.637422e-09
2.33707503e-06	6.362259e-09
2.33709372e-06	6.673533e-09
2.33711242e-06	6.576978e-09
2.33713112e-06	6.761230e-09
2.33714981e-06	5.889853e-09
2.33716851e-06	6.507108e-09
2.33718721e-06	7.604603e-09
2.33720591e-06	6.008902e-09
2.33722460e-06	5.070566e-09
2.33724330e-06	5.972580e-09
2.33726200e-06	5.836263e-09
2.33728070e-06	3.945674e-09
2.33729940e-06	4.008406e-09
2.33731809e-06	6.187824e-09
2.33733679e-06	6.571308e-09
2.33735549e-06	6.351578e-09
2.33737419e-06	5.592014e-09
2.33739289e-06	2.606189e-09
2.33741159e-06	3.553608e-10
2.33743029e-06	1.543110e-09
2.33744899e-06	5.036982e-09
2.33746769e-06	5.857447e-09
2.33748639e-06	5.071865e-09
2.33750509e-06	5.593980e-09
2.33752379e-06	6.262626e-09
2.33754249e-06	6.415694e-09
2.33756119e-06	6.551777e-09
2.33757989e-06	7.693703e-09
2.33759859e-06	7.744508e-09
2.33761729e-06	6.833096e-09
2.33763599e-06	5.187737e-09
2.33765469e-06	6.709256e-09
2.33767339e-06	6.608796e-09
2.33769209e-06	6.403768e-09
2.33771079e-06	5.789484e-09
2.33772950e-06	4.214907e-09
2.33774820e-06	1.854152e-09
2.33776690e-06	4.451264e-09
2.33778560e-06	6.484429e-09
2.33780431e-06	6.738701e-09
2.33782301e-06	6.849168e-09
2.33784171e-06	6.195571e-09
2.33786041e-06	6.357825e-09
2.33787912e-06	6.632329e-09
2.33789782e-06	5.763747e-09
2.33791652e-06	3.475920e-09
2.33793523e-06	5.109245e-10
2.33795393e-06	1.300909e-09
2.33797263e-06	3.975985e-09
2.33799134e-06	5.598901e-09
2.33801004e-06	6.326173e-09
2.33802874e-06	5.672624e-09
2.33804745e-06	4.650927e-09
2.33806615e-06	6.146973e-09
2.33808486e-06	6.110336e-09
2.33810356e-06	6.736034e-09
2.33812227e-06	5.744368e-09
2.33814097e-06	6.197986e-09
2.33815968e-06	6.396157e-09
2.33817838e-06	5.414366e-09
2.33819709e-06	4.329159e-09
2.33821579e-06	5.057500e-09
2.33823450e-06	2.449692e-09
2.33825321e-06	5.475087e-09
2.33827191e-06	5.932545e-09
2.33829062e-06	5.866673e-09
2.33830932e-06	5.610255e-09
2.33832803e-06	3.375131e-09
2.33834674e-06	3.445659e-09
2.33836544e-06	6.464478e-09
2.33838415e-06	6.160527e-09
2.33840286e-06	6.980514e-09
2.33842156e-06	6.772166e-09
2.33844027e-06	5.283221e-09
2.33845898e-06	3.068946e-09
2.33847769e-06	4.772789e-09
2.33849639e-06	5.858520e-09
2.33851510e-06	5.773447e-09
2.33853381e-06	4.561081e-09
2.33855252e-06	5.146451e-09
2.33857123e-06	5.261830e-09
2.33858994e-06	4.334248e-09
2.33860864e-06	4.933008e-09
2.33862735e-06	6.433095e-09
2.33864606e-06	6.263230e-09
2.33866477e-06	5.961144e-09
2.33868348e-06	4.606786e-09
2.33870219e-06	4.434102e-09
2.33872090e-06	2.323025e-09
2.33873961e-06	1.679732e-09
2.33875832e-06	3.970086e-09
2.33877703e-06	4.644011e-09
2.33879574e-06	6.510343e-09
2.33881445e-06	6.908801e-09
2.33883316e-06	7.419802e-09
2.33885187e-06	7.574836e-09
2.33887058e-06	5.820755e-09
2.33888929e-06	6.164011e-09
2.33890800e-06	6.069814e-09
2.33892672e-06	5.515874e-09
2.33894543e-06	3.297729e-09
2.33896414e-06	2.894661e-09
2.33898285e-06	5.815667e-09
2.33900156e-06	6.023775e-09
2.33902027e-06	5.629451e-09
2.33903899e-06	5.402468e-09
2.33905770e-06	3.916113e-09
2.33907641e-06	4.830511e-10
2.33909512e-06	9.669146e-10
2.33911384e-06	4.527758e-09
2.33913255e-06	5.880909e-09
2.33915126e-06	5.790090e-09
2.33916998e-06	5.667035e-09
2.33918869e-06	3.975070e-09
2.33920740e-06	4.526517e-09
2.33922612e-06	5.254841e-09
2.33924483e-06	6.154162e-09
2.33926354e-06	6.606009e-09
2.33928226e-06	5.135740e-09
2.33930097e-06	2.603647e-09
2.33931969e-06	3.744019e-10
2.33933840e-06	1.292267e-09
2.33935712e-06	5.205860e-09
2.33937583e-06	6.262033e-09
2.33939455e-06	6.410161e-09
2.33941326e-06	6.736922e-09
2.33943198e-06	6.733395e-09
2.33945069e-06	5.643185e-09
2.33946941e-06	3.066414e-09
2.33948812e-06	4.192805e-09
2.33950684e-06	6.568220e-09
2.33952556e-06	7.193013e-09
2.33954427e-06	7.186419e-09
2.33956299e-06	6.357831e-09
2.33958171e-06	5.840221e-09
2.33960042e-06	3.201551e-09
2.33961914e-06	2.566839e-09
2.33963785e-06	5.277146e-09
2.33965657e-06	4.014198e-09
2.33967529e-06	3.298749e-09
2.33969401e-06	6.751734e-09
2.33971272e-06	6.765657e-09
2.33973144e-06	5.526376e-09
2.33975016e-06	4.155973e-09
2.33976888e-06	5.819161e-09
2.33978760e-06	6.213596e-09
2.33980631e-06	6.189059e-09
2.33982503e-06	7.116431e-09
2.33984375e-06	6.374447e-09
2.33986247e-06	3.080091e-09
2.33988119e-06	6.176450e-10
2.33989991e-06	8.003541e-10
2.33991863e-06	4.201274e-09
2.33993735e-06	6.652697e-09
2.33995607e-06	5.767095e-09
2.33997479e-06	7.026429e-09
2.33999351e-06	7.309366e-09
2.34001223e-06	5.763416e-09
2.34003095e-06	3.138515e-09
2.34004967e-06	3.500184e-09
2.34006839e-06	3.487673e-09
2.34008711e-06	4.563638e-09
2.34010583e-06	6.225982e-09
2.34012455e-06	4.163910e-09
2.34014327e-06	5.406211e-09
2.34016199e-06	4.699124e-09
2.34018071e-06	4.801017e-09
2.34019943e-06	5.663209e-09
2.34021815e-06	6.184005e-09
2.34023688e-06	4.985066e-09
2.34025560e-06	7.126357e-10
2.34027432e-06	5.279427e-10
2.34029304e-06	2.520147e-09
2.34031177e-06	5.013502e-09
2.34033049e-06	5.842712e-09
2.34034921e-06	3.841936e-09
2.34036793e-06	2.343333e-09
2.34038666e-06	2.478821e-09
2.34040538e-06	2.331365e-09
2.34042410e-06	2.549122e-09
2.34044283e-06	2.124502e-09
2.34046155e-06	5.309916e-09
2.34048027e-06	6.801524e-09
2.34049900e-06	6.374760e-09
2.34051772e-06	2.568971e-09
2.34053644e-06	3.217892e-09
2.34055517e-06	5.090683e-09
2.34057389e-06	3.640935e-09
2.34059262e-06	4.784951e-09
2.34061134e-06	3.779542e-09
2.34063007e-06	3.099401e-09
2.34064879e-06	5.540127e-09
2.34066752e-06	4.242069e-09
2.34068624e-06	5.514219e-09
2.34070497e-06	7.639495e-09
2.34072369e-06	7.558913e-09
2.34074242e-06	7.462675e-09
2.34076115e-06	7.657429e-09
2.34077987e-06	6.436836e-09
2.34079860e-06	7.212788e-09
2.34081733e-06	6.638538e-09
2.34083605e-06	5.774944e-09
2.34085478e-06	6.753166e-09
2.34087350e-06	6.432675e-09
2.34089223e-06	6.324215e-09
2.34091096e-06	6.755717e-09
2.34092969e-06	6.521464e-09
2.34094841e-06	7.665779e-09
2.34096714e-06	7.042645e-09
2.34098587e-06	6.546587e-09
2.34100460e-06	6.570622e-09
2.34102333e-06	6.477758e-09
2.34104205e-06	5.670665e-09
2.34106078e-06	2.447771e-09
2.34107951e-06	7.382336e-10
2.34109824e-06	3.167855e-09
2.34111697e-06	4.943540e-09
2.34113570e-06	3.017028e-09
2.34115443e-06	6.086821e-10
2.34117315e-06	4.027556e-09
2.34119188e-06	6.087886e-09
2.34121061e-06	6.209875e-09
2.34122934e-06	5.760057e-09
2.34124807e-06	4.726383e-09
2.34126680e-06	5.463311e-10
2.34128553e-06	6.023260e-10
2.34130426e-06	5.328007e-09
2.34132299e-06	6.229243e-09
2.34134172e-06	4.224877e-09
2.34136045e-06	1.492508e-09
2.34137919e-06	5.144130e-09
2.34139792e-06	6.349411e-09
2.34141665e-06	5.718144e-09
2.34143538e-06	5.328928e-09
2.34145411e-06	3.886372e-09
2.34147284e-06	2.563839e-09
2.34149158e-06	4.185921e-10
2.34151031e-06	2.367208e-09
2.34152904e-06	4.952647e-09
2.34154777e-06	4.336461e-09
2.34156650e-06	5.056516e-09
2.34158524e-06	5.731824e-09
2.34160397e-06	6.999214e-09
2.34162270e-06	7.135474e-09
2.34164143e-06	7.214407e-09
2.34166017e-06	6.877018e-09
2.34167890e-06	5.348835e-09
2.34169763e-06	2.117797e-09
2.34171637e-06	2.125781e-09
2.34173510e-06	4.760982e-09
2.34175384e-06	5.869032e-09
2.34177257e-06	7.141923e-09
2.34179130e-06	6.536554e-09
2.34181004e-06	7.186758e-09
2.34182877e-06	7.074036e-09
2.34184751e-06	5.272221e-09
2.34186624e-06	3.247336e-09
2.34188498e-06	2.281274e-09
2.34190371e-06	5.343087e-09
2.34192245e-06	4.904651e-09
2.34194118e-06	3.685245e-09
2.34195992e-06	4.519536e-09
2.34197865e-06	5.519976e-09
2.34199739e-06	6.116747e-09
2.34201613e-06	5.658722e-09
2.34203486e-06	2.022071e-09
2.34205360e-06	5.003941e-10
2.34207233e-06	3.402160e-09
2.34209107e-06	5.118239e-09
2.34210981e-06	6.731451e-09
2.34212855e-06	7.242203e-09
2.34214728e-06	6.404725e-09
2.34216602e-06	4.948129e-09
2.34218476e-06	5.410090e-09
2.34220349e-06	7.035977e-09
2.34222223e-06	7.742267e-09
2.34224097e-06	7.837536e-09
2.34225971e-06	7.951107e-09
2.34227844e-06	8.313397e-09
2.34229718e-06	8.588618e-09
2.34231592e-06	7.850656e-09
2.34233466e-06	7.170028e-09
2.34235340e-06	7.816211e-09
2.34237214e-06	6.753632e-09
2.34239088e-06	6.243426e-09
2.34240962e-06	6.535373e-09
2.34242835e-06	6.378765e-09
2.34244709e-06	3.678196e-09
2.34246583e-06	5.175507e-09
2.34248457e-06	7.089365e-09
2.34250331e-06	7.613458e-09
2.34252205e-06	7.687578e-09
2.34254079e-06	5.676975e-09
2.34255953e-06	4.173325e-09
2.34257827e-06	4.952461e-09
2.34259702e-06	4.795406e-09
2.34261576e-06	5.795027e-09
2.34263450e-06	7.055615e-09
2.34265324e-06	7.261008e-09
2.34267198e-06	6.269984e-09
2.34269072e-06	5.183045e-09
2.34270946e-06	6.225628e-09
2.34272820e-06	4.955462e-09
2.34274695e-06	6.744999e-10
2.34276569e-06	4.993854e-10
2.34278443e-06	3.663290e-09
2.34280317e-06	5.682674e-09
2.34282191e-06	6.265641e-09
2.34284066e-06	4.726023e-09
2.34285940e-06	4.434275e-09
2.34287814e-06	5.111031e-09
2.34289689e-06	5.763854e-09
2.34291563e-06	6.671980e-09
2.34293437e-06	7.130195e-09
2.34295312e-06	7.189379e-09
2.34297186e-06	6.539688e-09
2.34299060e-06	5.520236e-09
2.34300935e-06	6.597192e-09
2.34302809e-06	7.474211e-09
2.34304684e-06	6.577648e-09
2.34306558e-06	5.315317e-09
2.34308432e-06	6.655041e-09
2.34310307e-06	7.302609e-09
2.34312181e-06	7.066094e-09
2.34314056e-06	6.976777e-09
2.34315930e-06	4.818419e-09
2.34317805e-06	5.847868e-09
2.34319679e-06	6.742149e-09
2.34321554e-06	5.435533e-09
2.34323429e-06	3.036459e-09
2.34325303e-06	2.468450e-09
2.34327178e-06	4.053966e-10
2.34329052e-06	3.750140e-09
2.34330927e-06	5.200371e-09
2.34332802e-06	6.695595e-09
2.34334676e-06	7.657775e-09
2.34336551e-06	7.410759e-09
2.34338426e-06	5.799571e-09
2.34340300e-06	6.545145e-09
2.34342175e-06	5.703619e-09
2.34344050e-06	5.527682e-09
2.34345925e-06	5.494143e-09
2.34347799e-06	3.138746e-09
2.34349674e-06	2.223705e-09
2.34351549e-06	5.251980e-09
2.34353424e-06	6.348953e-09
2.34355299e-06	6.208146e-09
2.34357173e-06	6.244403e-09
2.34359048e-06	5.002402e-09
2.34360923e-06	2.184728e-09
2.34362798e-06	1.650559e-09
2.34364673e-06	5.021451e-09
2.34366548e-06	3.494020e-09
2.34368423e-06	9.377079e-10
2.34370298e-06	2.293808e-09
2.34372173e-06	4.363615e-09
2.34374048e-06	6.727848e-09
2.34375923e-06	6.137372e-09
2.34377798e-06	6.256867e-09
2.34379673e-06	6.655951e-09
2.34381548e-06	3.708945e-09
2.34383423e-06	2.190243e-09
2.34385298e-06	4.513930e-09
2.34387173e-06	5.293346e-09
2.34389048e-06	6.806152e-09
2.34390923e-06	6.118520e-09
2.34392798e-06	5.946879e-09
2.34394673e-06	7.265778e-09
2.34396549e-06	6.773520e-09
2.34398424e-06	4.935083e-09
2.34400299e-06	5.935879e-09
2.34402174e-06	4.713824e-09
2.34404049e-06	3.655462e-09
2.34405925e-06	5.107605e-10
2.34407800e-06	7.605341e-10
2.34409675e-06	4.428120e-09
2.34411550e-06	5.507424e-09
2.34413426e-06	5.240398e-09
2.34415301e-06	6.080143e-09
2.34417176e-06	6.924058e-09
2.34419052e-06	6.978704e-09
2.34420927e-06	6.547525e-09
2.34422802e-06	6.667985e-09
2.34424678e-06	6.906081e-09
2.34426553e-06	7.280695e-09
2.34428429e-06	5.613793e-09
2.34430304e-06	5.453258e-09
2.34432179e-06	4.354429e-09
2.34434055e-06	5.366034e-09
2.34435930e-06	6.626364e-09
2.34437806e-06	6.369020e-09
2.34439681e-06	5.694391e-09
2.34441557e-06	5.495980e-09
2.34443432e-06	5.291494e-09
2.34445308e-06	1.984107e-09
2.34447183e-06	2.544517e-09
2.34449059e-06	4.659379e-09
2.34450935e-06	3.420276e-09
2.34452810e-06	4.664690e-09
2.34454686e-06	5.600934e-09
2.34456562e-06	4.848394e-09
2.34458437e-06	5.101674e-09
2.34460313e-06	6.453029e-09
2.34462189e-06	6.876269e-09
2.34464064e-06	6.165585e-09
2.34465940e-06	5.585469e-09
2.34467816e-06	4.102657e-09
2.34469691e-06	5.928930e-10
2.34471567e-06	5.654619e-10
2.34473443e-06	4.050213e-09
2.34475319e-06	4.795503e-09
2.34477195e-06	3.236538e-09
2.34479070e-06	8.749955e-10
2.34480946e-06	1.714100e-09
2.34482822e-06	3.655074e-09
2.34484698e-06	6.290264e-09
2.34486574e-06	6.139732e-09
2.34488450e-06	3.947904e-09
2.34490326e-06	4.304129e-09
2.34492202e-06	4.653267e-09
2.34494077e-06	5.235764e-09
2.34495953e-06	2.934679e-09
2.34497829e-06	4.864713e-09
2.34499705e-06	5.751735e-09
2.34501581e-06	3.922075e-09
2.34503457e-06	5.413287e-10
2.34505333e-06	9.564891e-10
2.34507209e-06	4.127742e-09
2.34509086e-06	3.378304e-09
2.34510962e-06	5.643955e-09
2.34512838e-06	7.065029e-09
2.34514714e-06	7.392018e-09
2.34516590e-06	6.732699e-09
2.34518466e-06	6.000083e-09
2.34520342e-06	5.844761e-09
2.34522218e-06	3.967169e-09
2.34524094e-06	2.367382e-09
2.34525971e-06	4.574727e-09
2.34527847e-06	4.525612e-09
2.34529723e-06	7.219978e-10
2.34531599e-06	1.296702e-09
2.34533476e-06	4.978336e-09
2.34535352e-06	5.467492e-09
2.34537228e-06	3.839589e-09
2.34539104e-06	3.635839e-09
2.34540981e-06	4.791641e-10
2.34542857e-06	8.327397e-10
2.34544733e-06	2.071652e-09
2.34546610e-06	3.427328e-09
2.34548486e-06	1.814962e-09
2.34550363e-06	3.047258e-09
2.34552239e-06	6.202697e-09
2.34554115e-06	6.422620e-09
2.34555992e-06	5.086928e-09
2.34557868e-06	6.270238e-09
2.34559745e-06	6.682876e-09
2.34561621e-06	2.643676e-09
2.34563498e-06	3.179872e-09
2.34565374e-06	6.212709e-09
2.34567251e-06	7.573684e-09
2.34569127e-06	6.838648e-09
2.34571004e-06	6.176058e-09
2.34572880e-06	7.347901e-09
2.34574757e-06	5.970130e-09
2.34576634e-06	5.931949e-09
2.34578510e-06	8.001958e-09
2.34580387e-06	8.350028e-09
2.34582263e-06	7.442860e-09
2.34584140e-06	5.122988e-09
2.34586017e-06	5.705920e-09
2.34587894e-06	7.789438e-09
2.34589770e-06	7.691265e-09
2.34591647e-06	7.800112e-09
2.34593524e-06	7.628906e-09
2.34595400e-06	7.134760e-09
2.34597277e-06	5.561236e-09
2.34599154e-06	4.633287e-09
2.34601031e-06	7.463955e-09
2.34602908e-06	8.222418e-09
2.34604784e-06	6.322153e-09
2.34606661e-06	5.488169e-09
2.34608538e-06	6.601897e-09
2.34610415e-06	5.982216e-09
2.34612292e-06	5.911899e-09
2.34614169e-06	7.015081e-09
2.34616046e-06	6.215257e-09
2.34617923e-06	4.481448e-09
2.34619800e-06	6.728791e-09
2.34621676e-06	7.602484e-09
2.34623553e-06	7.208453e-09
2.34625430e-06	6.885424e-09
2.34627307e-06	7.202245e-09
2.34629184e-06	7.467537e-09
2.34631061e-06	5.833538e-09
2.34632938e-06	5.660462e-09
2.34634816e-06	5.467305e-09
2.34636693e-06	5.703736e-09
2.34638570e-06	6.273513e-09
2.34640447e-06	5.828085e-09
2.34642324e-06	4.991825e-09
2.34644201e-06	1.464187e-09
2.34646078e-06	4.923564e-10
2.34647955e-06	3.496338e-09
2.34649833e-06	5.540252e-09
2.34651710e-06	6.446100e-09
2.34653587e-06	5.946260e-09
2.34655464e-06	6.932556e-09
2.34657341e-06	7.525299e-09
2.34659219e-06	6.866143e-09
2.34661096e-06	6.196677e-09
2.34662973e-06	6.341216e-09
2.34664851e-06	5.590764e-09
2.34666728e-06	5.776526e-09
2.34668605e-06	7.115550e-09
2.34670483e-06	7.551407e-09
2.34672360e-06	7.011407e-09
2.34674237e-06	6.771846e-09
2.34676115e-06	5.861783e-09
2.34677992e-06	4.222381e-09
2.34679870e-06	5.917828e-10
2.34681747e-06	6.817244e-10
2.34683625e-06	4.681929e-09
2.34685502e-06	5.807587e-09
2.34687379e-06	5.598665e-09
2.34689257e-06	2.770829e-09
2.34691134e-06	1.612462e-09
2.34693012e-06	2.988850e-09
2.34694889e-06	4.931052e-09
2.34696767e-06	6.007947e-09
2.34698645e-06	7.014156e-09
2.34700522e-06	6.691422e-09
2.34702400e-06	6.573171e-09
2.34704277e-06	7.190690e-09
2.34706155e-06	7.151554e-09
2.34708033e-06	7.562309e-09
2.34709910e-06	8.046555e-09
2.34711788e-06	7.657892e-09
2.34713666e-06	7.066573e-09
2.34715543e-06	5.084182e-09
2.34717421e-06	4.090772e-09
2.34719299e-06	2.470882e-09
2.34721177e-06	5.314724e-09
2.34723054e-06	5.533470e-09
2.34724932e-06	5.559279e-09
2.34726810e-06	6.041404e-09
2.34728688e-06	5.148678e-09
2.34730566e-06	5.126285e-09
2.34732444e-06	2.706574e-09
2.34734321e-06	6.134822e-09
2.34736199e-06	7.063552e-09
2.34738077e-06	6.979627e-09
2.34739955e-06	5.323642e-09
2.34741833e-06	3.075383e-09
2.34743711e-06	4.105953e-09
2.34745589e-06	6.492332e-09
2.34747467e-06	6.748796e-09
2.34749345e-06	4.644945e-09
2.34751223e-06	1.582777e-09
2.34753101e-06	3.594435e-09
2.34754979e-06	2.781904e-09
2.34756857e-06	3.472911e-09
2.34758735e-06	5.100632e-09
2.34760613e-06	6.617440e-09
2.34762491e-06	6.980539e-09
2.34764369e-06	5.309171e-09
2.34766247e-06	2.604774e-09
2.34768125e-06	4.144230e-09
2.34770004e-06	4.671304e-09
2.34771882e-06	4.254012e-09
2.34773760e-06	3.999924e-09
2.34775638e-06	5.137900e-09
2.34777516e-06	4.244362e-09
2.34779395e-06	5.382879e-09
2.34781273e-06	5.868303e-09
2.34783151e-06	6.191815e-09
2.34785029e-06	7.761518e-09
2.34786908e-06	7.098312e-09
2.34788786e-06	6.822483e-09
2.34790664e-06	7.823052e-09
2.34792542e-06	7.909581e-09
2.34794421e-06	7.392990e-09
2.34796299e-06	6.810238e-09
2.34798178e-06	7.298892e-09
2.34800056e-06	7.496973e-09
2.34801934e-06	6.383323e-09
2.34803813e-06	7.233634e-09
2.34805691e-06	7.271165e-09
2.34807570e-06	6.835735e-09
2.34809448e-06	6.230944e-09
2.34811327e-06	5.309959e-09
2.34813205e-06	4.516290e-09
2.34815084e-06	4.655907e-09
2.34816962e-06	6.331277e-09
2.34818841e-06	6.232511e-09
2.34820719e-06	5.130458e-09
2.34822598e-06	1.252052e-09
2.34824476e-06	4.495434e-10
2.34826355e-06	3.568051e-09
2.34828234e-06	5.521753e-09
2.34830112e-06	6.454119e-09
2.34831991e-06	7.132508e-09
2.34833869e-06	6.435243e-09
2.34835748e-06	6.644016e-09
2.34837627e-06	6.358321e-09
2.34839506e-06	7.047277e-09
2.34841384e-06	6.228227e-09
2.34843263e-06	5.858146e-09
2.34845142e-06	5.867664e-09
2.34847021e-06	7.167456e-09
2.34848899e-06	6.889586e-09
2.34850778e-06	6.844206e-09
2.34852657e-06	5.203961e-09
2.34854536e-06	5.070895e-09
2.34856415e-06	6.091778e-09
2.34858293e-06	6.460849e-09
2.34860172e-06	6.317362e-09
2.34862051e-06	7.719564e-09
2.34863930e-06	7.555292e-09
2.34865809e-06	6.345010e-09
2.34867688e-06	3.153235e-09
2.34869567e-06	3.582462e-09
2.34871446e-06	5.596208e-09
2.34873325e-06	5.439957e-09
2.34875204e-06	7.396798e-09
2.34877083e-06	7.829041e-09
2.34878962e-06	6.536404e-09
2.34880841e-06	5.564216e-09
2.34882720e-06	4.973068e-09
2.34884599e-06	5.058560e-09
2.34886478e-06	6.787977e-09
2.34888357e-06	6.627760e-09
2.34890236e-06	7.077974e-09
2.34892115e-06	7.842047e-09
2.34893994e-06	7.757427e-09
2.34895873e-06	4.948408e-09
2.34897753e-06	6.030283e-09
2.34899632e-06	5.114326e-09
2.34901511e-06	4.313601e-09
2.34903390e-06	6.910110e-09
2.34905269e-06	7.047048e-09
2.34907149e-06	7.066215e-09
2.34909028e-06	6.463264e-09
2.34910907e-06	5.840497e-09
2.34912787e-06	6.674583e-09
2.34914666e-06	6.383064e-09
2.34916545e-06	5.333011e-09
2.34918425e-06	6.041236e-09
2.34920304e-06	5.011253e-09
2.34922183e-06	5.592902e-09
2.34924063e-06	5.193314e-09
2.34925942e-06	6.731627e-09
2.34927821e-06	7.282891e-09
2.34929701e-06	4.263824e-09
2.34931580e-06	4.933722e-09
2.34933460e-06	5.312694e-09
2.34935339e-06	3.777902e-09
2.34937219e-06	2.433627e-09
2.34939098e-06	4.559010e-09
2.34940978e-06	5.228974e-09
2.34942857e-06	2.260907e-09
2.34944737e-06	5.251162e-09
2.34946616e-06	5.804418e-09
2.34948496e-06	4.035204e-09
2.34950375e-06	4.652329e-10
2.34952255e-06	3.510643e-09
2.34954135e-06	6.294842e-09
2.34956014e-06	6.821847e-09
2.34957894e-06	5.879573e-09
2.34959774e-06	6.952748e-09
2.34961653e-06	4.940635e-09
2.34963533e-06	3.964652e-09
2.34965413e-06	5.171168e-09
2.34967292e-06	3.649017e-09
2.34969172e-06	3.296337e-09
2.34971052e-06	4.568165e-10
2.34972932e-06	1.428712e-09
2.34974812e-06	4.007759e-09
2.34976691e-06	1.399690e-09
2.34978571e-06	4.153960e-09
2.34980451e-06	4.840900e-09
2.34982331e-06	3.706035e-09
2.34984211e-06	9.243917e-10
2.34986090e-06	3.206804e-09
2.34987970e-06	4.360755e-09
2.34989850e-06	5.079259e-09
2.34991730e-06	7.029579e-09
2.34993610e-06	6.779280e-09
2.34995490e-06	7.188868e-09
2.34997370e-06	5.780713e-09
