2.30001633e-06	7.217331e-09
2.30003473e-06	5.056943e-09
2.30005313e-06	6.846647e-09
2.30007153e-06	5.601598e-09
2.30008993e-06	5.172406e-09
2.30010833e-06	7.647691e-09
2.30012673e-06	8.010004e-09
2.30014513e-06	7.875731e-09
2.30016353e-06	7.419052e-09
2.30018194e-06	7.704755e-09
2.30020034e-06	7.835423e-09
2.30021874e-06	8.446757e-09
2.30023714e-06	7.830871e-09
2.30025554e-06	7.024557e-09
2.30027395e-06	6.875163e-09
2.30029235e-06	6.188003e-09
2.30031075e-06	6.861263e-09
2.30032915e-06	7.380401e-09
2.30034756e-06	7.935099e-09
2.30036596e-06	6.683136e-09
2.30038436e-06	5.831445e-09
2.30040276e-06	6.488885e-09
2.30042117e-06	6.378967e-09
2.30043957e-06	6.850981e-09
2.30045797e-06	6.947851e-09
2.30047638e-06	5.795648e-09
2.30049478e-06	4.054819e-09
2.30051319e-06	3.524704e-09
2.30053159e-06	1.476624e-09
2.30054999e-06	6.483191e-10
2.30056840e-06	4.274974e-09
2.30058680e-06	4.943434e-09
2.30060521e-06	1.896965e-09
2.30062361e-06	3.910747e-09
2.30064202e-06	5.768694e-09
2.30066042e-06	6.003272e-09
2.30067883e-06	6.569402e-09
2.30069723e-06	6.592501e-09
2.30071564e-06	5.500054e-09
2.30073404e-06	1.404233e-09
2.30075245e-06	1.818942e-09
2.30077086e-06	5.949690e-09
2.30078926e-06	6.646957e-09
2.30080767e-06	6.947231e-09
2.30082608e-06	6.899461e-09
2.30084448e-06	7.057096e-09
2.30086289e-06	7.048333e-09
2.30088129e-06	7.032532e-09
2.30089970e-06	6.935660e-09
2.30091811e-06	7.109653e-09
2.30093652e-06	7.201491e-09
2.30095492e-06	7.273721e-09
2.30097333e-06	5.611313e-09
2.30099174e-06	5.239131e-09
2.30101015e-06	5.592036e-09
2.30102856e-06	5.630388e-09
2.30104696e-06	6.699501e-09
2.30106537e-06	6.505872e-09
2.30108378e-06	3.592152e-09
2.30110219e-06	1.865641e-09
2.30112060e-06	5.619591e-09
2.30113901e-06	7.059523e-09
2.30115742e-06	7.597339e-09
2.30117583e-06	7.374462e-09
2.30119423e-06	5.979806e-09
2.30121265e-06	5.145884e-09
2.30123105e-06	6.457041e-09
2.30124946e-06	6.423705e-09
2.30126787e-06	6.034416e-09
2.30128628e-06	3.755636e-09
2.30130469e-06	9.083782e-10
2.30132310e-06	6.720829e-10
2.30134152e-06	2.562280e-09
2.30135993e-06	4.183223e-09
2.30137834e-06	4.778683e-09
2.30139675e-06	1.647382e-09
2.30141516e-06	3.515962e-09
2.30143357e-06	6.956363e-09
2.30145198e-06	7.336374e-09
2.30147039e-06	5.844974e-09
2.30148881e-06	2.171078e-09
2.30150722e-06	1.485045e-09
2.30152563e-06	5.589442e-09
2.30154404e-06	7.017767e-09
2.30156245e-06	7.139031e-09
2.30158087e-06	6.870714e-09
2.30159928e-06	7.554409e-09
2.30161769e-06	7.585902e-09
2.30163611e-06	6.300706e-09
2.30165452e-06	5.835324e-09
2.30167293e-06	6.053879e-09
2.30169135e-06	7.001546e-09
2.30170976e-06	7.524254e-09
2.30172817e-06	8.008513e-09
2.30174659e-06	7.587128e-09
2.30176500e-06	6.452937e-09
2.30178341e-06	7.773897e-09
2.30180183e-06	7.393271e-09
2.30182024e-06	6.351318e-09
2.30183866e-06	7.274900e-09
2.30185707e-06	6.754978e-09
2.30187549e-06	6.242785e-09
2.30189390e-06	6.886220e-09
2.30191232e-06	7.808071e-09
2.30193073e-06	7.478286e-09
2.30194915e-06	7.335972e-09
2.30196756e-06	7.919594e-09
2.30198598e-06	7.639206e-09
2.30200440e-06	6.954378e-09
2.30202281e-06	5.435409e-09
2.30204123e-06	5.617778e-09
2.30205964e-06	6.345690e-09
2.30207806e-06	6.358176e-09
2.30209648e-06	5.227753e-09
2.30211489e-06	1.046568e-09
2.30213331e-06	6.677015e-10
2.30215173e-06	4.067427e-09
2.30217014e-06	6.273306e-09
2.30218856e-06	6.932997e-09
2.30220698e-06	7.339066e-09
2.30222540e-06	7.128640e-09
2.30224381e-06	7.239596e-09
2.30226223e-06	6.058810e-09
2.30228065e-06	5.283472e-09
2.30229907e-06	6.860373e-09
2.30231749e-06	7.080323e-09
2.30233591e-06	7.364045e-09
2.30235433e-06	7.897132e-09
2.30237274e-06	8.083877e-09
2.30239116e-06	8.225880e-09
2.30240958e-06	7.566571e-09
2.30242800e-06	7.205644e-09
2.30244642e-06	7.609074e-09
2.30246484e-06	7.699937e-09
2.30248326e-06	7.734754e-09
2.30250168e-06	7.607755e-09
2.30252010e-06	7.408349e-09
2.30253852e-06	6.775982e-09
2.30255694e-06	7.381144e-09
2.30257536e-06	7.719943e-09
2.30259378e-06	7.708369e-09
2.30261220e-06	7.350745e-09
2.30263062e-06	7.388787e-09
2.30264904e-06	7.175043e-09
2.30266747e-06	7.178794e-09
2.30268589e-06	7.955360e-09
2.30270431e-06	7.627133e-09
2.30272273e-06	6.984684e-09
2.30274115e-06	5.924245e-09
2.30275957e-06	1.938326e-09
2.30277800e-06	2.632727e-09
2.30279642e-06	4.632221e-09
2.30281484e-06	4.504529e-09
2.30283326e-06	6.716700e-09
2.30285168e-06	6.898252e-09
2.30287011e-06	7.319371e-09
2.30288853e-06	7.175787e-09
2.30290695e-06	6.390626e-09
2.30292538e-06	5.634893e-09
2.30294380e-06	5.511225e-09
2.30296222e-06	2.262426e-09
2.30298065e-06	6.166343e-10
2.30299907e-06	1.542716e-09
2.30301750e-06	3.881440e-09
2.30303592e-06	5.032033e-09
2.30305434e-06	6.732382e-09
2.30307277e-06	6.997107e-09
2.30309119e-06	7.056781e-09
2.30310962e-06	6.638707e-09
2.30312804e-06	5.482146e-09
2.30314647e-06	7.163380e-09
2.30316489e-06	7.721005e-09
2.30318332e-06	6.893916e-09
2.30320174e-06	4.090453e-09
2.30322017e-06	5.035813e-09
2.30323860e-06	7.892744e-09
2.30325702e-06	7.975491e-09
2.30327545e-06	7.406883e-09
2.30329387e-06	6.358153e-09
2.30331230e-06	3.948416e-09
2.30333073e-06	3.474563e-09
2.30334915e-06	4.400150e-09
2.30336758e-06	6.037605e-09
2.30338601e-06	7.716076e-09
2.30340443e-06	8.150559e-09
2.30342286e-06	8.824175e-09
2.30344129e-06	8.383844e-09
2.30345972e-06	7.682504e-09
2.30347814e-06	7.767941e-09
2.30349657e-06	8.005965e-09
2.30351500e-06	8.049717e-09
2.30353343e-06	7.135915e-09
2.30355186e-06	6.723009e-09
2.30357028e-06	6.156781e-09
2.30358871e-06	4.537128e-09
2.30360714e-06	4.924850e-09
2.30362557e-06	6.262547e-09
2.30364400e-06	6.745870e-09
2.30366243e-06	7.712577e-09
2.30368086e-06	7.399932e-09
2.30369929e-06	7.325738e-09
2.30371772e-06	6.691380e-09
2.30373615e-06	5.259296e-09
2.30375458e-06	4.960330e-09
2.30377301e-06	4.425024e-09
2.30379144e-06	5.486685e-09
2.30380987e-06	4.840812e-09
2.30382830e-06	4.746127e-09
2.30384673e-06	4.013852e-09
2.30386516e-06	6.563112e-10
2.30388359e-06	8.426953e-10
2.30390202e-06	3.929204e-09
2.30392045e-06	4.176629e-09
2.30393888e-06	5.861865e-09
2.30395731e-06	5.790146e-09
2.30397575e-06	6.511790e-09
2.30399418e-06	7.197523e-09
2.30401261e-06	7.237511e-09
2.30403104e-06	7.880333e-09
2.30404947e-06	7.559834e-09
2.30406791e-06	6.979315e-09
2.30408634e-06	6.934197e-09
2.30410477e-06	7.145660e-09
2.30412321e-06	7.949787e-09
2.30414164e-06	8.119184e-09
2.30416007e-06	7.466554e-09
2.30417850e-06	7.320582e-09
2.30419694e-06	7.370532e-09
2.30421537e-06	6.406174e-09
2.30423381e-06	6.525370e-09
2.30425224e-06	7.667729e-09
2.30427067e-06	7.099491e-09
2.30428911e-06	7.072405e-09
2.30430754e-06	7.261504e-09
2.30432598e-06	6.462184e-09
2.30434441e-06	7.262979e-09
2.30436285e-06	8.104907e-09
2.30438128e-06	8.930005e-09
2.30439971e-06	8.531964e-09
2.30441815e-06	8.535526e-09
2.30443659e-06	8.340161e-09
2.30445502e-06	7.189259e-09
2.30447346e-06	7.213654e-09
2.30449189e-06	7.027397e-09
2.30451033e-06	7.466698e-09
2.30452877e-06	7.496425e-09
2.30454720e-06	8.058940e-09
2.30456564e-06	7.690342e-09
2.30458407e-06	7.851196e-09
2.30460251e-06	7.833382e-09
2.30462095e-06	7.043819e-09
2.30463938e-06	6.426141e-09
2.30465782e-06	7.120631e-09
2.30467626e-06	7.713839e-09
2.30469470e-06	7.016954e-09
2.30471313e-06	5.957698e-09
2.30473157e-06	3.963443e-09
2.30475001e-06	4.575406e-09
2.30476845e-06	5.363752e-09
2.30478688e-06	1.892791e-09
2.30480532e-06	6.097364e-10
2.30482376e-06	2.715993e-09
2.30484220e-06	5.561935e-09
2.30486064e-06	5.412725e-09
2.30487908e-06	5.544011e-09
2.30489752e-06	6.267913e-09
2.30491596e-06	5.974428e-09
2.30493440e-06	2.844258e-09
2.30495284e-06	4.370241e-09
2.30497128e-06	4.032515e-09
2.30498972e-06	3.296566e-09
2.30500815e-06	5.423012e-09
2.30502660e-06	6.997431e-09
2.30504504e-06	5.936239e-09
2.30506347e-06	6.234408e-09
2.30508192e-06	6.430988e-09
2.30510036e-06	6.536922e-09
2.30511880e-06	6.809347e-09
2.30513724e-06	7.307978e-09
2.30515568e-06	6.944805e-09
2.30517412e-06	7.050711e-09
2.30519256e-06	7.414806e-09
2.30521100e-06	6.463184e-09
2.30522944e-06	6.883955e-09
2.30524789e-06	6.985267e-09
2.30526633e-06	6.997367e-09
2.30528477e-06	7.265675e-09
2.30530321e-06	7.428376e-09
2.30532166e-06	6.029844e-09
2.30534010e-06	6.398676e-09
2.30535854e-06	7.018965e-09
2.30537698e-06	6.779449e-09
2.30539543e-06	5.412403e-09
2.30541387e-06	1.491022e-09
2.30543231e-06	4.046567e-09
2.30545076e-06	6.080145e-09
2.30546920e-06	5.069483e-09
2.30548764e-06	2.644006e-09
2.30550609e-06	5.196602e-09
2.30552453e-06	7.270494e-09
2.30554298e-06	7.760556e-09
2.30556142e-06	7.504984e-09
2.30557987e-06	7.144369e-09
2.30559831e-06	7.037925e-09
2.30561675e-06	6.316558e-09
2.30563520e-06	2.085401e-09
2.30565365e-06	9.557445e-10
2.30567209e-06	4.491956e-09
2.30569054e-06	5.649070e-09
2.30570898e-06	6.364013e-09
2.30572743e-06	5.614817e-09
2.30574587e-06	4.796292e-09
2.30576432e-06	8.180703e-10
2.30578276e-06	6.323078e-10
2.30580121e-06	3.547054e-09
2.30581966e-06	6.042931e-09
2.30583810e-06	6.800592e-09
2.30585655e-06	5.933853e-09
2.30587500e-06	4.401424e-09
2.30589344e-06	3.828373e-09
2.30591189e-06	5.738546e-09
2.30593034e-06	6.685932e-09
2.30594879e-06	6.083405e-09
2.30596723e-06	6.168655e-09
2.30598568e-06	5.811442e-09
2.30600413e-06	6.994839e-09
2.30602258e-06	7.768638e-09
2.30604102e-06	8.060546e-09
2.30605947e-06	8.229559e-09
2.30607792e-06	7.930898e-09
2.30609637e-06	7.662580e-09
2.30611482e-06	7.309713e-09
2.30613327e-06	5.979076e-09
2.30615172e-06	5.875885e-09
2.30617017e-06	7.071746e-09
2.30618862e-06	6.382328e-09
2.30620707e-06	5.720380e-09
2.30622551e-06	6.447219e-09
2.30624396e-06	7.490801e-09
2.30626241e-06	7.442480e-09
2.30628087e-06	7.280788e-09
2.30629932e-06	7.704084e-09
2.30631777e-06	8.394046e-09
2.30633622e-06	7.717174e-09
2.30635467e-06	6.729464e-09
2.30637312e-06	7.303174e-09
2.30639157e-06	7.076808e-09
2.30641002e-06	6.697771e-09
2.30642847e-06	7.519274e-09
2.30644692e-06	5.960691e-09
2.30646537e-06	5.498208e-09
2.30648383e-06	5.896955e-09
2.30650228e-06	4.954913e-09
2.30652073e-06	4.651551e-09
2.30653918e-06	5.112294e-09
2.30655763e-06	5.784755e-09
2.30657609e-06	6.236735e-09
2.30659454e-06	6.653507e-09
2.30661299e-06	7.000552e-09
2.30663144e-06	5.083237e-09
2.30664990e-06	3.593724e-09
2.30666835e-06	1.562663e-09
2.30668681e-06	4.615986e-09
2.30670526e-06	5.810854e-09
2.30672371e-06	5.566058e-09
2.30674217e-06	5.785671e-09
2.30676062e-06	3.276496e-09
2.30677907e-06	6.835782e-10
2.30679753e-06	6.807185e-10
2.30681598e-06	4.417778e-09
2.30683444e-06	5.460460e-09
2.30685289e-06	4.776884e-09
2.30687135e-06	6.356683e-09
2.30688980e-06	6.625108e-09
2.30690826e-06	5.539802e-09
2.30692671e-06	5.199282e-09
2.30694517e-06	6.693393e-09
2.30696362e-06	6.994920e-09
2.30698208e-06	7.347452e-09
2.30700053e-06	7.723507e-09
2.30701899e-06	8.088028e-09
2.30703745e-06	7.515856e-09
2.30705590e-06	6.869166e-09
2.30707436e-06	7.820317e-09
2.30709282e-06	7.821462e-09
2.30711127e-06	8.030427e-09
2.30712973e-06	8.151462e-09
2.30714819e-06	8.242059e-09
2.30716664e-06	8.071145e-09
2.30718510e-06	8.173952e-09
2.30720356e-06	8.192830e-09
2.30722202e-06	7.512396e-09
2.30724047e-06	6.795849e-09
2.30725893e-06	6.925720e-09
2.30727739e-06	7.445340e-09
2.30729585e-06	5.794765e-09
2.30731431e-06	5.191107e-09
2.30733277e-06	7.110597e-09
2.30735122e-06	7.781230e-09
2.30736968e-06	7.266609e-09
2.30738814e-06	5.619947e-09
2.30740660e-06	6.284135e-09
2.30742506e-06	7.519566e-09
2.30744352e-06	8.080452e-09
2.30746198e-06	7.960036e-09
2.30748044e-06	7.213397e-09
2.30749890e-06	6.754725e-09
2.30751736e-06	5.417571e-09
2.30753582e-06	6.265756e-09
2.30755428e-06	6.919219e-09
2.30757274e-06	6.570988e-09
2.30759120e-06	5.932992e-09
2.30760966e-06	4.600726e-09
2.30762812e-06	2.011886e-09
2.30764658e-06	8.072661e-10
2.30766504e-06	3.621031e-09
2.30768351e-06	4.833491e-09
2.30770197e-06	6.513792e-09
2.30772043e-06	7.562650e-09
2.30773889e-06	7.480410e-09
2.30775735e-06	7.336743e-09
2.30777581e-06	6.826310e-09
2.30779428e-06	5.144728e-09
2.30781274e-06	4.030194e-09
2.30783120e-06	7.051769e-10
2.30784966e-06	6.438622e-10
2.30786813e-06	4.048708e-09
2.30788659e-06	5.966940e-09
2.30790505e-06	6.821376e-09
2.30792352e-06	6.870807e-09
2.30794198e-06	6.814494e-09
2.30796044e-06	7.444530e-09
2.30797891e-06	7.603916e-09
2.30799737e-06	7.238567e-09
2.30801583e-06	6.019374e-09
2.30803430e-06	5.574326e-09
2.30805276e-06	3.661117e-09
2.30807123e-06	5.539760e-09
2.30808969e-06	7.245225e-09
2.30810816e-06	7.405957e-09
2.30812662e-06	7.257785e-09
2.30814509e-06	7.816613e-09
2.30816355e-06	8.241025e-09
2.30818202e-06	7.792897e-09
2.30820048e-06	6.530794e-09
2.30821895e-06	6.786177e-09
2.30823741e-06	7.590816e-09
2.30825588e-06	7.837994e-09
2.30827434e-06	6.636472e-09
2.30829281e-06	5.989570e-09
2.30831128e-06	7.158398e-09
2.30832974e-06	7.474430e-09
2.30834821e-06	7.167851e-09
2.30836668e-06	6.832239e-09
2.30838514e-06	7.022170e-09
2.30840361e-06	7.677075e-09
2.30842208e-06	7.936686e-09
2.30844055e-06	8.068207e-09
2.30845901e-06	7.590436e-09
2.30847748e-06	6.664847e-09
2.30849595e-06	5.831185e-09
2.30851442e-06	5.053454e-09
2.30853288e-06	6.309156e-09
2.30855135e-06	7.197825e-09
2.30856982e-06	7.355290e-09
2.30858829e-06	7.453078e-09
2.30860676e-06	7.824888e-09
2.30862523e-06	8.130076e-09
2.30864370e-06	7.579588e-09
2.30866217e-06	7.681154e-09
2.30868063e-06	8.181593e-09
2.30869911e-06	7.628116e-09
2.30871757e-06	7.066812e-09
2.30873604e-06	6.625899e-09
2.30875451e-06	6.852543e-09
2.30877298e-06	7.664824e-09
2.30879145e-06	7.060058e-09
2.30880992e-06	5.922053e-09
2.30882840e-06	6.026083e-09
2.30884687e-06	7.043866e-09
2.30886534e-06	6.919107e-09
2.30888381e-06	5.639014e-09
2.30890228e-06	3.657495e-09
2.30892075e-06	8.443462e-10
2.30893922e-06	6.144557e-10
2.30895769e-06	3.201929e-09
2.30897616e-06	4.806064e-09
2.30899464e-06	3.528042e-09
2.30901311e-06	5.153362e-09
2.30903158e-06	6.700667e-09
2.30905005e-06	6.769030e-09
2.30906852e-06	5.986993e-09
2.30908700e-06	4.556601e-09
2.30910547e-06	4.662688e-09
2.30912394e-06	4.973985e-09
2.30914242e-06	6.337074e-09
2.30916089e-06	5.758552e-09
2.30917936e-06	6.439920e-09
2.30919784e-06	4.110665e-09
2.30921631e-06	4.441349e-09
2.30923478e-06	6.376671e-09
2.30925326e-06	7.136381e-09
2.30927173e-06	7.778586e-09
2.30929021e-06	7.589583e-09
2.30930868e-06	8.026813e-09
2.30932715e-06	7.585589e-09
2.30934563e-06	6.570379e-09
2.30936410e-06	3.669883e-09
2.30938258e-06	5.453696e-09
2.30940105e-06	7.428127e-09
2.30941953e-06	7.184652e-09
2.30943800e-06	6.770870e-09
2.30945648e-06	6.179092e-09
2.30947495e-06	5.767898e-09
2.30949343e-06	6.503365e-09
2.30951191e-06	6.315716e-09
2.30953038e-06	5.637073e-09
2.30954886e-06	6.288837e-09
2.30956733e-06	7.128795e-09
2.30958581e-06	7.475231e-09
2.30960429e-06	7.043923e-09
2.30962277e-06	6.920467e-09
2.30964124e-06	6.435770e-09
2.30965972e-06	2.659621e-09
2.30967820e-06	7.482505e-10
2.30969667e-06	3.303167e-09
2.30971515e-06	6.539666e-09
2.30973363e-06	7.290587e-09
2.30975211e-06	5.545146e-09
2.30977059e-06	2.064246e-09
2.30978906e-06	2.992136e-09
2.30980754e-06	3.211220e-09
2.30982602e-06	3.534608e-09
2.30984450e-06	2.342284e-09
2.30986298e-06	6.426459e-09
2.30988146e-06	7.109166e-09
2.30989994e-06	6.617059e-09
2.30991842e-06	6.294136e-09
2.30993689e-06	4.416434e-09
2.30995537e-06	5.631834e-09
2.30997385e-06	6.789088e-09
2.30999233e-06	6.005711e-09
2.31001081e-06	5.324748e-09
2.31002929e-06	5.530419e-09
2.31004777e-06	2.322355e-09
2.31006625e-06	6.033674e-10
2.31008473e-06	1.492815e-09
2.31010321e-06	5.118676e-09
2.31012170e-06	5.336636e-09
2.31014018e-06	2.435952e-09
2.31015866e-06	4.992648e-09
2.31017714e-06	7.097101e-09
2.31019562e-06	7.466946e-09
2.31021410e-06	6.043162e-09
2.31023258e-06	6.570876e-09
2.31025107e-06	7.955985e-09
2.31026955e-06	8.314299e-09
2.31028803e-06	8.005942e-09
2.31030651e-06	7.846001e-09
2.31032499e-06	6.869301e-09
2.31034348e-06	5.937340e-09
2.31036196e-06	6.667071e-09
2.31038044e-06	5.430658e-09
2.31039893e-06	4.819644e-09
2.31041741e-06	5.939727e-09
2.31043589e-06	6.770121e-09
2.31045438e-06	5.265264e-09
2.31047286e-06	4.782002e-09
2.31049134e-06	5.829289e-09
2.31050983e-06	4.828760e-09
2.31052831e-06	6.482350e-09
2.31054680e-06	7.243178e-09
2.31056528e-06	6.930640e-09
2.31058377e-06	5.907347e-09
2.31060225e-06	7.037815e-09
2.31062073e-06	8.345835e-09
2.31063922e-06	7.857000e-09
2.31065770e-06	7.245804e-09
2.31067619e-06	7.705971e-09
2.31069467e-06	6.862540e-09
2.31071316e-06	6.751204e-09
2.31073165e-06	6.000416e-09
2.31075013e-06	6.240861e-09
2.31076862e-06	5.959024e-09
2.31078710e-06	6.499206e-09
2.31080559e-06	6.011170e-09
2.31082408e-06	6.713543e-09
2.31084256e-06	7.256577e-09
2.31086105e-06	6.902716e-09
2.31087954e-06	7.061014e-09
2.31089802e-06	5.917524e-09
2.31091651e-06	4.488472e-09
2.31093500e-06	5.397166e-09
2.31095349e-06	6.127978e-09
2.31097197e-06	4.343275e-09
2.31099046e-06	4.272645e-09
2.31100895e-06	4.962683e-09
2.31102744e-06	5.050152e-09
2.31104593e-06	7.300470e-09
2.31106441e-06	7.731292e-09
2.31108290e-06	6.887672e-09
2.31110139e-06	7.064194e-09
2.31111988e-06	7.288169e-09
2.31113837e-06	7.284109e-09
2.31115686e-06	6.509151e-09
2.31117535e-06	3.424470e-09
2.31119384e-06	8.695761e-10
2.31121233e-06	2.063926e-09
2.31123082e-06	6.449988e-10
2.31124931e-06	6.454686e-10
2.31126780e-06	3.911265e-09
2.31128629e-06	4.879101e-09
2.31130478e-06	5.442771e-09
2.31132327e-06	4.858913e-09
2.31134176e-06	4.832713e-09
2.31136025e-06	5.978953e-09
2.31137874e-06	6.807942e-09
2.31139723e-06	7.237214e-09
2.31141572e-06	6.340114e-09
2.31143421e-06	5.703570e-09
2.31145270e-06	6.316416e-09
2.31147120e-06	4.801188e-09
2.31148969e-06	6.001645e-09
2.31150818e-06	6.494336e-09
2.31152667e-06	5.562293e-09
2.31154516e-06	4.618108e-09
2.31156366e-06	1.364186e-09
2.31158215e-06	4.528086e-09
2.31160064e-06	7.049660e-09
2.31161913e-06	4.975380e-09
2.31163763e-06	2.160686e-09
2.31165612e-06	1.381435e-09
2.31167461e-06	3.648626e-09
2.31169311e-06	6.292614e-09
2.31171160e-06	7.081146e-09
2.31173009e-06	5.935921e-09
2.31174859e-06	6.224791e-09
2.31176708e-06	6.908940e-09
2.31178558e-06	5.623659e-09
2.31180407e-06	6.737173e-09
2.31182257e-06	7.019357e-09
2.31184106e-06	6.102862e-09
2.31185955e-06	6.384791e-09
2.31187805e-06	7.249772e-09
2.31189654e-06	3.874430e-09
2.31191504e-06	3.550085e-09
2.31193353e-06	6.386017e-09
2.31195203e-06	5.415329e-09
2.31197052e-06	6.759820e-09
2.31198902e-06	7.658800e-09
2.31200752e-06	6.981140e-09
2.31202601e-06	6.327729e-09
2.31204451e-06	4.472836e-09
2.31206301e-06	5.349624e-09
2.31208150e-06	6.096144e-09
2.31210000e-06	7.305000e-09
2.31211850e-06	7.215164e-09
2.31213699e-06	6.182742e-09
2.31215549e-06	7.197908e-09
2.31217399e-06	6.996660e-09
2.31219248e-06	5.459093e-09
2.31221098e-06	5.586670e-09
2.31222948e-06	5.823512e-09
2.31224798e-06	6.271428e-09
2.31226648e-06	6.534245e-09
2.31228497e-06	5.500272e-09
2.31230347e-06	4.628569e-09
2.31232197e-06	7.020554e-09
2.31234047e-06	6.295997e-09
2.31235897e-06	5.293771e-09
2.31237747e-06	4.999582e-09
2.31239596e-06	5.276057e-09
2.31241446e-06	5.379643e-09
2.31243296e-06	2.772416e-09
2.31245146e-06	6.033627e-10
2.31246996e-06	1.176475e-09
2.31248846e-06	4.584115e-09
2.31250696e-06	5.773691e-09
2.31252546e-06	6.408651e-09
2.31254396e-06	5.364357e-09
2.31256246e-06	6.386114e-09
2.31258096e-06	6.327516e-09
2.31259946e-06	5.740327e-09
2.31261796e-06	7.263812e-09
2.31263647e-06	7.277727e-09
2.31265497e-06	7.150359e-09
2.31267347e-06	7.914910e-09
2.31269197e-06	7.665618e-09
2.31271047e-06	6.358306e-09
2.31272897e-06	6.648903e-09
2.31274748e-06	6.760041e-09
2.31276598e-06	6.683322e-09
2.31278448e-06	7.810132e-09
2.31280298e-06	7.593698e-09
2.31282148e-06	7.278844e-09
2.31283999e-06	5.473357e-09
2.31285849e-06	4.415261e-09
2.31287699e-06	6.609067e-09
2.31289550e-06	7.032756e-09
2.31291400e-06	6.255948e-09
2.31293250e-06	5.978051e-09
2.31295100e-06	6.785116e-09
2.31296951e-06	6.289003e-09
2.31298801e-06	7.659852e-09
2.31300652e-06	6.869342e-09
2.31302502e-06	6.296334e-09
2.31304352e-06	6.450653e-09
2.31306203e-06	5.655629e-09
2.31308053e-06	5.751170e-09
2.31309904e-06	4.906316e-09
2.31311754e-06	3.139655e-09
2.31313605e-06	3.547742e-09
2.31315455e-06	5.637143e-09
2.31317306e-06	4.685755e-09
2.31319156e-06	6.081711e-09
2.31321007e-06	6.394616e-09
2.31322857e-06	4.373831e-09
2.31324708e-06	3.510895e-09
2.31326559e-06	6.810951e-09
2.31328409e-06	7.134484e-09
2.31330260e-06	6.792728e-09
2.31332111e-06	7.543829e-09
2.31333961e-06	8.165732e-09
2.31335812e-06	7.318771e-09
2.31337662e-06	6.742956e-09
2.31339513e-06	6.355098e-09
2.31341364e-06	6.417149e-09
2.31343215e-06	7.627466e-09
2.31345065e-06	8.101565e-09
2.31346916e-06	7.161638e-09
2.31348767e-06	7.154299e-09
2.31350618e-06	7.519377e-09
2.31352469e-06	7.329214e-09
2.31354319e-06	7.452338e-09
2.31356170e-06	6.870320e-09
2.31358021e-06	6.943721e-09
2.31359872e-06	5.407154e-09
2.31361723e-06	5.449362e-09
2.31363574e-06	6.342255e-09
2.31365425e-06	5.824473e-09
2.31367275e-06	4.871536e-09
2.31369127e-06	1.534159e-09
2.31370977e-06	6.012534e-10
2.31372828e-06	2.457943e-09
2.31374679e-06	5.501782e-09
2.31376530e-06	5.761493e-09
2.31378381e-06	5.472850e-09
2.31380232e-06	6.072760e-09
2.31382083e-06	4.551466e-09
2.31383935e-06	4.782870e-09
2.31385786e-06	6.146036e-09
2.31387637e-06	6.587076e-09
2.31389488e-06	6.158594e-09
2.31391339e-06	6.763429e-09
2.31393190e-06	6.843408e-09
2.31395041e-06	5.226766e-09
2.31396892e-06	5.803354e-09
2.31398744e-06	6.220231e-09
2.31400595e-06	4.996233e-09
2.31402446e-06	5.718018e-09
2.31404297e-06	2.056834e-09
2.31406148e-06	1.993027e-09
2.31408000e-06	5.574082e-09
2.31409851e-06	7.122466e-09
2.31411702e-06	6.757582e-09
2.31413553e-06	7.443244e-09
2.31415405e-06	6.994248e-09
2.31417256e-06	7.543661e-09
2.31419107e-06	7.233047e-09
2.31420959e-06	7.869030e-09
2.31422810e-06	7.537039e-09
2.31424662e-06	6.260894e-09
2.31426513e-06	6.848444e-09
2.31428364e-06	7.437526e-09
2.31430216e-06	8.035207e-09
2.31432067e-06	6.698896e-09
2.31433919e-06	6.707897e-09
2.31435770e-06	6.899057e-09
2.31437622e-06	5.224875e-09
2.31439473e-06	4.314501e-09
2.31441325e-06	6.544107e-09
2.31443176e-06	6.303508e-09
2.31445028e-06	6.921765e-09
2.31446879e-06	6.010154e-09
2.31448731e-06	5.880453e-09
2.31450582e-06	6.805998e-09
2.31452434e-06	6.205430e-09
2.31454286e-06	4.768811e-09
2.31456137e-06	6.423444e-09
2.31457989e-06	7.532663e-09
2.31459841e-06	7.454516e-09
2.31461692e-06	7.279394e-09
2.31463544e-06	7.425301e-09
2.31465396e-06	5.851259e-09
2.31467247e-06	1.369223e-09
2.31469099e-06	9.258269e-10
2.31470951e-06	4.237856e-09
2.31472803e-06	4.684305e-09
2.31474654e-06	4.056610e-09
2.31476506e-06	5.785883e-09
2.31478358e-06	6.668652e-09
2.31480210e-06	4.890910e-09
2.31482062e-06	4.815242e-09
2.31483913e-06	6.609870e-09
2.31485765e-06	5.200192e-09
2.31487617e-06	3.838085e-09
2.31489469e-06	5.976091e-09
2.31491321e-06	4.847449e-09
2.31493173e-06	4.963632e-09
2.31495025e-06	4.917812e-09
2.31496877e-06	1.863020e-09
2.31498729e-06	6.847931e-10
2.31500581e-06	5.997408e-10
2.31502433e-06	2.730355e-09
2.31504285e-06	5.272246e-09
2.31506137e-06	4.462451e-09
2.31507989e-06	5.146554e-09
2.31509841e-06	6.352000e-09
2.31511693e-06	5.098402e-09
2.31513545e-06	5.502211e-09
2.31515397e-06	6.845120e-09
2.31517250e-06	7.123398e-09
2.31519102e-06	7.716004e-09
2.31520954e-06	7.284960e-09
2.31522806e-06	6.155950e-09
2.31524658e-06	6.184372e-09
2.31526510e-06	6.756371e-09
2.31528362e-06	4.629468e-09
2.31530215e-06	1.409927e-09
2.31532067e-06	3.733324e-09
2.31533919e-06	6.323003e-09
2.31535771e-06	7.432904e-09
2.31537624e-06	7.787442e-09
2.31539476e-06	7.930298e-09
2.31541328e-06	6.890660e-09
2.31543181e-06	5.973595e-09
2.31545033e-06	6.432565e-09
2.31546885e-06	6.837305e-09
2.31548738e-06	6.541847e-09
2.31550590e-06	7.000592e-09
2.31552443e-06	6.812683e-09
2.31554295e-06	6.883716e-09
2.31556148e-06	7.012734e-09
2.31558000e-06	8.258790e-09
2.31559852e-06	6.635326e-09
2.31561705e-06	6.679927e-09
2.31563557e-06	7.900946e-09
2.31565410e-06	7.950672e-09
2.31567262e-06	7.771223e-09
2.31569115e-06	5.587738e-09
2.31570967e-06	4.793703e-09
2.31572820e-06	6.048665e-09
2.31574673e-06	6.141871e-09
2.31576525e-06	5.124053e-09
2.31578378e-06	5.631188e-09
2.31580231e-06	6.058032e-09
2.31582083e-06	4.704513e-09
2.31583936e-06	6.730507e-09
2.31585788e-06	5.769072e-09
2.31587641e-06	4.563675e-09
2.31589494e-06	6.861487e-09
2.31591347e-06	7.730369e-09
2.31593199e-06	8.017507e-09
2.31595052e-06	7.199077e-09
2.31596905e-06	6.373744e-09
2.31598758e-06	6.657737e-09
2.31600610e-06	5.800349e-09
2.31602463e-06	6.962256e-09
2.31604316e-06	8.000644e-09
2.31606169e-06	8.218674e-09
2.31608022e-06	7.414330e-09
2.31609875e-06	6.726866e-09
2.31611727e-06	5.731863e-09
2.31613580e-06	5.392401e-09
2.31615433e-06	5.329129e-09
2.31617286e-06	4.262074e-09
2.31619139e-06	6.339208e-09
2.31620992e-06	6.814916e-09
2.31622845e-06	5.602541e-09
2.31624698e-06	2.690048e-09
2.31626551e-06	3.355667e-09
2.31628404e-06	2.667753e-09
2.31630257e-06	3.093226e-09
2.31632110e-06	1.463613e-09
2.31633963e-06	6.005420e-10
2.31635816e-06	2.311697e-09
2.31637669e-06	5.033149e-09
2.31639522e-06	5.460690e-09
2.31641375e-06	4.260673e-09
2.31643229e-06	3.662242e-09
2.31645082e-06	5.381014e-09
2.31646935e-06	5.215215e-09
2.31648788e-06	6.435722e-09
2.31650641e-06	6.973993e-09
2.31652494e-06	6.905092e-09
2.31654348e-06	6.666281e-09
2.31656201e-06	2.284591e-09
2.31658054e-06	2.682626e-09
2.31659908e-06	5.836965e-09
2.31661761e-06	5.311010e-09
2.31663614e-06	5.955921e-09
2.31665467e-06	6.703895e-09
2.31667321e-06	6.560931e-09
2.31669174e-06	5.275829e-09
2.31671027e-06	6.780423e-09
2.31672881e-06	7.276608e-09
2.31674734e-06	7.334150e-09
2.31676587e-06	5.968493e-09
2.31678441e-06	7.236140e-09
2.31680294e-06	7.938675e-09
2.31682148e-06	5.820382e-09
2.31684001e-06	3.293171e-09
2.31685855e-06	5.903678e-09
2.31687708e-06	7.108617e-09
2.31689562e-06	7.090600e-09
2.31691415e-06	7.537960e-09
2.31693269e-06	6.956604e-09
2.31695122e-06	7.706204e-09
2.31696976e-06	7.944978e-09
2.31698830e-06	5.631352e-09
2.31700683e-06	5.023875e-09
2.31702537e-06	5.531893e-09
2.31704390e-06	4.361394e-09
2.31706244e-06	5.967696e-09
2.31708098e-06	7.066054e-09
2.31709951e-06	7.896619e-09
2.31711805e-06	7.581847e-09
2.31713659e-06	6.630170e-09
2.31715512e-06	2.130150e-09
2.31717366e-06	2.870045e-09
2.31719220e-06	6.750450e-09
2.31721073e-06	7.359200e-09
2.31722927e-06	6.801500e-09
2.31724781e-06	7.160005e-09
2.31726635e-06	7.623419e-09
2.31728489e-06	7.055835e-09
2.31730342e-06	7.375481e-09
2.31732196e-06	6.860040e-09
2.31734050e-06	6.622604e-09
2.31735904e-06	7.542615e-09
2.31737758e-06	7.555373e-09
2.31739612e-06	6.415715e-09
2.31741466e-06	5.982649e-09
2.31743320e-06	6.460850e-09
2.31745174e-06	4.628633e-09
2.31747028e-06	6.026381e-09
2.31748882e-06	4.356171e-09
2.31750736e-06	2.007872e-09
2.31752590e-06	5.420954e-09
2.31754444e-06	6.306786e-09
2.31756298e-06	6.411699e-09
2.31758152e-06	5.086148e-09
2.31760006e-06	1.012815e-09
2.31761860e-06	8.710191e-10
2.31763714e-06	4.767071e-09
2.31765568e-06	5.877775e-09
2.31767422e-06	5.084988e-09
2.31769276e-06	2.621559e-09
2.31771131e-06	6.052986e-10
2.31772985e-06	1.177103e-09
2.31774839e-06	4.054484e-09
2.31776693e-06	5.292769e-09
2.31778547e-06	3.085318e-09
2.31780401e-06	4.877340e-09
2.31782256e-06	6.340152e-09
2.31784110e-06	7.301016e-09
2.31785964e-06	7.445451e-09
2.31787819e-06	5.968610e-09
2.31789673e-06	5.402943e-09
2.31791527e-06	7.305627e-09
2.31793381e-06	7.248769e-09
2.31795236e-06	6.393951e-09
2.31797090e-06	6.997991e-09
2.31798945e-06	7.402639e-09
2.31800799e-06	5.725653e-09
2.31802653e-06	5.241535e-09
2.31804508e-06	6.066978e-09
2.31806362e-06	6.501936e-09
2.31808217e-06	6.542194e-09
2.31810071e-06	5.620662e-09
2.31811926e-06	7.193753e-09
2.31813780e-06	6.657876e-09
2.31815635e-06	4.345964e-09
2.31817489e-06	5.000267e-09
2.31819344e-06	7.676497e-09
2.31821198e-06	7.397224e-09
2.31823053e-06	5.382726e-09
2.31824907e-06	4.938417e-09
2.31826762e-06	3.052391e-09
2.31828617e-06	5.152923e-09
2.31830471e-06	7.250362e-09
2.31832326e-06	8.146181e-09
2.31834181e-06	7.502178e-09
2.31836035e-06	6.601642e-09
2.31837890e-06	6.802303e-09
2.31839745e-06	7.459353e-09
2.31841599e-06	7.916994e-09
2.31843454e-06	7.950893e-09
2.31845309e-06	5.930277e-09
2.31847164e-06	3.065963e-09
2.31849018e-06	1.186114e-09
2.31850873e-06	4.180853e-09
2.31852728e-06	6.095239e-09
2.31854583e-06	6.961482e-09
2.31856438e-06	7.645792e-09
2.31858292e-06	7.251221e-09
2.31860147e-06	6.423078e-09
2.31862002e-06	6.535327e-09
2.31863857e-06	5.956013e-09
2.31865712e-06	7.175189e-09
2.31867567e-06	6.977984e-09
2.31869422e-06	6.377268e-09
2.31871277e-06	6.697728e-09
2.31873132e-06	7.294146e-09
2.31874987e-06	7.267185e-09
2.31876842e-06	7.754352e-09
2.31878697e-06	8.232017e-09
2.31880552e-06	7.976168e-09
2.31882407e-06	6.868452e-09
2.31884262e-06	7.160897e-09
2.31886117e-06	6.286409e-09
2.31887972e-06	5.525923e-09
2.31889827e-06	6.235128e-09
2.31891682e-06	6.952569e-09
2.31893538e-06	6.608666e-09
2.31895393e-06	6.729198e-09
2.31897248e-06	7.055948e-09
2.31899103e-06	6.489863e-09
2.31900958e-06	6.417697e-09
2.31902813e-06	6.076992e-09
2.31904669e-06	6.147533e-09
2.31906524e-06	5.166285e-09
2.31908379e-06	5.559246e-09
2.31910234e-06	4.153724e-09
2.31912090e-06	6.558812e-10
2.31913945e-06	6.562248e-10
2.31915800e-06	4.157862e-09
2.31917656e-06	5.657993e-09
2.31919511e-06	6.578448e-09
2.31921366e-06	6.978745e-09
2.31923222e-06	6.903286e-09
2.31925077e-06	6.294457e-09
2.31926932e-06	6.576496e-09
2.31928788e-06	6.499620e-09
2.31930643e-06	5.999663e-09
2.31932499e-06	6.644026e-09
2.31934354e-06	5.120008e-09
2.31936210e-06	5.919667e-09
2.31938065e-06	6.647327e-09
2.31939921e-06	7.462704e-09
2.31941776e-06	7.555852e-09
2.31943632e-06	7.943567e-09
2.31945487e-06	6.952347e-09
2.31947343e-06	4.662563e-09
2.31949198e-06	5.260026e-09
2.31951054e-06	4.505753e-09
2.31952910e-06	3.814396e-09
2.31954765e-06	3.985363e-09
2.31956621e-06	2.982723e-09
2.31958477e-06	4.464920e-09
2.31960332e-06	7.362764e-09
2.31962188e-06	8.254624e-09
2.31964044e-06	8.284368e-09
2.31965899e-06	8.023961e-09
2.31967755e-06	6.654154e-09
2.31969611e-06	3.533331e-09
2.31971466e-06	5.203815e-09
2.31973322e-06	6.609833e-09
2.31975178e-06	7.797563e-09
2.31977034e-06	8.175598e-09
2.31978890e-06	7.992850e-09
2.31980746e-06	8.348074e-09
2.31982601e-06	8.136956e-09
2.31984457e-06	8.003286e-09
2.31986313e-06	7.420116e-09
2.31988169e-06	6.622155e-09
2.31990025e-06	7.428860e-09
2.31991881e-06	8.072039e-09
2.31993737e-06	8.218455e-09
2.31995593e-06	6.983504e-09
2.31997449e-06	6.521688e-09
2.31999305e-06	5.070713e-09
2.32001161e-06	2.226401e-09
2.32003017e-06	5.771869e-09
2.32004873e-06	7.546291e-09
2.32006729e-06	6.296289e-09
2.32008585e-06	5.948731e-09
2.32010441e-06	7.029224e-09
2.32012297e-06	7.796407e-09
2.32014153e-06	7.360597e-09
2.32016009e-06	7.745561e-09
2.32017865e-06	7.182304e-09
2.32019721e-06	7.248646e-09
2.32021577e-06	6.784358e-09
2.32023434e-06	6.926300e-09
2.32025290e-06	6.078175e-09
2.32027146e-06	2.791351e-09
2.32029002e-06	6.247126e-09
2.32030858e-06	7.948325e-09
2.32032715e-06	8.248829e-09
2.32034571e-06	7.199598e-09
2.32036427e-06	4.716050e-09
2.32038284e-06	4.250238e-09
2.32040140e-06	5.878548e-09
2.32041996e-06	2.656283e-09
2.32043853e-06	1.569209e-09
2.32045709e-06	5.946343e-09
2.32047565e-06	6.729580e-09
2.32049422e-06	5.855650e-09
2.32051278e-06	5.519273e-09
2.32053135e-06	4.314071e-09
2.32054991e-06	3.834675e-09
2.32056847e-06	1.699034e-09
2.32058704e-06	5.992292e-10
2.32060560e-06	1.681983e-09
2.32062417e-06	3.103144e-09
2.32064273e-06	5.117425e-09
2.32066130e-06	5.514240e-09
2.32067986e-06	5.686879e-09
2.32069843e-06	6.109738e-09
2.32071699e-06	6.416909e-09
2.32073556e-06	4.129020e-09
2.32075413e-06	4.649195e-09
2.32077269e-06	5.277659e-09
2.32079126e-06	7.053173e-09
2.32080982e-06	7.656141e-09
2.32082839e-06	7.773192e-09
2.32084696e-06	7.365674e-09
2.32086552e-06	6.281183e-09
2.32088409e-06	3.895542e-09
2.32090266e-06	4.863657e-09
2.32092123e-06	5.549997e-09
2.32093979e-06	4.461903e-09
2.32095836e-06	4.569756e-09
2.32097693e-06	6.607754e-09
2.32099550e-06	6.706680e-09
2.32101406e-06	5.884392e-09
2.32103263e-06	5.706699e-09
2.32105120e-06	4.963756e-09
2.32106977e-06	6.898942e-09
2.32108834e-06	8.053104e-09
2.32110691e-06	8.010408e-09
2.32112547e-06	6.471749e-09
2.32114404e-06	4.861991e-09
2.32116261e-06	6.129419e-09
2.32118118e-06	4.221917e-09
2.32119975e-06	1.349904e-09
2.32121832e-06	4.492172e-09
2.32123689e-06	6.805526e-09
2.32125546e-06	7.592466e-09
2.32127403e-06	6.735520e-09
2.32129260e-06	6.737965e-09
2.32131117e-06	5.161318e-09
2.32132974e-06	2.910843e-09
2.32134831e-06	3.754317e-09
2.32136688e-06	5.539115e-09
2.32138545e-06	7.790117e-09
2.32140403e-06	8.074200e-09
2.32142260e-06	7.902398e-09
2.32144117e-06	7.704269e-09
2.32145974e-06	7.938535e-09
2.32147831e-06	7.626102e-09
2.32149688e-06	5.639781e-09
2.32151545e-06	5.404462e-09
2.32153403e-06	6.243665e-09
2.32155260e-06	7.166814e-09
2.32157117e-06	7.970120e-09
2.32158974e-06	8.018575e-09
2.32160832e-06	7.687178e-09
2.32162689e-06	6.399267e-09
2.32164546e-06	3.389032e-09
2.32166404e-06	4.824780e-09
2.32168261e-06	7.086034e-09
2.32170118e-06	7.897670e-09
2.32171976e-06	7.840684e-09
2.32173833e-06	7.609044e-09
2.32175690e-06	7.473010e-09
2.32177548e-06	6.411437e-09
2.32179405e-06	4.713718e-09
2.32181263e-06	6.664149e-09
2.32183120e-06	6.301219e-09
2.32184978e-06	6.043070e-09
2.32186835e-06	6.157371e-09
2.32188692e-06	6.590015e-09
2.32190550e-06	6.143885e-09
2.32192408e-06	6.520143e-09
2.32194265e-06	2.440974e-09
2.32196123e-06	1.374949e-09
2.32197980e-06	5.753133e-09
2.32199838e-06	6.276512e-09
2.32201695e-06	5.980331e-09
2.32203553e-06	5.799412e-09
2.32205411e-06	4.627610e-09
2.32207268e-06	7.252319e-10
2.32209126e-06	6.070747e-10
2.32210984e-06	3.684381e-09
2.32212841e-06	5.752360e-09
2.32214699e-06	6.332980e-09
2.32216557e-06	5.943912e-09
2.32218414e-06	3.253656e-09
2.32220272e-06	3.249418e-09
2.32222130e-06	5.973410e-09
2.32223988e-06	5.856863e-09
2.32225846e-06	5.524312e-09
2.32227703e-06	7.314499e-09
2.32229561e-06	7.135593e-09
2.32231419e-06	5.870026e-09
2.32233277e-06	6.323667e-09
2.32235135e-06	5.961807e-09
2.32236993e-06	3.102728e-09
2.32238850e-06	3.856257e-09
2.32240708e-06	6.386033e-09
2.32242566e-06	6.791711e-09
2.32244424e-06	7.048469e-09
2.32246282e-06	4.787482e-09
2.32248140e-06	4.604670e-09
2.32249998e-06	5.444021e-09
2.32251856e-06	7.267106e-09
2.32253714e-06	6.475468e-09
2.32255572e-06	4.882147e-09
2.32257430e-06	4.923004e-09
2.32259288e-06	7.063465e-09
2.32261146e-06	6.753347e-09
2.32263005e-06	5.186597e-09
2.32264863e-06	1.225445e-09
2.32266721e-06	9.111221e-10
2.32268579e-06	1.458525e-09
2.32270437e-06	3.827574e-09
2.32272295e-06	2.322429e-09
2.32274153e-06	2.453906e-09
2.32276012e-06	1.815952e-09
2.32277870e-06	5.865761e-09
2.32279728e-06	6.379714e-09
2.32281586e-06	2.577950e-09
2.32283444e-06	4.076556e-09
2.32285303e-06	3.759299e-09
2.32287161e-06	1.659159e-09
2.32289019e-06	5.033865e-09
2.32290878e-06	4.208533e-09
2.32292736e-06	2.167281e-09
2.32294594e-06	4.484088e-09
2.32296453e-06	2.937385e-09
2.32298311e-06	6.227208e-09
2.32300169e-06	5.153273e-09
2.32302028e-06	1.313864e-09
2.32303886e-06	4.574849e-09
2.32305745e-06	6.921868e-09
2.32307603e-06	4.613554e-09
2.32309462e-06	2.496900e-09
2.32311320e-06	4.410799e-09
2.32313179e-06	3.535696e-09
2.32315037e-06	1.744099e-09
2.32316896e-06	1.243127e-09
2.32318754e-06	2.137468e-09
2.32320613e-06	2.397341e-09
2.32322471e-06	2.182760e-09
2.32324330e-06	6.173010e-09
2.32326188e-06	4.430411e-09
2.32328047e-06	3.068547e-09
2.32329906e-06	7.062226e-09
2.32331764e-06	7.213051e-09
2.32333623e-06	4.494329e-09
2.32335482e-06	3.076809e-09
2.32337340e-06	3.661091e-09
2.32339199e-06	6.157753e-09
2.32341058e-06	6.768910e-09
2.32342916e-06	5.753017e-09
2.32344775e-06	1.308884e-09
2.32346634e-06	3.393270e-09
2.32348493e-06	6.786295e-09
2.32350352e-06	7.326440e-09
2.32352210e-06	7.216725e-09
2.32354069e-06	5.058520e-09
2.32355928e-06	2.915733e-09
2.32357787e-06	5.040858e-09
2.32359646e-06	4.043483e-09
2.32361504e-06	6.302268e-10
2.32363363e-06	6.576171e-10
2.32365222e-06	3.985827e-09
2.32367081e-06	5.660249e-09
2.32368940e-06	6.396962e-09
2.32370799e-06	4.988808e-09
2.32372658e-06	1.391104e-09
2.32374517e-06	2.603603e-09
2.32376376e-06	4.952501e-09
2.32378235e-06	6.375420e-09
2.32380094e-06	3.537561e-09
2.32381953e-06	3.745530e-09
2.32383812e-06	6.723577e-09
2.32385671e-06	7.211703e-09
2.32387530e-06	7.280797e-09
2.32389389e-06	6.410829e-09
2.32391249e-06	6.347408e-09
2.32393108e-06	3.748027e-09
2.32394967e-06	4.320779e-09
2.32396826e-06	6.606025e-09
2.32398685e-06	6.010011e-09
2.32400544e-06	2.692721e-09
2.32402404e-06	7.867779e-10
2.32404263e-06	1.327412e-09
2.32406122e-06	2.510538e-09
2.32407981e-06	6.190302e-09
2.32409840e-06	5.871871e-09
2.32411700e-06	6.852596e-09
2.32413559e-06	7.570058e-09
2.32415418e-06	8.010744e-09
2.32417278e-06	7.684367e-09
2.32419137e-06	6.962381e-09
2.32420996e-06	7.251970e-09
2.32422856e-06	7.446893e-09
2.32424715e-06	7.557200e-09
2.32426575e-06	6.301964e-09
2.32428434e-06	3.210995e-09
2.32430293e-06	5.149462e-09
2.32432153e-06	7.145222e-09
2.32434012e-06	5.407691e-09
2.32435872e-06	5.242109e-09
2.32437731e-06	6.009933e-09
2.32439591e-06	3.321296e-09
2.32441450e-06	1.266384e-09
2.32443310e-06	5.597366e-09
2.32445169e-06	6.975428e-09
2.32447029e-06	5.759486e-09
2.32448888e-06	7.047492e-09
2.32450748e-06	7.802068e-09
2.32452608e-06	6.157399e-09
2.32454467e-06	5.425983e-09
2.32456327e-06	6.250960e-09
2.32458187e-06	7.422991e-09
2.32460046e-06	7.647369e-09
2.32461906e-06	6.775567e-09
2.32463766e-06	7.494910e-09
2.32465625e-06	6.901365e-09
2.32467485e-06	4.038997e-09
2.32469345e-06	4.798427e-09
2.32471205e-06	7.060350e-09
2.32473064e-06	4.414761e-09
2.32474924e-06	3.389766e-09
2.32476784e-06	6.090150e-09
2.32478644e-06	5.682632e-09
2.32480504e-06	1.206324e-09
2.32482363e-06	2.167508e-09
2.32484223e-06	4.966877e-09
2.32486083e-06	3.333960e-09
2.32487943e-06	4.394939e-09
2.32489803e-06	4.481861e-09
2.32491663e-06	5.387665e-09
2.32493523e-06	7.054117e-09
2.32495383e-06	7.004290e-09
2.32497243e-06	7.117779e-09
2.32499103e-06	5.847489e-09
2.32500963e-06	6.518854e-09
2.32502823e-06	7.125586e-09
2.32504683e-06	7.733096e-09
2.32506543e-06	7.680564e-09
2.32508403e-06	7.149830e-09
2.32510263e-06	5.514170e-09
2.32512123e-06	3.425362e-09
2.32513983e-06	5.666108e-09
2.32515843e-06	5.205109e-09
2.32517703e-06	3.666133e-09
2.32519563e-06	6.121479e-10
2.32521424e-06	7.057445e-10
2.32523284e-06	3.187404e-09
2.32525144e-06	1.030080e-09
2.32527004e-06	2.933732e-09
2.32528864e-06	5.982541e-09
2.32530725e-06	5.913625e-09
2.32532585e-06	5.658000e-09
2.32534445e-06	6.293604e-09
2.32536305e-06	7.524839e-09
2.32538166e-06	7.794899e-09
2.32540026e-06	7.361549e-09
2.32541886e-06	6.825431e-09
2.32543747e-06	6.765907e-09
2.32545607e-06	6.387537e-09
2.32547467e-06	7.490420e-09
2.32549328e-06	6.567481e-09
2.32551188e-06	6.028094e-09
2.32553048e-06	6.135206e-09
2.32554909e-06	6.520791e-09
2.32556769e-06	6.692808e-09
2.32558630e-06	5.310656e-09
2.32560490e-06	4.158658e-09
2.32562351e-06	5.679760e-09
2.32564211e-06	6.474127e-09
2.32566072e-06	4.833670e-09
2.32567932e-06	6.124273e-09
2.32569793e-06	6.989838e-09
2.32571654e-06	5.437617e-09
2.32573514e-06	9.258429e-10
2.32575375e-06	2.751183e-09
2.32577235e-06	6.415188e-09
2.32579096e-06	6.957430e-09
2.32580956e-06	7.557535e-09
2.32582817e-06	7.009710e-09
2.32584678e-06	3.754938e-09
2.32586538e-06	3.007632e-09
2.32588399e-06	2.936547e-09
2.32590260e-06	5.261010e-09
2.32592121e-06	5.981495e-09
2.32593981e-06	5.706064e-09
2.32595842e-06	4.152434e-09
2.32597703e-06	3.419277e-09
2.32599564e-06	3.247324e-09
2.32601424e-06	6.120941e-09
2.32603285e-06	6.363861e-09
2.32605146e-06	5.647228e-09
2.32607007e-06	6.112244e-09
2.32608868e-06	4.291383e-09
2.32610729e-06	4.022196e-09
2.32612590e-06	4.449445e-09
2.32614450e-06	7.197055e-09
2.32616311e-06	6.870659e-09
2.32618172e-06	6.046298e-09
2.32620033e-06	6.734028e-09
2.32621894e-06	6.554567e-09
2.32623755e-06	5.949148e-09
2.32625616e-06	1.352662e-09
2.32627477e-06	1.740224e-09
2.32629338e-06	3.650858e-09
2.32631199e-06	2.374968e-09
2.32633060e-06	4.391357e-09
2.32634921e-06	4.474243e-09
2.32636782e-06	5.680349e-09
2.32638643e-06	6.079546e-09
2.32640505e-06	5.896433e-09
2.32642366e-06	5.850997e-09
2.32644227e-06	5.319462e-09
2.32646088e-06	6.410736e-09
2.32647949e-06	6.738447e-09
2.32649810e-06	7.034499e-09
2.32651671e-06	7.116519e-09
2.32653533e-06	8.104020e-09
2.32655394e-06	7.194775e-09
2.32657255e-06	7.373405e-09
2.32659116e-06	7.422656e-09
2.32660978e-06	6.705150e-09
2.32662839e-06	5.225790e-09
2.32664700e-06	5.076771e-09
2.32666562e-06	5.887712e-09
2.32668423e-06	4.082462e-09
2.32670284e-06	6.245448e-09
2.32672146e-06	5.492206e-09
2.32674007e-06	5.632990e-09
2.32675869e-06	6.587303e-09
2.32677730e-06	5.930248e-09
2.32679591e-06	4.078950e-09
2.32681453e-06	6.794830e-10
2.32683314e-06	6.480663e-10
2.32685176e-06	3.354974e-09
2.32687037e-06	5.527876e-09
2.32688899e-06	5.765185e-09
2.32690760e-06	5.802189e-09
2.32692622e-06	6.289992e-09
2.32694483e-06	5.450300e-09
2.32696345e-06	5.822789e-09
2.32698206e-06	6.548203e-09
2.32700068e-06	6.645983e-09
2.32701930e-06	5.929892e-09
2.32703791e-06	6.857700e-09
2.32705653e-06	7.800086e-09
2.32707514e-06	6.837487e-09
2.32709376e-06	5.515409e-09
2.32711238e-06	4.362227e-09
2.32713099e-06	2.882375e-09
2.32714961e-06	4.544918e-09
2.32716823e-06	6.263336e-09
2.32718685e-06	5.593165e-09
2.32720546e-06	6.790068e-09
2.32722408e-06	7.025836e-09
2.32724270e-06	6.064246e-09
2.32726132e-06	7.716483e-09
2.32727993e-06	6.786676e-09
2.32729855e-06	4.406587e-09
2.32731717e-06	5.485445e-09
2.32733579e-06	7.397210e-09
2.32735441e-06	7.904058e-09
2.32737303e-06	6.844908e-09
2.32739165e-06	6.177759e-09
2.32741027e-06	5.321036e-09
2.32742888e-06	1.531355e-09
2.32744750e-06	1.302516e-09
2.32746612e-06	5.220342e-09
2.32748474e-06	6.676637e-09
2.32750336e-06	7.271184e-09
2.32752198e-06	6.934626e-09
2.32754060e-06	7.159071e-09
2.32755922e-06	7.086829e-09
2.32757784e-06	7.770463e-09
2.32759646e-06	6.093757e-09
2.32761509e-06	3.607097e-09
2.32763371e-06	6.364461e-09
2.32765233e-06	7.753217e-09
2.32767095e-06	7.172644e-09
2.32768957e-06	6.910998e-09
2.32770819e-06	7.333399e-09
2.32772681e-06	7.134398e-09
2.32774544e-06	7.504724e-09
2.32776406e-06	7.684139e-09
2.32778268e-06	7.680026e-09
2.32780130e-06	7.354782e-09
2.32781992e-06	6.330511e-09
2.32783855e-06	2.360341e-09
2.32785717e-06	1.713127e-09
2.32787579e-06	3.802833e-09
2.32789442e-06	5.486321e-09
2.32791304e-06	3.592022e-09
2.32793166e-06	4.007004e-09
2.32795028e-06	1.923240e-09
2.32796891e-06	1.769390e-09
2.32798753e-06	6.056233e-09
2.32800616e-06	7.110762e-09
2.32802478e-06	7.379927e-09
2.32804340e-06	6.747111e-09
2.32806203e-06	5.104110e-09
2.32808065e-06	1.037316e-09
2.32809928e-06	1.496398e-09
2.32811790e-06	5.209966e-09
2.32813653e-06	5.569874e-09
2.32815515e-06	6.013131e-09
2.32817378e-06	7.309789e-09
2.32819240e-06	6.554025e-09
2.32821103e-06	6.295997e-09
2.32822965e-06	5.493622e-09
2.32824828e-06	6.577760e-09
2.32826691e-06	7.242798e-09
2.32828553e-06	6.650483e-09
2.32830416e-06	4.248059e-09
2.32832279e-06	4.508217e-09
2.32834141e-06	6.516868e-09
2.32836004e-06	6.994625e-09
2.32837867e-06	6.596420e-09
2.32839729e-06	4.221115e-09
2.32841592e-06	2.193058e-09
2.32843455e-06	5.096617e-09
2.32845317e-06	4.514321e-09
2.32847180e-06	7.439995e-10
2.32849043e-06	6.021605e-10
2.32850906e-06	3.419358e-09
2.32852769e-06	5.093847e-09
2.32854631e-06	5.534572e-09
2.32856494e-06	6.780219e-09
2.32858357e-06	7.542650e-09
2.32860220e-06	7.279747e-09
2.32862083e-06	6.543974e-09
2.32863946e-06	4.518205e-09
2.32865809e-06	4.447466e-09
2.32867672e-06	5.020951e-09
2.32869535e-06	5.549175e-09
2.32871397e-06	2.405574e-09
2.32873260e-06	3.868505e-09
2.32875123e-06	5.459870e-09
2.32876987e-06	1.062242e-09
2.32878849e-06	1.523661e-09
2.32880712e-06	4.057895e-09
2.32882576e-06	4.976201e-09
2.32884439e-06	6.908925e-09
2.32886302e-06	7.251963e-09
2.32888165e-06	6.089612e-09
2.32890028e-06	5.676570e-09
2.32891891e-06	5.563053e-09
2.32893754e-06	5.343003e-09
2.32895617e-06	5.895536e-09
2.32897481e-06	6.802031e-09
2.32899344e-06	5.526303e-09
2.32901207e-06	5.522332e-09
2.32903070e-06	7.043472e-09
2.32904933e-06	7.000877e-09
2.32906797e-06	6.056553e-09
2.32908660e-06	3.233561e-09
2.32910523e-06	4.991361e-09
2.32912386e-06	7.620650e-09
2.32914250e-06	7.526279e-09
2.32916113e-06	7.040921e-09
2.32917976e-06	5.797299e-09
2.32919840e-06	2.126412e-09
2.32921703e-06	2.309271e-09
2.32923566e-06	6.627512e-09
2.32925430e-06	7.608457e-09
2.32927293e-06	7.009973e-09
2.32929157e-06	7.406407e-09
2.32931020e-06	8.102642e-09
2.32932883e-06	7.900451e-09
2.32934747e-06	6.783204e-09
2.32936610e-06	5.777142e-09
2.32938474e-06	4.790173e-09
2.32940337e-06	6.473937e-09
2.32942201e-06	5.621472e-09
2.32944065e-06	6.568827e-09
2.32945928e-06	5.481216e-09
2.32947792e-06	3.662958e-09
2.32949655e-06	1.929200e-09
2.32951519e-06	8.468417e-10
2.32953382e-06	5.043368e-09
2.32955246e-06	6.264612e-09
2.32957110e-06	7.047557e-09
2.32958973e-06	7.635254e-09
2.32960837e-06	8.085790e-09
2.32962701e-06	7.893747e-09
2.32964564e-06	6.955338e-09
2.32966428e-06	7.902493e-09
2.32968292e-06	8.394419e-09
2.32970156e-06	8.772832e-09
2.32972019e-06	8.699852e-09
2.32973883e-06	8.297901e-09
2.32975747e-06	7.431339e-09
2.32977611e-06	7.311031e-09
2.32979475e-06	5.209627e-09
2.32981338e-06	5.537931e-09
2.32983202e-06	7.749450e-09
2.32985066e-06	7.356895e-09
2.32986930e-06	6.121643e-09
2.32988794e-06	7.382978e-09
2.32990658e-06	7.292653e-09
2.32992522e-06	6.234914e-09
2.32994386e-06	6.179685e-09
2.32996250e-06	5.848169e-09
2.32998113e-06	6.736992e-09
2.32999977e-06	6.819887e-09
2.33001842e-06	3.443002e-09
2.33003706e-06	2.533182e-09
2.33005570e-06	6.334911e-09
2.33007434e-06	6.639849e-09
2.33009298e-06	4.991103e-09
2.33011162e-06	4.802065e-09
2.33013026e-06	5.378117e-09
2.33014890e-06	5.335025e-09
2.33016754e-06	2.091435e-09
2.33018618e-06	5.945581e-10
2.33020482e-06	1.553766e-09
2.33022347e-06	4.674577e-09
2.33024211e-06	5.028071e-09
2.33026075e-06	3.640184e-09
2.33027939e-06	7.554726e-10
2.33029803e-06	2.333297e-09
2.33031667e-06	5.976256e-09
2.33033532e-06	6.626170e-09
2.33035396e-06	6.848465e-09
2.33037260e-06	6.415956e-09
2.33039125e-06	3.576990e-09
2.33040989e-06	4.750272e-09
2.33042853e-06	6.801517e-09
2.33044718e-06	4.594452e-09
2.33046582e-06	2.833473e-09
2.33048446e-06	5.031323e-09
2.33050311e-06	5.442993e-09
2.33052175e-06	1.266407e-09
2.33054040e-06	1.870465e-09
2.33055904e-06	5.830061e-09
2.33057768e-06	4.442557e-09
2.33059633e-06	1.014961e-09
2.33061497e-06	3.291720e-09
2.33063362e-06	3.532272e-09
2.33065226e-06	3.095747e-09
2.33067091e-06	3.133423e-09
2.33068955e-06	4.003770e-09
2.33070820e-06	2.598333e-09
2.33072685e-06	4.665924e-09
2.33074549e-06	3.049717e-09
2.33076414e-06	4.976702e-09
2.33078278e-06	5.655441e-09
2.33080143e-06	4.528855e-09
2.33082008e-06	6.200798e-09
2.33083872e-06	6.976063e-09
2.33085737e-06	7.190437e-09
2.33087602e-06	6.594894e-09
2.33089466e-06	6.047468e-09
2.33091331e-06	6.887111e-09
2.33093196e-06	6.501582e-09
2.33095061e-06	5.860715e-09
2.33096925e-06	6.443567e-09
2.33098790e-06	5.430068e-09
2.33100655e-06	5.580594e-09
2.33102520e-06	4.020336e-09
2.33104384e-06	5.491283e-09
2.33106249e-06	6.226190e-09
2.33108114e-06	2.047299e-09
2.33109979e-06	8.456388e-10
2.33111844e-06	4.547962e-09
2.33113709e-06	5.860892e-09
2.33115574e-06	4.879367e-09
2.33117439e-06	4.892109e-09
2.33119304e-06	4.325622e-09
2.33121169e-06	1.049761e-09
2.33123033e-06	2.788896e-09
2.33124898e-06	4.736839e-09
2.33126763e-06	4.978726e-09
2.33128629e-06	6.986206e-09
2.33130493e-06	6.462372e-09
2.33132359e-06	6.269389e-09
2.33134224e-06	7.424191e-09
2.33136089e-06	6.814975e-09
2.33137954e-06	4.248468e-09
2.33139819e-06	5.542038e-09
2.33141684e-06	6.608665e-09
2.33143549e-06	6.290409e-09
2.33145414e-06	6.169788e-09
2.33147280e-06	7.181906e-09
2.33149145e-06	6.809128e-09
2.33151010e-06	6.745502e-09
2.33152875e-06	6.095772e-09
2.33154740e-06	4.033958e-09
2.33156606e-06	5.486876e-09
2.33158471e-06	5.187236e-09
2.33160336e-06	2.836443e-09
2.33162201e-06	4.322232e-09
2.33164067e-06	3.183794e-09
2.33165932e-06	2.481293e-09
2.33167797e-06	6.795712e-09
2.33169663e-06	6.980642e-09
2.33171528e-06	4.850477e-09
2.33173393e-06	2.963687e-09
2.33175259e-06	6.329614e-09
2.33177124e-06	5.778043e-09
2.33178990e-06	4.353036e-09
2.33180855e-06	6.172952e-09
2.33182720e-06	6.205211e-09
2.33184586e-06	6.560922e-09
2.33186451e-06	4.871072e-09
2.33188317e-06	4.923147e-09
2.33190182e-06	3.813576e-09
2.33192048e-06	7.369732e-10
2.33193913e-06	6.100483e-10
2.33195779e-06	8.588191e-10
2.33197644e-06	3.806374e-09
2.33199510e-06	4.748944e-09
2.33201376e-06	5.410470e-09
2.33203241e-06	6.951921e-09
2.33205107e-06	7.253695e-09
2.33206973e-06	7.039616e-09
2.33208838e-06	7.118080e-09
2.33210704e-06	5.353954e-09
2.33212570e-06	6.508979e-09
2.33214435e-06	7.371858e-09
2.33216301e-06	6.834949e-09
2.33218167e-06	7.076139e-09
2.33220033e-06	7.432159e-09
2.33221898e-06	5.415346e-09
2.33223764e-06	5.053621e-09
2.33225630e-06	4.077017e-09
2.33227496e-06	6.038055e-09
2.33229361e-06	7.602969e-09
2.33231227e-06	8.187381e-09
2.33233093e-06	7.647603e-09
2.33234959e-06	7.721773e-09
2.33236825e-06	7.604119e-09
2.33238691e-06	5.842979e-09
2.33240557e-06	5.461046e-09
2.33242423e-06	7.224372e-09
2.33244288e-06	7.414805e-09
2.33246154e-06	6.169728e-09
2.33248020e-06	5.207356e-09
2.33249886e-06	5.949621e-09
2.33251752e-06	7.315992e-09
2.33253618e-06	7.342721e-09
2.33255485e-06	4.448225e-09
2.33257350e-06	3.996842e-09
2.33259217e-06	6.102387e-09
2.33261083e-06	6.462843e-09
2.33262949e-06	7.742672e-09
2.33264815e-06	7.740830e-09
2.33266681e-06	7.128903e-09
2.33268547e-06	7.983838e-09
2.33270413e-06	7.862772e-09
2.33272279e-06	6.729452e-09
2.33274146e-06	5.448014e-09
2.33276012e-06	6.124701e-09
2.33277878e-06	4.968845e-09
2.33279744e-06	5.377972e-09
2.33281610e-06	5.168891e-09
2.33283477e-06	1.080028e-09
2.33285343e-06	8.786546e-10
2.33287209e-06	4.805588e-09
2.33289075e-06	2.229252e-09
2.33290942e-06	1.014514e-09
2.33292808e-06	5.316165e-09
2.33294675e-06	6.628489e-09
2.33296541e-06	7.026073e-09
2.33298407e-06	6.391213e-09
2.33300274e-06	6.617101e-09
2.33302140e-06	7.639168e-09
2.33304006e-06	7.178088e-09
2.33305873e-06	6.930143e-09
2.33307739e-06	7.087776e-09
2.33309606e-06	6.924606e-09
2.33311472e-06	6.045770e-09
2.33313339e-06	6.384726e-09
2.33315205e-06	4.998350e-09
2.33317072e-06	4.041913e-09
2.33318938e-06	6.492232e-09
2.33320805e-06	6.934165e-09
2.33322671e-06	4.801360e-09
2.33324538e-06	4.194331e-09
2.33326405e-06	5.865237e-09
2.33328271e-06	4.453073e-09
2.33330138e-06	6.645441e-09
2.33332004e-06	7.207511e-09
2.33333871e-06	7.128418e-09
2.33335738e-06	6.370506e-09
2.33337604e-06	5.464927e-09
2.33339471e-06	6.061199e-09
2.33341338e-06	5.915532e-09
2.33343205e-06	7.626829e-09
2.33345071e-06	7.790459e-09
2.33346938e-06	7.772839e-09
2.33348805e-06	7.143389e-09
2.33350672e-06	5.784692e-09
2.33352538e-06	4.299899e-09
2.33354405e-06	5.019718e-09
2.33356272e-06	4.141403e-09
2.33358139e-06	2.333940e-09
2.33360006e-06	6.111138e-09
2.33361873e-06	7.011203e-09
2.33363740e-06	6.130234e-09
2.33365607e-06	6.026208e-09
2.33367473e-06	5.809264e-09
2.33369340e-06	3.425827e-09
2.33371207e-06	6.029434e-10
2.33373074e-06	8.929739e-10
2.33374941e-06	3.890162e-09
2.33376808e-06	1.827781e-09
2.33378675e-06	7.589939e-10
2.33380542e-06	4.540886e-09
2.33382410e-06	6.492010e-09
2.33384277e-06	6.270192e-09
2.33386144e-06	6.780252e-09
2.33388011e-06	7.568242e-09
2.33389878e-06	7.115759e-09
2.33391745e-06	7.235848e-09
2.33393612e-06	6.486648e-09
2.33395479e-06	4.923254e-09
2.33397346e-06	6.906808e-09
2.33399213e-06	8.202400e-09
2.33401081e-06	7.875997e-09
2.33402948e-06	7.280850e-09
2.33404815e-06	6.808205e-09
2.33406682e-06	7.329190e-09
2.33408550e-06	8.190236e-09
2.33410417e-06	8.198870e-09
2.33412284e-06	6.759858e-09
2.33414152e-06	3.073544e-09
2.33416019e-06	1.497610e-09
2.33417886e-06	4.527948e-09
2.33419754e-06	3.858992e-09
2.33421621e-06	3.501309e-09
2.33423488e-06	5.634188e-09
2.33425356e-06	6.521626e-09
2.33427223e-06	6.311184e-09
2.33429090e-06	4.816214e-09
2.33430958e-06	2.584006e-09
2.33432825e-06	4.072488e-09
2.33434693e-06	4.778099e-09
2.33436560e-06	5.436032e-09
2.33438428e-06	6.738920e-09
2.33440295e-06	7.348226e-09
2.33442163e-06	5.555137e-09
2.33444030e-06	3.383608e-09
2.33445898e-06	4.897336e-09
2.33447765e-06	5.624270e-09
2.33449633e-06	6.072173e-09
2.33451501e-06	4.855886e-09
2.33453368e-06	5.924489e-09
2.33455236e-06	6.654131e-09
2.33457104e-06	5.522194e-09
2.33458971e-06	6.870839e-09
2.33460839e-06	7.362064e-09
2.33462706e-06	4.985207e-09
2.33464574e-06	4.618092e-09
2.33466442e-06	6.353256e-09
2.33468310e-06	7.344289e-09
2.33470177e-06	6.816530e-09
2.33472045e-06	6.038700e-09
2.33473913e-06	3.379436e-09
2.33475781e-06	7.366717e-10
2.33477648e-06	1.019896e-09
2.33479516e-06	3.511467e-09
2.33481384e-06	4.848967e-09
2.33483252e-06	4.229795e-09
2.33485120e-06	4.255762e-09
2.33486988e-06	3.977042e-09
2.33488856e-06	5.117921e-09
2.33490724e-06	7.527630e-09
2.33492591e-06	8.034476e-09
2.33494460e-06	7.680145e-09
2.33496327e-06	7.020090e-09
2.33498195e-06	4.218961e-09
2.33500063e-06	4.833067e-09
2.33501931e-06	7.590378e-09
2.33503799e-06	7.903615e-09
2.33505667e-06	8.047309e-09
2.33507535e-06	7.762106e-09
2.33509404e-06	5.840982e-09
2.33511272e-06	1.952755e-09
2.33513140e-06	2.004358e-09
2.33515008e-06	6.040618e-09
2.33516876e-06	6.297644e-09
2.33518744e-06	4.526467e-09
2.33520612e-06	5.050353e-09
2.33522480e-06	6.101498e-09
2.33524348e-06	4.784942e-09
2.33526217e-06	4.635374e-09
2.33528085e-06	5.959515e-09
2.33529953e-06	6.303879e-09
2.33531821e-06	5.854209e-09
2.33533690e-06	5.411779e-09
2.33535558e-06	5.706643e-09
2.33537426e-06	3.822209e-09
2.33539294e-06	3.444354e-09
2.33541163e-06	6.169423e-09
2.33543031e-06	6.527673e-09
2.33544900e-06	6.553748e-09
2.33546768e-06	5.833469e-09
2.33548636e-06	5.482939e-09
2.33550505e-06	5.419010e-09
2.33552373e-06	3.083603e-09
2.33554242e-06	5.907394e-10
2.33556110e-06	1.834716e-09
2.33557978e-06	5.339635e-09
2.33559847e-06	6.074920e-09
2.33561715e-06	5.849754e-09
2.33563584e-06	5.478435e-09
2.33565452e-06	3.820519e-09
2.33567321e-06	1.619378e-09
2.33569189e-06	4.347516e-09
2.33571058e-06	4.447946e-09
2.33572927e-06	4.294935e-09
2.33574795e-06	4.326847e-09
2.33576664e-06	1.071023e-09
2.33578532e-06	7.781082e-10
2.33580401e-06	4.301952e-09
2.33582269e-06	5.826836e-09
2.33584138e-06	6.821126e-09
2.33586007e-06	7.334609e-09
2.33587876e-06	6.805075e-09
2.33589744e-06	5.152494e-09
2.33591613e-06	5.357082e-09
2.33593482e-06	7.234268e-09
2.33595350e-06	6.993834e-09
2.33597219e-06	5.088399e-09
2.33599088e-06	5.806550e-09
2.33600957e-06	6.639742e-09
2.33602826e-06	6.707821e-09
2.33604694e-06	7.041680e-09
2.33606563e-06	7.723326e-09
2.33608432e-06	8.259433e-09
2.33610301e-06	8.415680e-09
2.33612170e-06	8.504799e-09
2.33614039e-06	8.012935e-09
2.33615908e-06	7.367929e-09
2.33617777e-06	7.482422e-09
2.33619646e-06	6.582326e-09
2.33621514e-06	6.660548e-09
2.33623383e-06	7.667718e-09
2.33625253e-06	6.850449e-09
2.33627121e-06	6.541466e-09
2.33628990e-06	6.196356e-09
2.33630860e-06	6.718569e-09
2.33632729e-06	4.995749e-09
2.33634598e-06	2.699878e-09
2.33636467e-06	3.494065e-09
2.33638336e-06	6.581687e-09
2.33640205e-06	5.988367e-09
2.33642074e-06	5.984931e-09
2.33643943e-06	7.299004e-09
2.33645812e-06	5.953033e-09
2.33647681e-06	7.219396e-09
2.33649551e-06	7.264530e-09
2.33651420e-06	7.158140e-09
2.33653289e-06	8.156604e-09
2.33655158e-06	7.404691e-09
2.33657028e-06	6.234113e-09
2.33658897e-06	7.398501e-09
2.33660766e-06	6.785103e-09
2.33662635e-06	6.468266e-09
2.33664505e-06	6.781000e-09
2.33666374e-06	7.137080e-09
2.33668243e-06	6.509306e-09
2.33670113e-06	3.382995e-09
2.33671982e-06	2.530256e-09
2.33673851e-06	4.280392e-09
2.33675721e-06	4.351500e-09
2.33677590e-06	6.096648e-09
2.33679460e-06	6.404265e-09
2.33681329e-06	4.760788e-09
2.33683198e-06	7.768162e-10
2.33685068e-06	1.434559e-09
2.33686937e-06	4.639874e-09
2.33688807e-06	5.003313e-09
2.33690676e-06	4.881664e-09
2.33692546e-06	5.232401e-09
2.33694415e-06	5.256971e-09
2.33696285e-06	5.662843e-09
2.33698155e-06	2.855015e-09
2.33700024e-06	3.676830e-09
2.33701894e-06	5.495999e-09
2.33703763e-06	6.250524e-09
2.33705633e-06	5.965103e-09
2.33707503e-06	6.691220e-09
2.33709372e-06	6.987752e-09
2.33711242e-06	6.871927e-09
2.33713112e-06	7.068327e-09
2.33714981e-06	6.203681e-09
2.33716851e-06	6.813592e-09
2.33718721e-06	7.913860e-09
2.33720591e-06	6.333208e-09
2.33722460e-06	5.398092e-09
2.33724330e-06	6.298820e-09
2.33726200e-06	6.166303e-09
2.33728070e-06	4.229954e-09
2.33729940e-06	4.304584e-09
2.33731809e-06	6.555683e-09
2.33733679e-06	6.959172e-09
2.33735549e-06	6.782203e-09
2.33737419e-06	6.088561e-09
2.33739289e-06	3.112155e-09
2.33741159e-06	5.887211e-10
2.33743029e-06	1.993761e-09
2.33744899e-06	5.496762e-09
2.33746769e-06	6.258453e-09
2.33748639e-06	5.398271e-09
2.33750509e-06	5.908068e-09
2.33752379e-06	6.574216e-09
2.33754249e-06	6.740045e-09
2.33756119e-06	6.904035e-09
2.33757989e-06	8.013071e-09
2.33759859e-06	8.056242e-09
2.33761729e-06	7.159110e-09
2.33763599e-06	5.511704e-09
2.33765469e-06	7.011133e-09
2.33767339e-06	6.898176e-09
2.33769209e-06	6.713480e-09
2.33771079e-06	6.120571e-09
2.33772950e-06	4.524653e-09
2.33774820e-06	2.078440e-09
2.33776690e-06	4.776498e-09
2.33778560e-06	6.840889e-09
2.33780431e-06	7.069388e-09
2.33782301e-06	7.177921e-09
2.33784171e-06	6.512984e-09
2.33786041e-06	6.679133e-09
2.33787912e-06	7.011753e-09
2.33789782e-06	6.186490e-09
2.33791652e-06	3.885882e-09
2.33793523e-06	7.642796e-10
2.33795393e-06	1.595219e-09
2.33797263e-06	4.391812e-09
2.33799134e-06	5.996008e-09
2.33801004e-06	6.695602e-09
2.33802874e-06	5.993615e-09
2.33804745e-06	4.923785e-09
2.33806615e-06	6.450072e-09
2.33808486e-06	6.400049e-09
2.33810356e-06	7.037645e-09
2.33812227e-06	6.052701e-09
2.33814097e-06	6.540705e-09
2.33815968e-06	6.735308e-09
2.33817838e-06	5.731078e-09
2.33819709e-06	4.638713e-09
2.33821579e-06	5.427433e-09
2.33823450e-06	2.809415e-09
2.33825321e-06	5.850539e-09
2.33827191e-06	6.260309e-09
2.33829062e-06	6.181384e-09
2.33830932e-06	5.942744e-09
2.33832803e-06	3.636426e-09
2.33834674e-06	3.714015e-09
2.33836544e-06	6.799014e-09
2.33838415e-06	6.467798e-09
2.33840286e-06	7.283033e-09
2.33842156e-06	7.079872e-09
2.33844027e-06	5.617734e-09
2.33845898e-06	3.395919e-09
2.33847769e-06	5.110521e-09
2.33849639e-06	6.160957e-09
2.33851510e-06	6.040977e-09
2.33853381e-06	4.820131e-09
2.33855252e-06	5.354474e-09
2.33857123e-06	5.504243e-09
2.33858994e-06	4.608929e-09
2.33860864e-06	5.228036e-09
2.33862735e-06	6.730301e-09
2.33864606e-06	6.565553e-09
2.33866477e-06	6.273353e-09
2.33868348e-06	4.918931e-09
2.33870219e-06	4.781197e-09
2.33872090e-06	2.627877e-09
2.33873961e-06	1.926006e-09
2.33875832e-06	4.322429e-09
2.33877703e-06	5.001168e-09
2.33879574e-06	6.826597e-09
2.33881445e-06	7.214988e-09
2.33883316e-06	7.727844e-09
2.33885187e-06	7.891769e-09
2.33887058e-06	6.229366e-09
2.33888929e-06	6.502106e-09
2.33890800e-06	6.381372e-09
2.33892672e-06	5.842663e-09
2.33894543e-06	3.567163e-09
2.33896414e-06	3.151846e-09
2.33898285e-06	6.164603e-09
2.33900156e-06	6.381544e-09
2.33902027e-06	5.996796e-09
2.33903899e-06	5.815813e-09
2.33905770e-06	4.339012e-09
2.33907641e-06	7.367207e-10
2.33909512e-06	1.242334e-09
2.33911384e-06	4.932952e-09
2.33913255e-06	6.271769e-09
2.33915126e-06	6.121280e-09
2.33916998e-06	6.004249e-09
2.33918869e-06	4.309268e-09
2.33920740e-06	4.875515e-09
2.33922612e-06	5.581490e-09
2.33924483e-06	6.528280e-09
2.33926354e-06	7.025429e-09
2.33928226e-06	5.570866e-09
2.33930097e-06	2.977628e-09
2.33931969e-06	5.985682e-10
2.33933840e-06	1.647976e-09
2.33935712e-06	5.690414e-09
2.33937583e-06	6.690706e-09
2.33939455e-06	6.792497e-09
2.33941326e-06	7.085142e-09
2.33943198e-06	7.084550e-09
2.33945069e-06	5.994183e-09
2.33946941e-06	3.343041e-09
2.33948812e-06	4.494226e-09
2.33950684e-06	6.889106e-09
2.33952556e-06	7.491137e-09
2.33954427e-06	7.492265e-09
2.33956299e-06	6.684812e-09
2.33958171e-06	6.192429e-09
2.33960042e-06	3.526277e-09
2.33961914e-06	2.850734e-09
2.33963785e-06	5.610193e-09
2.33965657e-06	4.339056e-09
2.33967529e-06	3.614422e-09
2.33969401e-06	7.105025e-09
2.33971272e-06	7.092427e-09
2.33973144e-06	5.866971e-09
2.33975016e-06	4.463508e-09
2.33976888e-06	6.145216e-09
2.33978760e-06	6.540279e-09
2.33980631e-06	6.534261e-09
2.33982503e-06	7.477147e-09
2.33984375e-06	6.765190e-09
2.33986247e-06	3.441083e-09
2.33988119e-06	8.398395e-10
2.33989991e-06	1.064033e-09
2.33991863e-06	4.663230e-09
2.33993735e-06	7.040043e-09
2.33995607e-06	6.102186e-09
2.33997479e-06	7.346933e-09
2.33999351e-06	7.631048e-09
2.34001223e-06	6.074579e-09
2.34003095e-06	3.430946e-09
2.34004967e-06	3.831284e-09
2.34006839e-06	3.778604e-09
2.34008711e-06	4.879461e-09
2.34010583e-06	6.566241e-09
2.34012455e-06	4.467666e-09
2.34014327e-06	5.754439e-09
2.34016199e-06	5.101995e-09
2.34018071e-06	5.129350e-09
2.34019943e-06	5.993547e-09
2.34021815e-06	6.599533e-09
2.34023688e-06	5.455462e-09
2.34025560e-06	9.686080e-10
2.34027432e-06	7.786869e-10
2.34029304e-06	2.802298e-09
2.34031177e-06	5.401303e-09
2.34033049e-06	6.228629e-09
2.34034921e-06	4.161256e-09
2.34036793e-06	2.667163e-09
2.34038666e-06	2.748059e-09
2.34040538e-06	2.575967e-09
2.34042410e-06	2.849973e-09
2.34044283e-06	2.430560e-09
2.34046155e-06	5.638881e-09
2.34048027e-06	7.161148e-09
2.34049900e-06	6.748472e-09
2.34051772e-06	2.871597e-09
2.34053644e-06	3.537114e-09
2.34055517e-06	5.450152e-09
2.34057389e-06	3.973655e-09
2.34059262e-06	5.164225e-09
2.34061134e-06	4.077056e-09
2.34063007e-06	3.343250e-09
2.34064879e-06	5.870225e-09
2.34066752e-06	4.588166e-09
2.34068624e-06	5.864377e-09
2.34070497e-06	7.950693e-09
2.34072369e-06	7.844462e-09
2.34074242e-06	7.729056e-09
2.34076115e-06	7.945554e-09
2.34077987e-06	6.773828e-09
2.34079860e-06	7.529516e-09
2.34081733e-06	6.946424e-09
2.34083605e-06	6.081242e-09
2.34085478e-06	7.052031e-09
2.34087350e-06	6.726195e-09
2.34089223e-06	6.619415e-09
2.34091096e-06	7.062086e-09
2.34092969e-06	6.838565e-09
2.34094841e-06	7.965509e-09
2.34096714e-06	7.343610e-09
2.34098587e-06	6.846224e-09
2.34100460e-06	6.889299e-09
2.34102333e-06	6.828999e-09
2.34104205e-06	6.056904e-09
2.34106078e-06	2.739201e-09
2.34107951e-06	9.573548e-10
2.34109824e-06	3.470819e-09
2.34111697e-06	5.321750e-09
2.34113570e-06	3.414615e-09
2.34115443e-06	8.445459e-10
2.34117315e-06	4.446189e-09
2.34119188e-06	6.467818e-09
2.34121061e-06	6.637767e-09
2.34122934e-06	6.203261e-09
2.34124807e-06	5.221942e-09
2.34126680e-06	7.916688e-10
2.34128553e-06	8.653604e-10
2.34130426e-06	5.859624e-09
2.34132299e-06	6.678018e-09
2.34134172e-06	4.618653e-09
2.34136045e-06	1.774113e-09
2.34137919e-06	5.547389e-09
2.34139792e-06	6.727796e-09
2.34141665e-06	6.066027e-09
2.34143538e-06	5.683970e-09
2.34145411e-06	4.196877e-09
2.34147284e-06	2.944274e-09
2.34149158e-06	6.783912e-10
2.34151031e-06	2.741357e-09
2.34152904e-06	5.362391e-09
2.34154777e-06	4.661376e-09
2.34156650e-06	5.371649e-09
2.34158524e-06	6.046385e-09
2.34160397e-06	7.343541e-09
2.34162270e-06	7.479417e-09
2.34164143e-06	7.554605e-09
2.34166017e-06	7.239282e-09
2.34167890e-06	5.704400e-09
2.34169763e-06	2.357762e-09
2.34171637e-06	2.375904e-09
2.34173510e-06	5.077448e-09
2.34175384e-06	6.185813e-09
2.34177257e-06	7.475980e-09
2.34179130e-06	6.867274e-09
2.34181004e-06	7.495718e-09
2.34182877e-06	7.398387e-09
2.34184751e-06	5.631631e-09
2.34186624e-06	3.565806e-09
2.34188498e-06	2.554071e-09
2.34190371e-06	5.703783e-09
2.34192245e-06	5.272464e-09
2.34194118e-06	4.011913e-09
2.34195992e-06	4.838708e-09
2.34197865e-06	5.851266e-09
2.34199739e-06	6.478539e-09
2.34201613e-06	6.099532e-09
2.34203486e-06	2.400664e-09
2.34205360e-06	7.072865e-10
2.34207233e-06	3.762385e-09
2.34209107e-06	5.445970e-09
2.34210981e-06	7.063920e-09
2.34212855e-06	7.574420e-09
2.34214728e-06	6.751217e-09
2.34216602e-06	5.248058e-09
2.34218476e-06	5.692231e-09
2.34220349e-06	7.318333e-09
2.34222223e-06	8.014477e-09
2.34224097e-06	8.105754e-09
2.34225971e-06	8.218125e-09
2.34227844e-06	8.576862e-09
2.34229718e-06	8.859044e-09
2.34231592e-06	8.146617e-09
2.34233466e-06	7.477778e-09
2.34235340e-06	8.104573e-09
2.34237214e-06	7.057246e-09
2.34239088e-06	6.555401e-09
2.34240962e-06	6.838640e-09
2.34242835e-06	6.708787e-09
2.34244709e-06	4.079450e-09
2.34246583e-06	5.557867e-09
2.34248457e-06	7.386311e-09
2.34250331e-06	7.889551e-09
2.34252205e-06	7.991100e-09
2.34254079e-06	6.017294e-09
2.34255953e-06	4.472115e-09
2.34257827e-06	5.226902e-09
2.34259702e-06	5.068292e-09
2.34261576e-06	6.094768e-09
2.34263450e-06	7.379748e-09
2.34265324e-06	7.600151e-09
2.34267198e-06	6.630818e-09
2.34269072e-06	5.533947e-09
2.34270946e-06	6.652085e-09
2.34272820e-06	5.432317e-09
2.34274695e-06	9.256281e-10
2.34276569e-06	7.494753e-10
2.34278443e-06	4.075262e-09
2.34280317e-06	6.103029e-09
2.34282191e-06	6.649854e-09
2.34284066e-06	5.063295e-09
2.34285940e-06	4.772676e-09
2.34287814e-06	5.421047e-09
2.34289689e-06	6.068608e-09
2.34291563e-06	6.971293e-09
2.34293437e-06	7.436844e-09
2.34295312e-06	7.491898e-09
2.34297186e-06	6.841496e-09
2.34299060e-06	5.812786e-09
2.34300935e-06	6.895022e-09
2.34302809e-06	7.762111e-09
2.34304684e-06	6.879573e-09
2.34306558e-06	5.611464e-09
2.34308432e-06	6.965450e-09
2.34310307e-06	7.624942e-09
2.34312181e-06	7.381450e-09
2.34314056e-06	7.297106e-09
2.34315930e-06	5.147738e-09
2.34317805e-06	6.191988e-09
2.34319679e-06	7.108973e-09
2.34321554e-06	5.814600e-09
2.34323429e-06	3.364217e-09
2.34325303e-06	2.949058e-09
2.34327178e-06	6.150487e-10
2.34329052e-06	4.213501e-09
2.34330927e-06	5.580537e-09
2.34332802e-06	7.072242e-09
2.34334676e-06	8.002430e-09
2.34336551e-06	7.733823e-09
2.34338426e-06	6.122685e-09
2.34340300e-06	6.869859e-09
2.34342175e-06	6.025364e-09
2.34344050e-06	5.838992e-09
2.34345925e-06	5.828126e-09
2.34347799e-06	3.405727e-09
2.34349674e-06	2.458459e-09
2.34351549e-06	5.595466e-09
2.34353424e-06	6.683660e-09
2.34355299e-06	6.514003e-09
2.34357173e-06	6.571499e-09
2.34359048e-06	5.332226e-09
2.34360923e-06	2.443557e-09
2.34362798e-06	1.921469e-09
2.34364673e-06	5.402764e-09
2.34366548e-06	3.863554e-09
2.34368423e-06	1.187066e-09
2.34370298e-06	2.551823e-09
2.34372173e-06	4.664319e-09
2.34374048e-06	7.072903e-09
2.34375923e-06	6.466266e-09
2.34377798e-06	6.604062e-09
2.34379673e-06	7.016059e-09
2.34381548e-06	3.996122e-09
2.34383423e-06	2.420074e-09
2.34385298e-06	4.823778e-09
2.34387173e-06	5.607348e-09
2.34389048e-06	7.127726e-09
2.34390923e-06	6.424069e-09
2.34392798e-06	6.252534e-09
2.34394673e-06	7.595092e-09
2.34396549e-06	7.121326e-09
2.34398424e-06	5.281383e-09
2.34400299e-06	6.314032e-09
2.34402174e-06	5.118777e-09
2.34404049e-06	4.046011e-09
2.34405925e-06	7.579629e-10
2.34407800e-06	1.017687e-09
2.34409675e-06	4.872227e-09
2.34411550e-06	5.911621e-09
2.34413426e-06	5.591176e-09
2.34415301e-06	6.425697e-09
2.34417176e-06	7.260766e-09
2.34419052e-06	7.294996e-09
2.34420927e-06	6.855953e-09
2.34422802e-06	6.984630e-09
2.34424678e-06	7.218414e-09
2.34426553e-06	7.586080e-09
2.34428429e-06	5.936246e-09
2.34430304e-06	5.781429e-09
2.34432179e-06	4.673912e-09
2.34434055e-06	5.673154e-09
2.34435930e-06	6.934105e-09
2.34437806e-06	6.659828e-09
2.34439681e-06	5.996699e-09
2.34441557e-06	5.819967e-09
2.34443432e-06	5.637744e-09
2.34445308e-06	2.213322e-09
2.34447183e-06	2.780418e-09
2.34449059e-06	4.975605e-09
2.34450935e-06	3.697090e-09
2.34452810e-06	4.963631e-09
2.34454686e-06	5.941944e-09
2.34456562e-06	5.185534e-09
2.34458437e-06	5.409724e-09
2.34460313e-06	6.788305e-09
2.34462189e-06	7.245403e-09
2.34464064e-06	6.538349e-09
2.34465940e-06	5.986369e-09
2.34467816e-06	4.529406e-09
2.34469691e-06	8.079212e-10
2.34471567e-06	7.769928e-10
2.34473443e-06	4.504756e-09
2.34475319e-06	5.206105e-09
2.34477195e-06	3.584058e-09
2.34479070e-06	1.110409e-09
2.34480946e-06	2.024079e-09
2.34482822e-06	4.012423e-09
2.34484698e-06	6.657294e-09
2.34486574e-06	6.485454e-09
2.34488450e-06	4.220888e-09
2.34490326e-06	4.586159e-09
2.34492202e-06	4.983287e-09
2.34494077e-06	5.585308e-09
2.34495953e-06	3.212156e-09
2.34497829e-06	5.208683e-09
2.34499705e-06	6.147932e-09
2.34501581e-06	4.338332e-09
2.34503457e-06	7.533517e-10
2.34505333e-06	1.223784e-09
2.34507209e-06	4.518738e-09
2.34509086e-06	3.739720e-09
2.34510962e-06	6.018546e-09
2.34512838e-06	7.409899e-09
2.34514714e-06	7.727753e-09
2.34516590e-06	7.059460e-09
2.34518466e-06	6.343051e-09
2.34520342e-06	6.207939e-09
2.34522218e-06	4.265083e-09
2.34524094e-06	2.603876e-09
2.34525971e-06	4.909110e-09
2.34527847e-06	4.914993e-09
2.34529723e-06	1.012983e-09
2.34531599e-06	1.683422e-09
2.34533476e-06	5.378809e-09
2.34535352e-06	5.854415e-09
2.34537228e-06	4.145550e-09
2.34539104e-06	4.037827e-09
2.34540981e-06	7.297481e-10
2.34542857e-06	1.094018e-09
2.34544733e-06	2.321651e-09
2.34546610e-06	3.733362e-09
2.34548486e-06	2.045973e-09
2.34550363e-06	3.325872e-09
2.34552239e-06	6.582758e-09
2.34554115e-06	6.787039e-09
2.34555992e-06	5.449360e-09
2.34557868e-06	6.623539e-09
2.34559745e-06	7.069041e-09
2.34561621e-06	3.071808e-09
2.34563498e-06	3.575544e-09
2.34565374e-06	6.551567e-09
2.34567251e-06	7.881782e-09
2.34569127e-06	7.160694e-09
2.34571004e-06	6.519384e-09
2.34572880e-06	7.657515e-09
2.34574757e-06	6.269545e-09
2.34576634e-06	6.228378e-09
2.34578510e-06	8.290181e-09
2.34580387e-06	8.629028e-09
2.34582263e-06	7.744032e-09
2.34584140e-06	5.462289e-09
2.34586017e-06	6.013958e-09
2.34587894e-06	8.075050e-09
2.34589770e-06	7.947384e-09
2.34591647e-06	8.059118e-09
2.34593524e-06	7.903570e-09
2.34595400e-06	7.420204e-09
2.34597277e-06	5.862473e-09
2.34599154e-06	4.938207e-09
2.34601031e-06	7.772743e-09
2.34602908e-06	8.516638e-09
2.34604784e-06	6.623688e-09
2.34606661e-06	5.762408e-09
2.34608538e-06	6.894521e-09
2.34610415e-06	6.278167e-09
2.34612292e-06	6.219746e-09
2.34614169e-06	7.312422e-09
2.34616046e-06	6.533826e-09
2.34617923e-06	4.812034e-09
2.34619800e-06	7.036196e-09
2.34621676e-06	7.897192e-09
2.34623553e-06	7.500729e-09
2.34625430e-06	7.178823e-09
2.34627307e-06	7.499548e-09
2.34629184e-06	7.766863e-09
2.34631061e-06	6.142079e-09
2.34632938e-06	5.971988e-09
2.34634816e-06	5.842679e-09
2.34636693e-06	6.089281e-09
2.34638570e-06	6.651641e-09
2.34640447e-06	6.205357e-09
2.34642324e-06	5.417490e-09
2.34644201e-06	1.749901e-09
2.34646078e-06	6.980458e-10
2.34647955e-06	3.899164e-09
2.34649833e-06	5.953365e-09
2.34651710e-06	6.817599e-09
2.34653587e-06	6.281299e-09
2.34655464e-06	7.265532e-09
2.34657341e-06	7.841842e-09
2.34659219e-06	7.182881e-09
2.34661096e-06	6.515936e-09
2.34662973e-06	6.652651e-09
2.34664851e-06	5.878054e-09
2.34666728e-06	6.076894e-09
2.34668605e-06	7.452129e-09
2.34670483e-06	7.894578e-09
2.34672360e-06	7.364407e-09
2.34674237e-06	7.156795e-09
2.34676115e-06	6.276307e-09
2.34677992e-06	4.657179e-09
2.34679870e-06	8.410793e-10
2.34681747e-06	9.369411e-10
2.34683625e-06	5.153594e-09
2.34685502e-06	6.229116e-09
2.34687379e-06	5.989210e-09
2.34689257e-06	3.042904e-09
2.34691134e-06	1.836836e-09
2.34693012e-06	3.263833e-09
2.34694889e-06	5.235755e-09
2.34696767e-06	6.318898e-09
2.34698645e-06	7.327160e-09
2.34700522e-06	6.980442e-09
2.34702400e-06	6.851825e-09
2.34704277e-06	7.483873e-09
2.34706155e-06	7.425925e-09
2.34708033e-06	7.851526e-09
2.34709910e-06	8.332853e-09
2.34711788e-06	7.943850e-09
2.34713666e-06	7.370080e-09
2.34715543e-06	5.391425e-09
2.34717421e-06	4.432790e-09
2.34719299e-06	2.904651e-09
2.34721177e-06	5.675666e-09
2.34723054e-06	5.830560e-09
2.34724932e-06	5.849110e-09
2.34726810e-06	6.361444e-09
2.34728688e-06	5.502876e-09
2.34730566e-06	5.509650e-09
2.34732444e-06	3.085008e-09
2.34734321e-06	6.472428e-09
2.34736199e-06	7.360589e-09
2.34738077e-06	7.285498e-09
2.34739955e-06	5.631352e-09
2.34741833e-06	3.318545e-09
2.34743711e-06	4.390590e-09
2.34745589e-06	6.831382e-09
2.34747467e-06	7.079563e-09
2.34749345e-06	4.966564e-09
2.34751223e-06	1.870619e-09
2.34753101e-06	3.914656e-09
2.34754979e-06	3.029531e-09
2.34756857e-06	3.753123e-09
2.34758735e-06	5.457686e-09
2.34760613e-06	6.964267e-09
2.34762491e-06	7.301171e-09
2.34764369e-06	5.698702e-09
2.34766247e-06	3.041829e-09
2.34768125e-06	4.450033e-09
2.34770004e-06	4.969238e-09
2.34771882e-06	4.534612e-09
2.34773760e-06	4.260564e-09
2.34775638e-06	5.450083e-09
2.34777516e-06	4.613397e-09
2.34779395e-06	5.715007e-09
2.34781273e-06	6.169283e-09
2.34783151e-06	6.472619e-09
2.34785029e-06	8.039655e-09
2.34786908e-06	7.389256e-09
2.34788786e-06	7.104353e-09
2.34790664e-06	8.086419e-09
2.34792542e-06	8.182105e-09
2.34794421e-06	7.673197e-09
2.34796299e-06	7.114591e-09
2.34798178e-06	7.597298e-09
2.34800056e-06	7.787588e-09
2.34801934e-06	6.702824e-09
2.34803813e-06	7.530217e-09
2.34805691e-06	7.551720e-09
2.34807570e-06	7.128556e-09
2.34809448e-06	6.546089e-09
2.34811327e-06	5.651421e-09
2.34813205e-06	4.830455e-09
2.34815084e-06	4.941942e-09
2.34816962e-06	6.691050e-09
2.34818841e-06	6.652980e-09
2.34820719e-06	5.610494e-09
2.34822598e-06	1.543682e-09
2.34824476e-06	7.002947e-10
2.34826355e-06	4.005974e-09
2.34828234e-06	5.934289e-09
2.34830112e-06	6.837314e-09
2.34831991e-06	7.492336e-09
2.34833869e-06	6.753318e-09
2.34835748e-06	6.945318e-09
2.34837627e-06	6.659463e-09
2.34839506e-06	7.343308e-09
2.34841384e-06	6.505935e-09
2.34843263e-06	6.171956e-09
2.34845142e-06	6.196956e-09
2.34847021e-06	7.456304e-09
2.34848899e-06	7.183497e-09
2.34850778e-06	7.136818e-09
2.34852657e-06	5.487630e-09
2.34854536e-06	5.342465e-09
2.34856415e-06	6.372400e-09
2.34858293e-06	6.768449e-09
2.34860172e-06	6.636347e-09
2.34862051e-06	8.012053e-09
2.34863930e-06	7.849919e-09
2.34865809e-06	6.668592e-09
2.34867688e-06	3.505700e-09
2.34869567e-06	3.966706e-09
2.34871446e-06	5.911478e-09
2.34873325e-06	5.743913e-09
2.34875204e-06	7.692160e-09
2.34877083e-06	8.112878e-09
2.34878962e-06	6.820867e-09
2.34880841e-06	5.844979e-09
2.34882720e-06	5.251538e-09
2.34884599e-06	5.327034e-09
2.34886478e-06	7.065934e-09
2.34888357e-06	6.913690e-09
2.34890236e-06	7.355533e-09
2.34892115e-06	8.119994e-09
2.34893994e-06	8.076115e-09
2.34895873e-06	5.326947e-09
2.34897753e-06	6.342862e-09
2.34899632e-06	5.413198e-09
2.34901511e-06	4.607096e-09
2.34903390e-06	7.201267e-09
2.34905269e-06	7.308818e-09
2.34907149e-06	7.331917e-09
2.34909028e-06	6.734516e-09
2.34910907e-06	6.154808e-09
2.34912787e-06	6.986609e-09
2.34914666e-06	6.691764e-09
2.34916545e-06	5.648763e-09
2.34918425e-06	6.346241e-09
2.34920304e-06	5.316353e-09
2.34922183e-06	5.898264e-09
2.34924063e-06	5.480214e-09
2.34925942e-06	7.033880e-09
2.34927821e-06	7.609763e-09
2.34929701e-06	4.637798e-09
2.34931580e-06	5.291414e-09
2.34933460e-06	5.624886e-09
2.34935339e-06	4.095588e-09
2.34937219e-06	2.709773e-09
2.34939098e-06	4.877292e-09
2.34940978e-06	5.593181e-09
2.34942857e-06	2.605965e-09
2.34944737e-06	5.639792e-09
2.34946616e-06	6.166837e-09
2.34948496e-06	4.500891e-09
2.34950375e-06	6.845592e-10
2.34952255e-06	3.947082e-09
2.34954135e-06	6.691367e-09
2.34956014e-06	7.190961e-09
2.34957894e-06	6.229002e-09
2.34959774e-06	7.320344e-09
2.34961653e-06	5.282293e-09
2.34963533e-06	4.277788e-09
2.34965413e-06	5.536894e-09
2.34967292e-06	3.971175e-09
2.34969172e-06	3.707342e-09
2.34971052e-06	7.081853e-10
2.34972932e-06	1.732312e-09
2.34974812e-06	4.457497e-09
2.34976691e-06	1.788771e-09
2.34978571e-06	4.513487e-09
2.34980451e-06	5.187412e-09
2.34982331e-06	4.028406e-09
2.34984211e-06	1.146949e-09
2.34986090e-06	3.537525e-09
2.34987970e-06	4.666882e-09
2.34989850e-06	5.384825e-09
2.34991730e-06	7.364127e-09
2.34993610e-06	7.084161e-09
2.34995490e-06	7.489850e-09
2.34997370e-06	6.055291e-09
