2.30001633e-06	1.219693e-08
2.30003473e-06	1.128396e-08
2.30005313e-06	1.186912e-08
2.30007153e-06	1.102066e-08
2.30008993e-06	1.111726e-08
2.30010833e-06	1.241182e-08
2.30012673e-06	1.254839e-08
2.30014513e-06	1.237871e-08
2.30016353e-06	1.208216e-08
2.30018194e-06	1.227003e-08
2.30020034e-06	1.232787e-08
2.30021874e-06	1.268961e-08
2.30023714e-06	1.239687e-08
2.30025554e-06	1.192217e-08
2.30027395e-06	1.162740e-08
2.30029235e-06	1.116338e-08
2.30031075e-06	1.173692e-08
2.30032915e-06	1.217119e-08
2.30034756e-06	1.250179e-08
2.30036596e-06	1.173733e-08
2.30038436e-06	1.099584e-08
2.30040276e-06	1.141783e-08
2.30042117e-06	1.149261e-08
2.30043957e-06	1.181595e-08
2.30045797e-06	1.198865e-08
2.30047638e-06	1.122691e-08
2.30049478e-06	1.006113e-08
2.30051319e-06	1.010009e-08
2.30053159e-06	9.296271e-09
2.30054999e-06	9.774844e-09
2.30056840e-06	1.074423e-08
2.30058680e-06	1.107669e-08
2.30060521e-06	9.109131e-09
2.30062361e-06	1.027741e-08
2.30064202e-06	1.128911e-08
2.30066042e-06	1.146869e-08
2.30067883e-06	1.179697e-08
2.30069723e-06	1.186859e-08
2.30071564e-06	1.140633e-08
2.30073404e-06	8.955143e-09
2.30075245e-06	9.266682e-09
2.30077086e-06	1.148898e-08
2.30078926e-06	1.189472e-08
2.30080767e-06	1.188532e-08
2.30082608e-06	1.183069e-08
2.30084448e-06	1.185981e-08
2.30086289e-06	1.184464e-08
2.30088129e-06	1.187029e-08
2.30089970e-06	1.180326e-08
2.30091811e-06	1.202805e-08
2.30093652e-06	1.209421e-08
2.30095492e-06	1.207388e-08
2.30097333e-06	1.106672e-08
2.30099174e-06	1.111320e-08
2.30101015e-06	1.143549e-08
2.30102856e-06	1.113710e-08
2.30104696e-06	1.180885e-08
2.30106537e-06	1.169749e-08
2.30108378e-06	1.003438e-08
2.30110219e-06	9.211129e-09
2.30112060e-06	1.133825e-08
2.30113901e-06	1.209989e-08
2.30115742e-06	1.240270e-08
2.30117583e-06	1.223294e-08
2.30119423e-06	1.139375e-08
2.30121265e-06	1.097240e-08
2.30123105e-06	1.183158e-08
2.30124946e-06	1.187891e-08
2.30126787e-06	1.158237e-08
2.30128628e-06	1.001183e-08
2.30130469e-06	9.416888e-09
2.30132310e-06	9.706259e-09
2.30134152e-06	9.307431e-09
2.30135993e-06	1.025960e-08
2.30137834e-06	1.063279e-08
2.30139675e-06	9.012336e-09
2.30141516e-06	1.020355e-08
2.30143357e-06	1.225470e-08
2.30145198e-06	1.239040e-08
2.30147039e-06	1.149476e-08
2.30148881e-06	9.615861e-09
2.30150722e-06	9.227008e-09
2.30152563e-06	1.128085e-08
2.30154404e-06	1.199184e-08
2.30156245e-06	1.200225e-08
2.30158087e-06	1.168728e-08
2.30159928e-06	1.211526e-08
2.30161769e-06	1.221912e-08
2.30163611e-06	1.150421e-08
2.30165452e-06	1.126424e-08
2.30167293e-06	1.146478e-08
2.30169135e-06	1.199335e-08
2.30170976e-06	1.223372e-08
2.30172817e-06	1.245127e-08
2.30174659e-06	1.218908e-08
2.30176500e-06	1.168302e-08
2.30178341e-06	1.241916e-08
2.30180183e-06	1.221608e-08
2.30182024e-06	1.159189e-08
2.30183866e-06	1.204718e-08
2.30185707e-06	1.179849e-08
2.30187549e-06	1.135065e-08
2.30189390e-06	1.174959e-08
2.30191232e-06	1.233358e-08
2.30193073e-06	1.208206e-08
2.30194915e-06	1.202158e-08
2.30196756e-06	1.243496e-08
2.30198598e-06	1.228574e-08
2.30200440e-06	1.189405e-08
2.30202281e-06	1.095532e-08
2.30204123e-06	1.109624e-08
2.30205964e-06	1.164660e-08
2.30207806e-06	1.195997e-08
2.30209648e-06	1.128804e-08
2.30211489e-06	9.436929e-09
2.30213331e-06	9.711664e-09
2.30215173e-06	1.067577e-08
2.30217014e-06	1.193253e-08
2.30218856e-06	1.215624e-08
2.30220698e-06	1.223279e-08
2.30222540e-06	1.200338e-08
2.30224381e-06	1.200889e-08
2.30226223e-06	1.119034e-08
2.30228065e-06	1.086983e-08
2.30229907e-06	1.171171e-08
2.30231749e-06	1.190735e-08
2.30233591e-06	1.213898e-08
2.30235433e-06	1.241608e-08
2.30237274e-06	1.247240e-08
2.30239116e-06	1.252571e-08
2.30240958e-06	1.212142e-08
2.30242800e-06	1.189240e-08
2.30244642e-06	1.215258e-08
2.30246484e-06	1.227767e-08
2.30248326e-06	1.229644e-08
2.30250168e-06	1.214784e-08
2.30252010e-06	1.197398e-08
2.30253852e-06	1.162585e-08
2.30255694e-06	1.202740e-08
2.30257536e-06	1.235461e-08
2.30259378e-06	1.228853e-08
2.30261220e-06	1.211795e-08
2.30263062e-06	1.204642e-08
2.30264904e-06	1.196155e-08
2.30266747e-06	1.201780e-08
2.30268589e-06	1.250902e-08
2.30270431e-06	1.224188e-08
2.30272273e-06	1.188214e-08
2.30274115e-06	1.143670e-08
2.30275957e-06	9.160747e-09
2.30277800e-06	9.607017e-09
2.30279642e-06	1.085475e-08
2.30281484e-06	1.068548e-08
2.30283326e-06	1.176330e-08
2.30285168e-06	1.185287e-08
2.30287011e-06	1.222548e-08
2.30288853e-06	1.214463e-08
2.30290695e-06	1.161811e-08
2.30292538e-06	1.133612e-08
2.30294380e-06	1.156029e-08
2.30296222e-06	9.498744e-09
2.30298065e-06	9.905676e-09
2.30299907e-06	9.033953e-09
2.30301750e-06	1.014316e-08
2.30303592e-06	1.064262e-08
2.30305434e-06	1.186271e-08
2.30307277e-06	1.202075e-08
2.30309119e-06	1.202447e-08
2.30310962e-06	1.174558e-08
2.30312804e-06	1.103327e-08
2.30314647e-06	1.200871e-08
2.30316489e-06	1.228608e-08
2.30318332e-06	1.186755e-08
2.30320174e-06	1.055775e-08
2.30322017e-06	1.116230e-08
2.30323860e-06	1.251344e-08
2.30325702e-06	1.243544e-08
2.30327545e-06	1.205182e-08
2.30329387e-06	1.150562e-08
2.30331230e-06	1.022220e-08
2.30333073e-06	9.823084e-09
2.30334915e-06	1.014760e-08
2.30336758e-06	1.114002e-08
2.30338601e-06	1.233978e-08
2.30340443e-06	1.255834e-08
2.30342286e-06	1.289396e-08
2.30344129e-06	1.261709e-08
2.30345972e-06	1.222593e-08
2.30347814e-06	1.221045e-08
2.30349657e-06	1.235814e-08
2.30351500e-06	1.242423e-08
2.30353343e-06	1.191379e-08
2.30355186e-06	1.163515e-08
2.30357028e-06	1.123552e-08
2.30358871e-06	1.036870e-08
2.30360714e-06	1.048151e-08
2.30362557e-06	1.134834e-08
2.30364400e-06	1.178192e-08
2.30366243e-06	1.234363e-08
2.30368086e-06	1.217964e-08
2.30369929e-06	1.211187e-08
2.30371772e-06	1.178476e-08
2.30373615e-06	1.084963e-08
2.30375458e-06	1.068009e-08
2.30377301e-06	1.042181e-08
2.30379144e-06	1.100786e-08
2.30380987e-06	1.045784e-08
2.30382830e-06	1.049938e-08
2.30384673e-06	1.045038e-08
2.30386516e-06	9.701783e-09
2.30388359e-06	9.306803e-09
2.30390202e-06	1.010410e-08
2.30392045e-06	1.011301e-08
2.30393888e-06	1.128230e-08
2.30395731e-06	1.103957e-08
2.30397575e-06	1.151276e-08
2.30399418e-06	1.212614e-08
2.30401261e-06	1.210588e-08
2.30403104e-06	1.242323e-08
2.30404947e-06	1.223308e-08
2.30406791e-06	1.192993e-08
2.30408634e-06	1.189084e-08
2.30410477e-06	1.203087e-08
2.30412321e-06	1.246592e-08
2.30414164e-06	1.256683e-08
2.30416007e-06	1.225366e-08
2.30417850e-06	1.211371e-08
2.30419694e-06	1.205428e-08
2.30421537e-06	1.168873e-08
2.30423381e-06	1.170535e-08
2.30425224e-06	1.225265e-08
2.30427067e-06	1.194363e-08
2.30428911e-06	1.196263e-08
2.30430754e-06	1.205944e-08
2.30432598e-06	1.159623e-08
2.30434441e-06	1.191675e-08
2.30436285e-06	1.240278e-08
2.30438128e-06	1.289244e-08
2.30439971e-06	1.271742e-08
2.30441815e-06	1.267101e-08
2.30443659e-06	1.258189e-08
2.30445502e-06	1.199056e-08
2.30447346e-06	1.212853e-08
2.30449189e-06	1.213311e-08
2.30451033e-06	1.213595e-08
2.30452877e-06	1.216797e-08
2.30454720e-06	1.250007e-08
2.30456564e-06	1.224647e-08
2.30458407e-06	1.229501e-08
2.30460251e-06	1.230669e-08
2.30462095e-06	1.190754e-08
2.30463938e-06	1.155012e-08
2.30465782e-06	1.194000e-08
2.30467626e-06	1.237810e-08
2.30469470e-06	1.198176e-08
2.30471313e-06	1.145072e-08
2.30473157e-06	1.024048e-08
2.30475001e-06	1.068671e-08
2.30476845e-06	1.154829e-08
2.30478688e-06	9.346219e-09
2.30480532e-06	9.903817e-09
2.30482376e-06	9.742965e-09
2.30484220e-06	1.161551e-08
2.30486064e-06	1.086276e-08
2.30487908e-06	1.087010e-08
2.30489752e-06	1.166923e-08
2.30491596e-06	1.150372e-08
2.30493440e-06	9.662943e-09
2.30495284e-06	1.058985e-08
2.30497128e-06	1.064436e-08
2.30498972e-06	9.963192e-09
2.30500815e-06	1.080505e-08
2.30502660e-06	1.199228e-08
2.30504504e-06	1.142812e-08
2.30506347e-06	1.145597e-08
2.30508192e-06	1.144075e-08
2.30510036e-06	1.156039e-08
2.30511880e-06	1.181180e-08
2.30513724e-06	1.204571e-08
2.30515568e-06	1.171864e-08
2.30517412e-06	1.183399e-08
2.30519256e-06	1.205706e-08
2.30521100e-06	1.153129e-08
2.30522944e-06	1.177556e-08
2.30524789e-06	1.194932e-08
2.30526633e-06	1.187534e-08
2.30528477e-06	1.200048e-08
2.30530321e-06	1.216877e-08
2.30532166e-06	1.154406e-08
2.30534010e-06	1.167615e-08
2.30535854e-06	1.186320e-08
2.30537698e-06	1.187462e-08
2.30539543e-06	1.124019e-08
2.30541387e-06	8.989013e-09
2.30543231e-06	1.045753e-08
2.30545076e-06	1.158249e-08
2.30546920e-06	1.085487e-08
2.30548764e-06	9.324030e-09
2.30550609e-06	1.091819e-08
2.30552453e-06	1.212075e-08
2.30554298e-06	1.240594e-08
2.30556142e-06	1.225531e-08
2.30557987e-06	1.200174e-08
2.30559831e-06	1.207051e-08
2.30561675e-06	1.185925e-08
2.30563520e-06	9.457793e-09
2.30565365e-06	8.765080e-09
2.30567209e-06	1.081786e-08
2.30569054e-06	1.148623e-08
2.30570898e-06	1.188037e-08
2.30572743e-06	1.128539e-08
2.30574587e-06	1.110750e-08
2.30576432e-06	9.287903e-09
2.30578276e-06	9.734767e-09
2.30580121e-06	1.043797e-08
2.30581966e-06	1.191240e-08
2.30583810e-06	1.214950e-08
2.30585655e-06	1.129741e-08
2.30587500e-06	1.008876e-08
2.30589344e-06	1.006764e-08
2.30591189e-06	1.125917e-08
2.30593034e-06	1.174836e-08
2.30594879e-06	1.129501e-08
2.30596723e-06	1.138229e-08
2.30598568e-06	1.125461e-08
2.30600413e-06	1.187179e-08
2.30602258e-06	1.223716e-08
2.30604102e-06	1.242345e-08
2.30605947e-06	1.252592e-08
2.30607792e-06	1.235065e-08
2.30609637e-06	1.220113e-08
2.30611482e-06	1.203382e-08
2.30613327e-06	1.124683e-08
2.30615172e-06	1.120016e-08
2.30617017e-06	1.180195e-08
2.30618862e-06	1.125000e-08
2.30620707e-06	1.097141e-08
2.30622551e-06	1.143609e-08
2.30624396e-06	1.207460e-08
2.30626241e-06	1.205709e-08
2.30628087e-06	1.200837e-08
2.30629932e-06	1.224649e-08
2.30631777e-06	1.260766e-08
2.30633622e-06	1.229832e-08
2.30635467e-06	1.189574e-08
2.30637312e-06	1.209793e-08
2.30639157e-06	1.197273e-08
2.30641002e-06	1.168569e-08
2.30642847e-06	1.223824e-08
2.30644692e-06	1.155863e-08
2.30646537e-06	1.120380e-08
2.30648383e-06	1.123408e-08
2.30650228e-06	1.091648e-08
2.30652073e-06	1.091881e-08
2.30653918e-06	1.056471e-08
2.30655763e-06	1.103015e-08
2.30657609e-06	1.151891e-08
2.30659454e-06	1.190900e-08
2.30661299e-06	1.206381e-08
2.30663144e-06	1.110437e-08
2.30664990e-06	1.017075e-08
2.30666835e-06	8.926902e-09
2.30668681e-06	1.073905e-08
2.30670526e-06	1.134745e-08
2.30672371e-06	1.120527e-08
2.30674217e-06	1.173674e-08
2.30676062e-06	1.024301e-08
2.30677907e-06	9.509755e-09
2.30679753e-06	9.563600e-09
2.30681598e-06	1.107092e-08
2.30683444e-06	1.125705e-08
2.30685289e-06	1.049979e-08
2.30687135e-06	1.162215e-08
2.30688980e-06	1.189243e-08
2.30690826e-06	1.109438e-08
2.30692671e-06	1.045689e-08
2.30694517e-06	1.155019e-08
2.30696362e-06	1.182857e-08
2.30698208e-06	1.214382e-08
2.30700053e-06	1.240009e-08
2.30701899e-06	1.246817e-08
2.30703745e-06	1.214425e-08
2.30705590e-06	1.177795e-08
2.30707436e-06	1.230480e-08
2.30709282e-06	1.231403e-08
2.30711127e-06	1.242740e-08
2.30712973e-06	1.251093e-08
2.30714819e-06	1.252733e-08
2.30716664e-06	1.248388e-08
2.30718510e-06	1.250717e-08
2.30720356e-06	1.247593e-08
2.30722202e-06	1.208229e-08
2.30724047e-06	1.160743e-08
2.30725893e-06	1.178536e-08
2.30727739e-06	1.214126e-08
2.30729585e-06	1.107182e-08
2.30731431e-06	1.071325e-08
2.30733277e-06	1.193755e-08
2.30735122e-06	1.229534e-08
2.30736968e-06	1.205908e-08
2.30738814e-06	1.112601e-08
2.30740660e-06	1.132846e-08
2.30742506e-06	1.213193e-08
2.30744352e-06	1.250318e-08
2.30746198e-06	1.242398e-08
2.30748044e-06	1.189208e-08
2.30749890e-06	1.163422e-08
2.30751736e-06	1.069995e-08
2.30753582e-06	1.136399e-08
2.30755428e-06	1.189736e-08
2.30757274e-06	1.179318e-08
2.30759120e-06	1.149175e-08
2.30760966e-06	1.062243e-08
2.30762812e-06	9.119536e-09
2.30764658e-06	8.591484e-09
2.30766504e-06	1.016731e-08
2.30768351e-06	1.093441e-08
2.30770197e-06	1.193427e-08
2.30772043e-06	1.250099e-08
2.30773889e-06	1.244635e-08
2.30775735e-06	1.240016e-08
2.30777581e-06	1.220544e-08
2.30779428e-06	1.109249e-08
2.30781274e-06	1.050663e-08
2.30783120e-06	9.450028e-09
2.30784966e-06	9.583401e-09
2.30786813e-06	1.091277e-08
2.30788659e-06	1.183331e-08
2.30790505e-06	1.221218e-08
2.30792352e-06	1.211372e-08
2.30794198e-06	1.187333e-08
2.30796044e-06	1.224207e-08
2.30797891e-06	1.227439e-08
2.30799737e-06	1.202533e-08
2.30801583e-06	1.088118e-08
2.30803430e-06	1.122765e-08
2.30805276e-06	1.040703e-08
2.30807123e-06	1.134169e-08
2.30808969e-06	1.207987e-08
2.30810816e-06	1.201617e-08
2.30812662e-06	1.192676e-08
2.30814509e-06	1.225780e-08
2.30816355e-06	1.250749e-08
2.30818202e-06	1.230858e-08
2.30820048e-06	1.166961e-08
2.30821895e-06	1.186290e-08
2.30823741e-06	1.216852e-08
2.30825588e-06	1.229995e-08
2.30827434e-06	1.158892e-08
2.30829281e-06	1.107332e-08
2.30831128e-06	1.186185e-08
2.30832974e-06	1.212305e-08
2.30834821e-06	1.199485e-08
2.30836668e-06	1.179645e-08
2.30838514e-06	1.177859e-08
2.30840361e-06	1.213624e-08
2.30842208e-06	1.233103e-08
2.30844055e-06	1.242349e-08
2.30845901e-06	1.216546e-08
2.30847748e-06	1.171055e-08
2.30849595e-06	1.124727e-08
2.30851442e-06	1.074665e-08
2.30853288e-06	1.148216e-08
2.30855135e-06	1.200584e-08
2.30856982e-06	1.201323e-08
2.30858829e-06	1.201741e-08
2.30860676e-06	1.226074e-08
2.30862523e-06	1.250562e-08
2.30864370e-06	1.217979e-08
2.30866217e-06	1.223068e-08
2.30868063e-06	1.251624e-08
2.30869911e-06	1.214325e-08
2.30871757e-06	1.184237e-08
2.30873604e-06	1.160588e-08
2.30875451e-06	1.173826e-08
2.30877298e-06	1.227805e-08
2.30879145e-06	1.186906e-08
2.30880992e-06	1.104041e-08
2.30882840e-06	1.123067e-08
2.30884687e-06	1.208979e-08
2.30886534e-06	1.216381e-08
2.30888381e-06	1.148249e-08
2.30890228e-06	1.045912e-08
2.30892075e-06	9.125467e-09
2.30893922e-06	9.798487e-09
2.30895769e-06	1.006787e-08
2.30897616e-06	1.097570e-08
2.30899464e-06	9.966468e-09
2.30901311e-06	1.093565e-08
2.30903158e-06	1.190163e-08
2.30905005e-06	1.182453e-08
2.30906852e-06	1.143021e-08
2.30908700e-06	1.040656e-08
2.30910547e-06	1.037485e-08
2.30912394e-06	1.092501e-08
2.30914242e-06	1.140139e-08
2.30916089e-06	1.077802e-08
2.30917936e-06	1.164668e-08
2.30919784e-06	1.054862e-08
2.30921631e-06	1.070262e-08
2.30923478e-06	1.160967e-08
2.30925326e-06	1.203147e-08
2.30927173e-06	1.230229e-08
2.30929021e-06	1.213927e-08
2.30930868e-06	1.241426e-08
2.30932715e-06	1.214080e-08
2.30934563e-06	1.163021e-08
2.30936410e-06	9.992687e-09
2.30938258e-06	1.105977e-08
2.30940105e-06	1.217000e-08
2.30941953e-06	1.184423e-08
2.30943800e-06	1.158982e-08
2.30945648e-06	1.120719e-08
2.30947495e-06	1.094160e-08
2.30949343e-06	1.161523e-08
2.30951191e-06	1.154792e-08
2.30953038e-06	1.114674e-08
2.30954886e-06	1.149819e-08
2.30956733e-06	1.200061e-08
2.30958581e-06	1.214709e-08
2.30960429e-06	1.196401e-08
2.30962277e-06	1.198732e-08
2.30964124e-06	1.194711e-08
2.30965972e-06	9.770419e-09
2.30967820e-06	8.615508e-09
2.30969667e-06	1.010991e-08
2.30971515e-06	1.200558e-08
2.30973363e-06	1.237712e-08
2.30975211e-06	1.132164e-08
2.30977059e-06	9.144906e-09
2.30978906e-06	9.818371e-09
2.30980754e-06	1.028148e-08
2.30982602e-06	1.030255e-08
2.30984450e-06	9.568447e-09
2.30986298e-06	1.178099e-08
2.30988146e-06	1.205284e-08
2.30989994e-06	1.170996e-08
2.30991842e-06	1.151727e-08
2.30993689e-06	1.056149e-08
2.30995537e-06	1.128483e-08
2.30997385e-06	1.200719e-08
2.30999233e-06	1.144083e-08
2.31001081e-06	1.106201e-08
2.31002929e-06	1.171632e-08
2.31004777e-06	9.570605e-09
2.31006625e-06	9.904104e-09
2.31008473e-06	9.062300e-09
2.31010321e-06	1.143000e-08
2.31012170e-06	1.133698e-08
2.31014018e-06	9.964721e-09
2.31015866e-06	1.108489e-08
2.31017714e-06	1.209614e-08
2.31019562e-06	1.232044e-08
2.31021410e-06	1.159987e-08
2.31023258e-06	1.178331e-08
2.31025107e-06	1.249289e-08
2.31026955e-06	1.266691e-08
2.31028803e-06	1.242325e-08
2.31030651e-06	1.236079e-08
2.31032499e-06	1.183575e-08
2.31034348e-06	1.088360e-08
2.31036196e-06	1.148102e-08
2.31038044e-06	1.065420e-08
2.31039893e-06	1.030329e-08
2.31041741e-06	1.114015e-08
2.31043589e-06	1.174282e-08
2.31045438e-06	1.090384e-08
2.31047286e-06	1.060946e-08
2.31049134e-06	1.109834e-08
2.31050983e-06	1.031274e-08
2.31052831e-06	1.143256e-08
2.31054680e-06	1.199032e-08
2.31056528e-06	1.181614e-08
2.31058377e-06	1.110675e-08
2.31060225e-06	1.177585e-08
2.31062073e-06	1.258300e-08
2.31063922e-06	1.224800e-08
2.31065770e-06	1.176860e-08
2.31067619e-06	1.218125e-08
2.31069467e-06	1.187475e-08
2.31071316e-06	1.164766e-08
2.31073165e-06	1.127936e-08
2.31075013e-06	1.147928e-08
2.31076862e-06	1.144512e-08
2.31078710e-06	1.164673e-08
2.31080559e-06	1.120209e-08
2.31082408e-06	1.166945e-08
2.31084256e-06	1.198858e-08
2.31086105e-06	1.183557e-08
2.31087954e-06	1.189046e-08
2.31089802e-06	1.120994e-08
2.31091651e-06	1.056925e-08
2.31093500e-06	1.113794e-08
2.31095349e-06	1.148699e-08
2.31097197e-06	1.021974e-08
2.31099046e-06	1.026960e-08
2.31100895e-06	1.098154e-08
2.31102744e-06	1.119597e-08
2.31104593e-06	1.214849e-08
2.31106441e-06	1.242588e-08
2.31108290e-06	1.182492e-08
2.31110139e-06	1.189785e-08
2.31111988e-06	1.222533e-08
2.31113837e-06	1.237584e-08
2.31115686e-06	1.207747e-08
2.31117535e-06	1.017722e-08
2.31119384e-06	8.623498e-09
2.31121233e-06	9.240630e-09
2.31123082e-06	9.389586e-09
2.31124931e-06	9.552845e-09
2.31126780e-06	1.077767e-08
2.31128629e-06	1.109945e-08
2.31130478e-06	1.104971e-08
2.31132327e-06	1.057499e-08
2.31134176e-06	1.049002e-08
2.31136025e-06	1.127561e-08
2.31137874e-06	1.184177e-08
2.31139723e-06	1.209231e-08
2.31141572e-06	1.161160e-08
2.31143421e-06	1.128739e-08
2.31145270e-06	1.143269e-08
2.31147120e-06	1.028626e-08
2.31148969e-06	1.122039e-08
2.31150818e-06	1.165535e-08
2.31152667e-06	1.102821e-08
2.31154516e-06	1.067594e-08
2.31156366e-06	8.912814e-09
2.31158215e-06	1.082553e-08
2.31160064e-06	1.228842e-08
2.31161913e-06	1.122453e-08
2.31163763e-06	9.700443e-09
2.31165612e-06	9.178784e-09
2.31167461e-06	1.042046e-08
2.31169311e-06	1.169873e-08
2.31171160e-06	1.205551e-08
2.31173009e-06	1.134475e-08
2.31174859e-06	1.136751e-08
2.31176708e-06	1.182475e-08
2.31178558e-06	1.115981e-08
2.31180407e-06	1.177021e-08
2.31182257e-06	1.181640e-08
2.31184106e-06	1.120020e-08
2.31185955e-06	1.138953e-08
2.31187805e-06	1.213837e-08
2.31189654e-06	1.073592e-08
2.31191504e-06	1.041196e-08
2.31193353e-06	1.159060e-08
2.31195203e-06	1.101498e-08
2.31197052e-06	1.168620e-08
2.31198902e-06	1.219573e-08
2.31200752e-06	1.185864e-08
2.31202601e-06	1.139423e-08
2.31204451e-06	1.011429e-08
2.31206301e-06	1.071488e-08
2.31208150e-06	1.120872e-08
2.31210000e-06	1.197106e-08
2.31211850e-06	1.209230e-08
2.31213699e-06	1.160643e-08
2.31215549e-06	1.199289e-08
2.31217399e-06	1.192169e-08
2.31219248e-06	1.129332e-08
2.31221098e-06	1.106317e-08
2.31222948e-06	1.121414e-08
2.31224798e-06	1.151854e-08
2.31226648e-06	1.160424e-08
2.31228497e-06	1.107488e-08
2.31230347e-06	1.069477e-08
2.31232197e-06	1.208201e-08
2.31234047e-06	1.170351e-08
2.31235897e-06	1.110683e-08
2.31237747e-06	1.077334e-08
2.31239596e-06	1.104397e-08
2.31241446e-06	1.158174e-08
2.31243296e-06	9.913593e-09
2.31245146e-06	9.862494e-09
2.31246996e-06	9.083334e-09
2.31248846e-06	1.111988e-08
2.31250696e-06	1.162401e-08
2.31252546e-06	1.183278e-08
2.31254396e-06	1.097879e-08
2.31256246e-06	1.161540e-08
2.31258096e-06	1.137718e-08
2.31259946e-06	1.097560e-08
2.31261796e-06	1.203939e-08
2.31263647e-06	1.203141e-08
2.31265497e-06	1.199073e-08
2.31267347e-06	1.241985e-08
2.31269197e-06	1.223592e-08
2.31271047e-06	1.143269e-08
2.31272897e-06	1.167901e-08
2.31274748e-06	1.161408e-08
2.31276598e-06	1.163243e-08
2.31278448e-06	1.232615e-08
2.31280298e-06	1.215617e-08
2.31282148e-06	1.202383e-08
2.31283999e-06	1.077293e-08
2.31285849e-06	1.065976e-08
2.31287699e-06	1.163942e-08
2.31289550e-06	1.191030e-08
2.31291400e-06	1.138539e-08
2.31293250e-06	1.123236e-08
2.31295100e-06	1.167768e-08
2.31296951e-06	1.119687e-08
2.31298801e-06	1.216959e-08
2.31300652e-06	1.183795e-08
2.31302502e-06	1.139538e-08
2.31304352e-06	1.151227e-08
2.31306203e-06	1.112752e-08
2.31308053e-06	1.107157e-08
2.31309904e-06	1.063894e-08
2.31311754e-06	1.015527e-08
2.31313605e-06	1.040606e-08
2.31315455e-06	1.127594e-08
2.31317306e-06	1.058657e-08
2.31319156e-06	1.128238e-08
2.31321007e-06	1.151843e-08
2.31322857e-06	1.031119e-08
2.31324708e-06	9.831143e-09
2.31326559e-06	1.190034e-08
2.31328409e-06	1.200622e-08
2.31330260e-06	1.174932e-08
2.31332111e-06	1.218621e-08
2.31333961e-06	1.250819e-08
2.31335812e-06	1.195785e-08
2.31337662e-06	1.167340e-08
2.31339513e-06	1.138390e-08
2.31341364e-06	1.141110e-08
2.31343215e-06	1.227029e-08
2.31345065e-06	1.256970e-08
2.31346916e-06	1.204115e-08
2.31348767e-06	1.199511e-08
2.31350618e-06	1.216430e-08
2.31352469e-06	1.207175e-08
2.31354319e-06	1.220518e-08
2.31356170e-06	1.197302e-08
2.31358021e-06	1.192897e-08
2.31359872e-06	1.075521e-08
2.31361723e-06	1.087050e-08
2.31363574e-06	1.175905e-08
2.31365425e-06	1.160954e-08
2.31367275e-06	1.117888e-08
2.31369127e-06	9.158286e-09
2.31370977e-06	9.842933e-09
2.31372828e-06	9.698320e-09
2.31374679e-06	1.182010e-08
2.31376530e-06	1.143812e-08
2.31378381e-06	1.115789e-08
2.31380232e-06	1.162073e-08
2.31382083e-06	1.038442e-08
2.31383935e-06	1.039967e-08
2.31385786e-06	1.131344e-08
2.31387637e-06	1.169937e-08
2.31389488e-06	1.140065e-08
2.31391339e-06	1.177592e-08
2.31393190e-06	1.187710e-08
2.31395041e-06	1.103783e-08
2.31396892e-06	1.136081e-08
2.31398744e-06	1.154104e-08
2.31400595e-06	1.073001e-08
2.31402446e-06	1.130049e-08
2.31404297e-06	9.040234e-09
2.31406148e-06	9.003847e-09
2.31408000e-06	1.119390e-08
2.31409851e-06	1.211245e-08
2.31411702e-06	1.195144e-08
2.31413553e-06	1.216909e-08
2.31415405e-06	1.152494e-08
2.31417256e-06	1.207695e-08
2.31419107e-06	1.195308e-08
2.31420959e-06	1.229071e-08
2.31422810e-06	1.214863e-08
2.31424662e-06	1.147927e-08
2.31426513e-06	1.172050e-08
2.31428364e-06	1.205438e-08
2.31430216e-06	1.244345e-08
2.31432067e-06	1.164757e-08
2.31433919e-06	1.165849e-08
2.31435770e-06	1.179596e-08
2.31437622e-06	1.109699e-08
2.31439473e-06	1.065633e-08
2.31441325e-06	1.152907e-08
2.31443176e-06	1.125728e-08
2.31445028e-06	1.168298e-08
2.31446879e-06	1.121016e-08
2.31448731e-06	1.131367e-08
2.31450582e-06	1.174864e-08
2.31452434e-06	1.125101e-08
2.31454286e-06	1.025231e-08
2.31456137e-06	1.140414e-08
2.31457989e-06	1.218925e-08
2.31459841e-06	1.215960e-08
2.31461692e-06	1.215018e-08
2.31463544e-06	1.247053e-08
2.31465396e-06	1.166925e-08
2.31467247e-06	8.888571e-09
2.31469099e-06	8.637315e-09
2.31470951e-06	1.034903e-08
2.31472803e-06	1.040155e-08
2.31474654e-06	9.855245e-09
2.31476506e-06	1.106034e-08
2.31478358e-06	1.178694e-08
2.31480210e-06	1.047044e-08
2.31482062e-06	1.041188e-08
2.31483913e-06	1.186199e-08
2.31485765e-06	1.085510e-08
2.31487617e-06	9.858488e-09
2.31489469e-06	1.145485e-08
2.31491321e-06	1.103809e-08
2.31493173e-06	1.114227e-08
2.31495025e-06	1.113329e-08
2.31496877e-06	9.174017e-09
2.31498729e-06	8.833326e-09
2.31500581e-06	9.813636e-09
2.31502433e-06	9.914046e-09
2.31504285e-06	1.161146e-08
2.31506137e-06	1.074915e-08
2.31507989e-06	1.108639e-08
2.31509841e-06	1.176514e-08
2.31511693e-06	1.093419e-08
2.31513545e-06	1.112625e-08
2.31515397e-06	1.188268e-08
2.31517250e-06	1.196347e-08
2.31519102e-06	1.235744e-08
2.31520954e-06	1.211239e-08
2.31522806e-06	1.158288e-08
2.31524658e-06	1.162527e-08
2.31526510e-06	1.203855e-08
2.31528362e-06	1.093531e-08
2.31530215e-06	8.923088e-09
2.31532067e-06	1.005064e-08
2.31533919e-06	1.152234e-08
2.31535771e-06	1.218222e-08
2.31537624e-06	1.234649e-08
2.31539476e-06	1.242779e-08
2.31541328e-06	1.178199e-08
2.31543181e-06	1.111286e-08
2.31545033e-06	1.143146e-08
2.31546885e-06	1.186278e-08
2.31548738e-06	1.168452e-08
2.31550590e-06	1.179001e-08
2.31552443e-06	1.135650e-08
2.31554295e-06	1.177156e-08
2.31556148e-06	1.190762e-08
2.31558000e-06	1.258453e-08
2.31559852e-06	1.170251e-08
2.31561705e-06	1.170888e-08
2.31563557e-06	1.238309e-08
2.31565410e-06	1.247625e-08
2.31567262e-06	1.233004e-08
2.31569115e-06	1.119870e-08
2.31570967e-06	1.086867e-08
2.31572820e-06	1.137777e-08
2.31574673e-06	1.134018e-08
2.31576525e-06	1.085739e-08
2.31578378e-06	1.102159e-08
2.31580231e-06	1.153515e-08
2.31582083e-06	1.117589e-08
2.31583936e-06	1.190194e-08
2.31585788e-06	1.100209e-08
2.31587641e-06	1.012264e-08
2.31589494e-06	1.177456e-08
2.31591347e-06	1.239461e-08
2.31593199e-06	1.241187e-08
2.31595052e-06	1.190037e-08
2.31596905e-06	1.142009e-08
2.31598758e-06	1.161395e-08
2.31600610e-06	1.113332e-08
2.31602463e-06	1.185905e-08
2.31604316e-06	1.250010e-08
2.31606169e-06	1.262177e-08
2.31608022e-06	1.199825e-08
2.31609875e-06	1.160986e-08
2.31611727e-06	1.111293e-08
2.31613580e-06	1.082629e-08
2.31615433e-06	1.079466e-08
2.31617286e-06	1.043234e-08
2.31619139e-06	1.172205e-08
2.31620992e-06	1.186648e-08
2.31622845e-06	1.122408e-08
2.31624698e-06	9.512943e-09
2.31626551e-06	9.833616e-09
2.31628404e-06	9.806528e-09
2.31630257e-06	1.019081e-08
2.31632110e-06	9.181729e-09
2.31633963e-06	9.854628e-09
2.31635816e-06	9.654974e-09
2.31637669e-06	1.132164e-08
2.31639522e-06	1.118870e-08
2.31641375e-06	1.003627e-08
2.31643229e-06	9.711817e-09
2.31645082e-06	1.099952e-08
2.31646935e-06	1.093324e-08
2.31648788e-06	1.162326e-08
2.31650641e-06	1.189638e-08
2.31652494e-06	1.194194e-08
2.31654348e-06	1.199058e-08
2.31656201e-06	9.970448e-09
2.31658054e-06	1.008265e-08
2.31659908e-06	1.133825e-08
2.31661761e-06	1.069254e-08
2.31663614e-06	1.106741e-08
2.31665467e-06	1.161303e-08
2.31667321e-06	1.160594e-08
2.31669174e-06	1.097866e-08
2.31671027e-06	1.181958e-08
2.31672881e-06	1.206959e-08
2.31674734e-06	1.208065e-08
2.31676587e-06	1.118110e-08
2.31678441e-06	1.196268e-08
2.31680294e-06	1.247230e-08
2.31682148e-06	1.135895e-08
2.31684001e-06	9.809800e-09
2.31685855e-06	1.130967e-08
2.31687708e-06	1.190157e-08
2.31689562e-06	1.187741e-08
2.31691415e-06	1.210078e-08
2.31693269e-06	1.141492e-08
2.31695122e-06	1.218421e-08
2.31696976e-06	1.240417e-08
2.31698830e-06	1.126200e-08
2.31700683e-06	1.076778e-08
2.31702537e-06	1.092667e-08
2.31704390e-06	1.008481e-08
2.31706244e-06	1.115053e-08
2.31708098e-06	1.187742e-08
2.31709951e-06	1.237436e-08
2.31711805e-06	1.222939e-08
2.31713659e-06	1.186995e-08
2.31715512e-06	9.691865e-09
2.31717366e-06	1.003841e-08
2.31719220e-06	1.186721e-08
2.31721073e-06	1.209883e-08
2.31722927e-06	1.189203e-08
2.31724781e-06	1.209211e-08
2.31726635e-06	1.230959e-08
2.31728489e-06	1.203142e-08
2.31730342e-06	1.207049e-08
2.31732196e-06	1.175978e-08
2.31734050e-06	1.170128e-08
2.31735904e-06	1.218595e-08
2.31737758e-06	1.220623e-08
2.31739612e-06	1.166557e-08
2.31741466e-06	1.149796e-08
2.31743320e-06	1.160423e-08
2.31745174e-06	1.031261e-08
2.31747028e-06	1.132266e-08
2.31748882e-06	1.060358e-08
2.31750736e-06	9.501195e-09
2.31752590e-06	1.106915e-08
2.31754444e-06	1.168534e-08
2.31756298e-06	1.192671e-08
2.31758152e-06	1.125040e-08
2.31760006e-06	8.630415e-09
2.31761860e-06	8.590341e-09
2.31763714e-06	1.113809e-08
2.31765568e-06	1.189256e-08
2.31767422e-06	1.147289e-08
2.31769276e-06	9.823317e-09
2.31771131e-06	9.735590e-09
2.31772985e-06	9.015017e-09
2.31774839e-06	1.065412e-08
2.31776693e-06	1.132166e-08
2.31778547e-06	9.726351e-09
2.31780401e-06	1.087579e-08
2.31782256e-06	1.180485e-08
2.31784110e-06	1.223585e-08
2.31785964e-06	1.224404e-08
2.31787819e-06	1.108309e-08
2.31789673e-06	1.075816e-08
2.31791527e-06	1.210164e-08
2.31793381e-06	1.209248e-08
2.31795236e-06	1.154697e-08
2.31797090e-06	1.187618e-08
2.31798945e-06	1.211696e-08
2.31800799e-06	1.088129e-08
2.31802653e-06	1.057156e-08
2.31804508e-06	1.147957e-08
2.31806362e-06	1.158818e-08
2.31808217e-06	1.150753e-08
2.31810071e-06	1.103184e-08
2.31811926e-06	1.201665e-08
2.31813780e-06	1.168282e-08
2.31815635e-06	1.029595e-08
2.31817489e-06	1.073888e-08
2.31819344e-06	1.231723e-08
2.31821198e-06	1.220517e-08
2.31823053e-06	1.123038e-08
2.31824907e-06	1.105374e-08
2.31826762e-06	9.750079e-09
2.31828617e-06	1.091508e-08
2.31830471e-06	1.209820e-08
2.31832326e-06	1.254045e-08
2.31834181e-06	1.217537e-08
2.31836035e-06	1.182583e-08
2.31837890e-06	1.169012e-08
2.31839745e-06	1.189164e-08
2.31841599e-06	1.236335e-08
2.31843454e-06	1.246715e-08
2.31845309e-06	1.150088e-08
2.31847164e-06	1.013520e-08
2.31849018e-06	9.080791e-09
2.31850873e-06	1.059148e-08
2.31852728e-06	1.147937e-08
2.31854583e-06	1.198354e-08
2.31856438e-06	1.219774e-08
2.31858292e-06	1.198621e-08
2.31860147e-06	1.157977e-08
2.31862002e-06	1.163152e-08
2.31863857e-06	1.123699e-08
2.31865712e-06	1.194585e-08
2.31867567e-06	1.182709e-08
2.31869422e-06	1.152475e-08
2.31871277e-06	1.165413e-08
2.31873132e-06	1.190051e-08
2.31874987e-06	1.191172e-08
2.31876842e-06	1.223648e-08
2.31878697e-06	1.248690e-08
2.31880552e-06	1.240053e-08
2.31882407e-06	1.188237e-08
2.31884262e-06	1.194447e-08
2.31886117e-06	1.135859e-08
2.31887972e-06	1.095107e-08
2.31889827e-06	1.134044e-08
2.31891682e-06	1.175109e-08
2.31893538e-06	1.160297e-08
2.31895393e-06	1.174416e-08
2.31897248e-06	1.195331e-08
2.31899103e-06	1.155050e-08
2.31900958e-06	1.151339e-08
2.31902813e-06	1.135270e-08
2.31904669e-06	1.154609e-08
2.31906524e-06	1.089356e-08
2.31908379e-06	1.149884e-08
2.31910234e-06	1.086757e-08
2.31912090e-06	9.323699e-09
2.31913945e-06	9.417239e-09
2.31915800e-06	1.106421e-08
2.31917656e-06	1.176912e-08
2.31919511e-06	1.213268e-08
2.31921366e-06	1.217595e-08
2.31923222e-06	1.199563e-08
2.31925077e-06	1.155165e-08
2.31926932e-06	1.171789e-08
2.31928788e-06	1.173478e-08
2.31930643e-06	1.147185e-08
2.31932499e-06	1.158101e-08
2.31934354e-06	1.103123e-08
2.31936210e-06	1.146722e-08
2.31938065e-06	1.171474e-08
2.31939921e-06	1.213940e-08
2.31941776e-06	1.222895e-08
2.31943632e-06	1.247293e-08
2.31945487e-06	1.176828e-08
2.31947343e-06	1.059372e-08
2.31949198e-06	1.101430e-08
2.31951054e-06	1.018269e-08
2.31952910e-06	9.708205e-09
2.31954765e-06	9.799737e-09
2.31956621e-06	9.417913e-09
2.31958477e-06	1.061205e-08
2.31960332e-06	1.218620e-08
2.31962188e-06	1.262961e-08
2.31964044e-06	1.259881e-08
2.31965899e-06	1.247237e-08
2.31967755e-06	1.179182e-08
2.31969611e-06	1.019860e-08
2.31971466e-06	1.092673e-08
2.31973322e-06	1.148545e-08
2.31975178e-06	1.225621e-08
2.31977034e-06	1.246455e-08
2.31978890e-06	1.235353e-08
2.31980746e-06	1.254729e-08
2.31982601e-06	1.241482e-08
2.31984457e-06	1.236277e-08
2.31986313e-06	1.209013e-08
2.31988169e-06	1.151317e-08
2.31990025e-06	1.187082e-08
2.31991881e-06	1.237749e-08
2.31993737e-06	1.250469e-08
2.31995593e-06	1.179803e-08
2.31997449e-06	1.164328e-08
2.31999305e-06	1.090906e-08
2.32001161e-06	9.349495e-09
2.32003017e-06	1.138258e-08
2.32004873e-06	1.232126e-08
2.32006729e-06	1.156356e-08
2.32008585e-06	1.125960e-08
2.32010441e-06	1.179108e-08
2.32012297e-06	1.223560e-08
2.32014153e-06	1.195100e-08
2.32016009e-06	1.220116e-08
2.32017865e-06	1.186328e-08
2.32019721e-06	1.197430e-08
2.32021577e-06	1.182222e-08
2.32023434e-06	1.193923e-08
2.32025290e-06	1.166829e-08
2.32027146e-06	9.962319e-09
2.32029002e-06	1.165937e-08
2.32030858e-06	1.249468e-08
2.32032715e-06	1.269762e-08
2.32034571e-06	1.211120e-08
2.32036427e-06	1.036267e-08
2.32038284e-06	1.005189e-08
2.32040140e-06	1.141166e-08
2.32041996e-06	9.773145e-09
2.32043853e-06	9.082389e-09
2.32045709e-06	1.159302e-08
2.32047565e-06	1.205980e-08
2.32049422e-06	1.152841e-08
2.32051278e-06	1.130242e-08
2.32053135e-06	1.064768e-08
2.32054991e-06	1.053103e-08
2.32056847e-06	9.218396e-09
2.32058704e-06	9.816273e-09
2.32060560e-06	9.132968e-09
2.32062417e-06	9.698885e-09
2.32064273e-06	1.095966e-08
2.32066130e-06	1.117853e-08
2.32067986e-06	1.122849e-08
2.32069843e-06	1.145815e-08
2.32071699e-06	1.158959e-08
2.32073556e-06	9.919195e-09
2.32075413e-06	1.029912e-08
2.32077269e-06	1.098205e-08
2.32079126e-06	1.196029e-08
2.32080982e-06	1.221277e-08
2.32082839e-06	1.231956e-08
2.32084696e-06	1.207168e-08
2.32086552e-06	1.136973e-08
2.32088409e-06	9.769177e-09
2.32090266e-06	1.039660e-08
2.32092123e-06	1.087443e-08
2.32093979e-06	1.022840e-08
2.32095836e-06	1.029819e-08
2.32097693e-06	1.162215e-08
2.32099550e-06	1.157882e-08
2.32101406e-06	1.090936e-08
2.32103263e-06	1.086721e-08
2.32105120e-06	1.033951e-08
2.32106977e-06	1.171867e-08
2.32108834e-06	1.247805e-08
2.32110691e-06	1.247758e-08
2.32112547e-06	1.161773e-08
2.32114404e-06	1.060831e-08
2.32116261e-06	1.153186e-08
2.32118118e-06	1.047376e-08
2.32119975e-06	8.872898e-09
2.32121832e-06	1.066511e-08
2.32123689e-06	1.192114e-08
2.32125546e-06	1.226213e-08
2.32127403e-06	1.170603e-08
2.32129260e-06	1.177904e-08
2.32131117e-06	1.101448e-08
2.32132974e-06	9.709606e-09
2.32134831e-06	1.019638e-08
2.32136688e-06	1.115138e-08
2.32138545e-06	1.235397e-08
2.32140403e-06	1.243653e-08
2.32142260e-06	1.226670e-08
2.32144117e-06	1.193995e-08
2.32145974e-06	1.234011e-08
2.32147831e-06	1.223109e-08
2.32149688e-06	1.101216e-08
2.32151545e-06	1.077101e-08
2.32153403e-06	1.122125e-08
2.32155260e-06	1.186123e-08
2.32157117e-06	1.235229e-08
2.32158974e-06	1.236340e-08
2.32160832e-06	1.229122e-08
2.32162689e-06	1.167160e-08
2.32164546e-06	9.882971e-09
2.32166404e-06	1.069004e-08
2.32168261e-06	1.196308e-08
2.32170118e-06	1.239924e-08
2.32171976e-06	1.236913e-08
2.32173833e-06	1.219591e-08
2.32175690e-06	1.206828e-08
2.32177548e-06	1.157094e-08
2.32179405e-06	1.082699e-08
2.32181263e-06	1.160876e-08
2.32183120e-06	1.122300e-08
2.32184978e-06	1.133735e-08
2.32186835e-06	1.151466e-08
2.32188692e-06	1.168569e-08
2.32190550e-06	1.142126e-08
2.32192408e-06	1.182038e-08
2.32194265e-06	9.750188e-09
2.32196123e-06	9.234183e-09
2.32197980e-06	1.146441e-08
2.32199838e-06	1.160750e-08
2.32201695e-06	1.149996e-08
2.32203553e-06	1.169072e-08
2.32205411e-06	1.132350e-08
2.32207268e-06	9.076719e-09
2.32209126e-06	9.595769e-09
2.32210984e-06	1.068205e-08
2.32212841e-06	1.189727e-08
2.32214699e-06	1.197450e-08
2.32216557e-06	1.142681e-08
2.32218414e-06	9.621552e-09
2.32220272e-06	9.878973e-09
2.32222130e-06	1.153928e-08
2.32223988e-06	1.128245e-08
2.32225846e-06	1.101979e-08
2.32227703e-06	1.209170e-08
2.32229561e-06	1.191557e-08
2.32231419e-06	1.110624e-08
2.32233277e-06	1.146242e-08
2.32235135e-06	1.128532e-08
2.32236993e-06	9.475301e-09
2.32238850e-06	9.923275e-09
2.32240708e-06	1.153154e-08
2.32242566e-06	1.185419e-08
2.32244424e-06	1.201688e-08
2.32246282e-06	1.064000e-08
2.32248140e-06	1.042420e-08
2.32249998e-06	1.092727e-08
2.32251856e-06	1.206862e-08
2.32253714e-06	1.146510e-08
2.32255572e-06	1.094830e-08
2.32257430e-06	1.127107e-08
2.32259288e-06	1.215387e-08
2.32261146e-06	1.196380e-08
2.32263005e-06	1.102310e-08
2.32264863e-06	9.360093e-09
2.32266721e-06	9.782244e-09
2.32268579e-06	9.769614e-09
2.32270437e-06	9.966861e-09
2.32272295e-06	9.754541e-09
2.32274153e-06	9.777345e-09
2.32276012e-06	9.699447e-09
2.32277870e-06	1.126808e-08
2.32279728e-06	1.156737e-08
2.32281586e-06	9.747201e-09
2.32283444e-06	1.005912e-08
2.32285303e-06	9.967645e-09
2.32287161e-06	9.698130e-09
2.32289019e-06	1.061678e-08
2.32290878e-06	1.015793e-08
2.32292736e-06	9.284836e-09
2.32294594e-06	1.020369e-08
2.32296453e-06	9.837400e-09
2.32298311e-06	1.141983e-08
2.32300169e-06	1.063870e-08
2.32302028e-06	9.715724e-09
2.32303886e-06	1.032856e-08
2.32305745e-06	1.202168e-08
2.32307603e-06	1.107525e-08
2.32309462e-06	9.947884e-09
2.32311320e-06	1.079165e-08
2.32313179e-06	9.922968e-09
2.32315037e-06	9.317052e-09
2.32316896e-06	8.998787e-09
2.32318754e-06	9.511633e-09
2.32320613e-06	9.694294e-09
2.32322471e-06	9.678896e-09
2.32324330e-06	1.161003e-08
2.32326188e-06	1.110631e-08
2.32328047e-06	1.053552e-08
2.32329906e-06	1.218027e-08
2.32331764e-06	1.225430e-08
2.32333623e-06	1.078534e-08
2.32335482e-06	9.687029e-09
2.32337340e-06	9.956792e-09
2.32339199e-06	1.138709e-08
2.32341058e-06	1.184502e-08
2.32342916e-06	1.113501e-08
2.32344775e-06	9.685441e-09
2.32346634e-06	9.867622e-09
2.32348493e-06	1.206373e-08
2.32350352e-06	1.235032e-08
2.32352210e-06	1.231154e-08
2.32354069e-06	1.111001e-08
2.32355928e-06	9.923102e-09
2.32357787e-06	1.128180e-08
2.32359646e-06	1.077687e-08
2.32361504e-06	9.449063e-09
2.32363363e-06	9.543126e-09
2.32365222e-06	1.074452e-08
2.32367081e-06	1.169580e-08
2.32368940e-06	1.207998e-08
2.32370799e-06	1.085455e-08
2.32372658e-06	9.668241e-09
2.32374517e-06	9.399431e-09
2.32376376e-06	1.067769e-08
2.32378235e-06	1.168564e-08
2.32380094e-06	1.028668e-08
2.32381953e-06	1.037879e-08
2.32383812e-06	1.188435e-08
2.32385671e-06	1.203878e-08
2.32387530e-06	1.203322e-08
2.32389389e-06	1.142432e-08
2.32391249e-06	1.138889e-08
2.32393108e-06	9.988752e-09
2.32394967e-06	1.010866e-08
2.32396826e-06	1.179450e-08
2.32398685e-06	1.154233e-08
2.32400544e-06	9.644077e-09
2.32402404e-06	8.581924e-09
2.32404263e-06	9.608846e-09
2.32406122e-06	9.679678e-09
2.32407981e-06	1.177437e-08
2.32409840e-06	1.144289e-08
2.32411700e-06	1.190613e-08
2.32413559e-06	1.224283e-08
2.32415418e-06	1.247403e-08
2.32417278e-06	1.231456e-08
2.32419137e-06	1.199208e-08
2.32420996e-06	1.200761e-08
2.32422856e-06	1.211008e-08
2.32424715e-06	1.218627e-08
2.32426575e-06	1.136346e-08
2.32428434e-06	9.830705e-09
2.32430293e-06	1.049873e-08
2.32432153e-06	1.199879e-08
2.32434012e-06	1.084150e-08
2.32435872e-06	1.080686e-08
2.32437731e-06	1.145715e-08
2.32439591e-06	9.803803e-09
2.32441450e-06	9.665358e-09
2.32443310e-06	1.108178e-08
2.32445169e-06	1.205037e-08
2.32447029e-06	1.131942e-08
2.32448888e-06	1.194764e-08
2.32450748e-06	1.233958e-08
2.32452608e-06	1.144297e-08
2.32454467e-06	1.103443e-08
2.32456327e-06	1.155019e-08
2.32458187e-06	1.214645e-08
2.32460046e-06	1.228185e-08
2.32461906e-06	1.197244e-08
2.32463766e-06	1.212453e-08
2.32465625e-06	1.179710e-08
2.32467485e-06	1.004082e-08
2.32469345e-06	1.030214e-08
2.32471205e-06	1.197419e-08
2.32473064e-06	1.008743e-08
2.32474924e-06	9.479308e-09
2.32476784e-06	1.134460e-08
2.32478644e-06	1.119310e-08
2.32480504e-06	9.577325e-09
2.32482363e-06	9.591855e-09
2.32484223e-06	1.057054e-08
2.32486083e-06	9.446017e-09
2.32487943e-06	1.000810e-08
2.32489803e-06	1.023949e-08
2.32491663e-06	1.104719e-08
2.32493523e-06	1.195299e-08
2.32495383e-06	1.188121e-08
2.32497243e-06	1.187282e-08
2.32499103e-06	1.089054e-08
2.32500963e-06	1.146591e-08
2.32502823e-06	1.203438e-08
2.32504683e-06	1.240359e-08
2.32506543e-06	1.238916e-08
2.32508403e-06	1.211692e-08
2.32510263e-06	1.080678e-08
2.32512123e-06	9.933861e-09
2.32513983e-06	1.124633e-08
2.32515843e-06	1.116951e-08
2.32517703e-06	1.048522e-08
2.32519563e-06	9.371385e-09
2.32521424e-06	9.143576e-09
2.32523284e-06	9.822937e-09
2.32525144e-06	9.689138e-09
2.32527004e-06	9.697884e-09
2.32528864e-06	1.169171e-08
2.32530725e-06	1.137103e-08
2.32532585e-06	1.122254e-08
2.32534445e-06	1.166426e-08
2.32536305e-06	1.230204e-08
2.32538166e-06	1.239497e-08
2.32540026e-06	1.220116e-08
2.32541886e-06	1.198777e-08
2.32543747e-06	1.177718e-08
2.32545607e-06	1.159732e-08
2.32547467e-06	1.222747e-08
2.32549328e-06	1.151324e-08
2.32551188e-06	1.117270e-08
2.32553048e-06	1.124043e-08
2.32554909e-06	1.154178e-08
2.32556769e-06	1.171934e-08
2.32558630e-06	1.048265e-08
2.32560490e-06	1.005903e-08
2.32562351e-06	1.111626e-08
2.32564211e-06	1.159162e-08
2.32566072e-06	1.049320e-08
2.32567932e-06	1.129860e-08
2.32569793e-06	1.206496e-08
2.32571654e-06	1.106981e-08
2.32573514e-06	9.685038e-09
2.32575375e-06	9.637044e-09
2.32577235e-06	1.180616e-08
2.32579096e-06	1.198820e-08
2.32580956e-06	1.230352e-08
2.32582817e-06	1.206490e-08
2.32584678e-06	1.029374e-08
2.32586538e-06	9.766306e-09
2.32588399e-06	9.597776e-09
2.32590260e-06	1.076620e-08
2.32592121e-06	1.111196e-08
2.32593981e-06	1.099211e-08
2.32595842e-06	9.944147e-09
2.32597703e-06	9.465397e-09
2.32599564e-06	9.424360e-09
2.32601424e-06	1.137474e-08
2.32603285e-06	1.160068e-08
2.32605146e-06	1.097491e-08
2.32607007e-06	1.122029e-08
2.32608868e-06	9.971364e-09
2.32610729e-06	9.803302e-09
2.32612590e-06	1.015153e-08
2.32614450e-06	1.203732e-08
2.32616311e-06	1.176103e-08
2.32618172e-06	1.123993e-08
2.32620033e-06	1.176814e-08
2.32621894e-06	1.168033e-08
2.32623755e-06	1.132512e-08
2.32625616e-06	9.576266e-09
2.32627477e-06	9.551154e-09
2.32629338e-06	1.007586e-08
2.32631199e-06	9.238857e-09
2.32633060e-06	1.027507e-08
2.32634921e-06	1.022695e-08
2.32636782e-06	1.079672e-08
2.32638643e-06	1.126101e-08
2.32640505e-06	1.120320e-08
2.32642366e-06	1.116020e-08
2.32644227e-06	1.107844e-08
2.32646088e-06	1.167334e-08
2.32647949e-06	1.168782e-08
2.32649810e-06	1.185028e-08
2.32651671e-06	1.194427e-08
2.32653533e-06	1.249289e-08
2.32655394e-06	1.199364e-08
2.32657255e-06	1.208369e-08
2.32659116e-06	1.209472e-08
2.32660978e-06	1.180439e-08
2.32662839e-06	1.117745e-08
2.32664700e-06	1.117189e-08
2.32666562e-06	1.120442e-08
2.32668423e-06	1.008150e-08
2.32670284e-06	1.132929e-08
2.32672146e-06	1.107787e-08
2.32674007e-06	1.122578e-08
2.32675869e-06	1.205874e-08
2.32677730e-06	1.191406e-08
2.32679591e-06	1.085495e-08
2.32681453e-06	9.317365e-09
2.32683314e-06	9.904783e-09
2.32685176e-06	1.003206e-08
2.32687037e-06	1.155919e-08
2.32688899e-06	1.149536e-08
2.32690760e-06	1.139642e-08
2.32692622e-06	1.169288e-08
2.32694483e-06	1.129326e-08
2.32696345e-06	1.143077e-08
2.32698206e-06	1.174797e-08
2.32700068e-06	1.161374e-08
2.32701930e-06	1.100540e-08
2.32703791e-06	1.167982e-08
2.32705653e-06	1.238539e-08
2.32707514e-06	1.170031e-08
2.32709376e-06	1.092402e-08
2.32711238e-06	1.038143e-08
2.32713099e-06	9.569927e-09
2.32714961e-06	1.044375e-08
2.32716823e-06	1.148578e-08
2.32718685e-06	1.106123e-08
2.32720546e-06	1.163557e-08
2.32722408e-06	1.172565e-08
2.32724270e-06	1.124082e-08
2.32726132e-06	1.229438e-08
2.32727993e-06	1.142173e-08
2.32729855e-06	1.015026e-08
2.32731717e-06	1.095740e-08
2.32733579e-06	1.212995e-08
2.32735441e-06	1.245781e-08
2.32737303e-06	1.180075e-08
2.32739165e-06	1.139842e-08
2.32741027e-06	1.090185e-08
2.32742888e-06	9.509997e-09
2.32744750e-06	9.585463e-09
2.32746612e-06	1.086170e-08
2.32748474e-06	1.178876e-08
2.32750336e-06	1.211350e-08
2.32752198e-06	1.182403e-08
2.32754060e-06	1.195308e-08
2.32755922e-06	1.193988e-08
2.32757784e-06	1.236417e-08
2.32759646e-06	1.138497e-08
2.32761509e-06	9.787147e-09
2.32763371e-06	1.148269e-08
2.32765233e-06	1.232115e-08
2.32767095e-06	1.205552e-08
2.32768957e-06	1.179116e-08
2.32770819e-06	1.194984e-08
2.32772681e-06	1.187178e-08
2.32774544e-06	1.211052e-08
2.32776406e-06	1.220717e-08
2.32778268e-06	1.224856e-08
2.32780130e-06	1.215432e-08
2.32781992e-06	1.180106e-08
2.32783855e-06	9.791157e-09
2.32785717e-06	9.429115e-09
2.32787579e-06	1.070573e-08
2.32789442e-06	1.130256e-08
2.32791304e-06	9.724869e-09
2.32793166e-06	9.928551e-09
2.32795028e-06	9.255926e-09
2.32796891e-06	9.203394e-09
2.32798753e-06	1.159497e-08
2.32800616e-06	1.208519e-08
2.32802478e-06	1.223192e-08
2.32804340e-06	1.199205e-08
2.32806203e-06	1.099701e-08
2.32808065e-06	9.543972e-09
2.32809928e-06	9.554447e-09
2.32811790e-06	1.100217e-08
2.32813653e-06	1.114030e-08
2.32815515e-06	1.125205e-08
2.32817378e-06	1.212873e-08
2.32819240e-06	1.173706e-08
2.32821103e-06	1.140024e-08
2.32822965e-06	1.078675e-08
2.32824828e-06	1.153408e-08
2.32826691e-06	1.203573e-08
2.32828553e-06	1.177318e-08
2.32830416e-06	1.007505e-08
2.32832279e-06	1.012990e-08
2.32834141e-06	1.168092e-08
2.32836004e-06	1.200120e-08
2.32837867e-06	1.176511e-08
2.32839729e-06	1.045385e-08
2.32841592e-06	9.356136e-09
2.32843455e-06	1.128754e-08
2.32845317e-06	1.119823e-08
2.32847180e-06	8.815484e-09
2.32849043e-06	9.517297e-09
2.32850906e-06	1.049667e-08
2.32852769e-06	1.125249e-08
2.32854631e-06	1.133729e-08
2.32856494e-06	1.206978e-08
2.32858357e-06	1.248136e-08
2.32860220e-06	1.218506e-08
2.32862083e-06	1.159127e-08
2.32863946e-06	1.016094e-08
2.32865809e-06	1.007656e-08
2.32867672e-06	1.053416e-08
2.32869535e-06	1.097425e-08
2.32871397e-06	9.537827e-09
2.32873260e-06	9.959581e-09
2.32875123e-06	1.111556e-08
2.32876987e-06	9.582927e-09
2.32878849e-06	9.509776e-09
2.32880712e-06	1.007619e-08
2.32882576e-06	1.074132e-08
2.32884439e-06	1.202427e-08
2.32886302e-06	1.212997e-08
2.32888165e-06	1.144672e-08
2.32890028e-06	1.128926e-08
2.32891891e-06	1.107273e-08
2.32893754e-06	1.061462e-08
2.32895617e-06	1.092813e-08
2.32897481e-06	1.163251e-08
2.32899344e-06	1.081941e-08
2.32901207e-06	1.099017e-08
2.32903070e-06	1.190231e-08
2.32904933e-06	1.180973e-08
2.32906797e-06	1.123017e-08
2.32908660e-06	9.430271e-09
2.32910523e-06	1.055210e-08
2.32912386e-06	1.233408e-08
2.32914250e-06	1.219637e-08
2.32916113e-06	1.196316e-08
2.32917976e-06	1.139832e-08
2.32919840e-06	9.439405e-09
2.32921703e-06	9.621461e-09
2.32923566e-06	1.195020e-08
2.32925430e-06	1.225977e-08
2.32927293e-06	1.162893e-08
2.32929157e-06	1.196010e-08
2.32931020e-06	1.246769e-08
2.32932883e-06	1.235132e-08
2.32934747e-06	1.163282e-08
2.32936610e-06	1.080792e-08
2.32938474e-06	1.024702e-08
2.32940337e-06	1.139833e-08
2.32942201e-06	1.076113e-08
2.32944065e-06	1.156378e-08
2.32945928e-06	1.088587e-08
2.32947792e-06	9.675335e-09
2.32949655e-06	9.440468e-09
2.32951519e-06	9.725897e-09
2.32953382e-06	1.083063e-08
2.32955246e-06	1.148365e-08
2.32957110e-06	1.199542e-08
2.32958973e-06	1.221343e-08
2.32960837e-06	1.249077e-08
2.32962701e-06	1.240961e-08
2.32964564e-06	1.186139e-08
2.32966428e-06	1.239019e-08
2.32968292e-06	1.259441e-08
2.32970156e-06	1.279431e-08
2.32972019e-06	1.275235e-08
2.32973883e-06	1.252330e-08
2.32975747e-06	1.200303e-08
2.32977611e-06	1.199529e-08
2.32979475e-06	1.053699e-08
2.32981338e-06	1.075293e-08
2.32983202e-06	1.228284e-08
2.32985066e-06	1.207332e-08
2.32986930e-06	1.140857e-08
2.32988794e-06	1.197767e-08
2.32990658e-06	1.201131e-08
2.32992522e-06	1.142168e-08
2.32994386e-06	1.143224e-08
2.32996250e-06	1.134639e-08
2.32998113e-06	1.181270e-08
2.32999977e-06	1.192925e-08
2.33001842e-06	9.978547e-09
2.33003706e-06	9.542585e-09
2.33005570e-06	1.172467e-08
2.33007434e-06	1.184675e-08
2.33009298e-06	1.069675e-08
2.33011162e-06	1.054029e-08
2.33013026e-06	1.110571e-08
2.33014890e-06	1.128671e-08
2.33016754e-06	9.548319e-09
2.33018618e-06	9.611003e-09
2.33020482e-06	9.148053e-09
2.33022347e-06	1.104864e-08
2.33024211e-06	1.113112e-08
2.33026075e-06	9.996035e-09
2.33027939e-06	9.815617e-09
2.33029803e-06	9.417664e-09
2.33031667e-06	1.169594e-08
2.33033532e-06	1.192425e-08
2.33035396e-06	1.197756e-08
2.33037260e-06	1.171916e-08
2.33039125e-06	9.725409e-09
2.33040989e-06	1.047518e-08
2.33042853e-06	1.196529e-08
2.33044718e-06	1.031047e-08
2.33046582e-06	9.210304e-09
2.33048446e-06	1.072185e-08
2.33050311e-06	1.121882e-08
2.33052175e-06	8.807739e-09
2.33054040e-06	9.297020e-09
2.33055904e-06	1.166666e-08
2.33057768e-06	1.077728e-08
2.33059633e-06	8.953415e-09
2.33061497e-06	1.007301e-08
2.33063362e-06	9.996966e-09
2.33065226e-06	9.416353e-09
2.33067091e-06	9.330957e-09
2.33068955e-06	9.977968e-09
2.33070820e-06	9.673651e-09
2.33072685e-06	1.059555e-08
2.33074549e-06	9.570357e-09
2.33076414e-06	1.071861e-08
2.33078278e-06	1.119825e-08
2.33080143e-06	1.059470e-08
2.33082008e-06	1.131620e-08
2.33083872e-06	1.173546e-08
2.33085737e-06	1.192187e-08
2.33087602e-06	1.158429e-08
2.33089466e-06	1.124393e-08
2.33091331e-06	1.182615e-08
2.33093196e-06	1.156370e-08
2.33095061e-06	1.110935e-08
2.33096925e-06	1.152703e-08
2.33098790e-06	1.049305e-08
2.33100655e-06	1.071412e-08
2.33102520e-06	1.004141e-08
2.33104384e-06	1.105028e-08
2.33106249e-06	1.184261e-08
2.33108114e-06	9.469203e-09
2.33109979e-06	9.697772e-09
2.33111844e-06	1.057356e-08
2.33113709e-06	1.136940e-08
2.33115574e-06	1.048132e-08
2.33117439e-06	1.096612e-08
2.33119304e-06	1.076647e-08
2.33121169e-06	8.966366e-09
2.33123033e-06	9.987628e-09
2.33124898e-06	1.085008e-08
2.33126763e-06	1.077977e-08
2.33128629e-06	1.201029e-08
2.33130493e-06	1.154537e-08
2.33132359e-06	1.126678e-08
2.33134224e-06	1.208453e-08
2.33136089e-06	1.170117e-08
2.33137954e-06	9.906772e-09
2.33139819e-06	1.072883e-08
2.33141684e-06	1.150771e-08
2.33143549e-06	1.131798e-08
2.33145414e-06	1.140330e-08
2.33147280e-06	1.199780e-08
2.33149145e-06	1.175816e-08
2.33151010e-06	1.183623e-08
2.33152875e-06	1.132965e-08
2.33154740e-06	1.000365e-08
2.33156606e-06	1.102789e-08
2.33158471e-06	1.076328e-08
2.33160336e-06	9.231605e-09
2.33162201e-06	1.024233e-08
2.33164067e-06	1.030998e-08
2.33165932e-06	1.001510e-08
2.33167797e-06	1.206542e-08
2.33169663e-06	1.192254e-08
2.33171528e-06	1.070803e-08
2.33173393e-06	9.737516e-09
2.33175259e-06	1.168440e-08
2.33177124e-06	1.118076e-08
2.33178990e-06	1.016089e-08
2.33180855e-06	1.148761e-08
2.33182720e-06	1.170883e-08
2.33184586e-06	1.185564e-08
2.33186451e-06	1.036376e-08
2.33188317e-06	1.068914e-08
2.33190182e-06	1.021539e-08
2.33192048e-06	8.949805e-09
2.33193913e-06	9.864021e-09
2.33195779e-06	9.615549e-09
2.33197644e-06	9.982224e-09
2.33199510e-06	1.073983e-08
2.33201376e-06	1.116568e-08
2.33203241e-06	1.210932e-08
2.33205107e-06	1.223304e-08
2.33206973e-06	1.204421e-08
2.33208838e-06	1.201131e-08
2.33210704e-06	1.075948e-08
2.33212570e-06	1.158289e-08
2.33214435e-06	1.227899e-08
2.33216301e-06	1.189557e-08
2.33218167e-06	1.198010e-08
2.33220033e-06	1.218744e-08
2.33221898e-06	1.081556e-08
2.33223764e-06	1.057261e-08
2.33225630e-06	1.016779e-08
2.33227496e-06	1.135048e-08
2.33229361e-06	1.222984e-08
2.33231227e-06	1.248085e-08
2.33233093e-06	1.209401e-08
2.33234959e-06	1.212746e-08
2.33236825e-06	1.217868e-08
2.33238691e-06	1.135305e-08
2.33240557e-06	1.133867e-08
2.33242423e-06	1.212575e-08
2.33244288e-06	1.204011e-08
2.33246154e-06	1.143996e-08
2.33248020e-06	1.106415e-08
2.33249886e-06	1.143909e-08
2.33251752e-06	1.208772e-08
2.33253618e-06	1.215968e-08
2.33255485e-06	1.047114e-08
2.33257350e-06	1.016328e-08
2.33259217e-06	1.136422e-08
2.33261083e-06	1.157930e-08
2.33262949e-06	1.228981e-08
2.33264815e-06	1.225935e-08
2.33266681e-06	1.193803e-08
2.33268547e-06	1.240574e-08
2.33270413e-06	1.238522e-08
2.33272279e-06	1.176749e-08
2.33274146e-06	1.111191e-08
2.33276012e-06	1.140819e-08
2.33277878e-06	1.028430e-08
2.33279744e-06	1.075452e-08
2.33281610e-06	1.088528e-08
2.33283477e-06	9.494026e-09
2.33285343e-06	9.601216e-09
2.33287209e-06	1.082459e-08
2.33289075e-06	9.390601e-09
2.33290942e-06	8.702772e-09
2.33292808e-06	1.133410e-08
2.33294675e-06	1.189287e-08
2.33296541e-06	1.192111e-08
2.33298407e-06	1.148124e-08
2.33300274e-06	1.171294e-08
2.33302140e-06	1.217826e-08
2.33304006e-06	1.190887e-08
2.33305873e-06	1.182535e-08
2.33307739e-06	1.191619e-08
2.33309606e-06	1.175195e-08
2.33311472e-06	1.116030e-08
2.33313339e-06	1.139389e-08
2.33315205e-06	1.044809e-08
2.33317072e-06	1.010813e-08
2.33318938e-06	1.169496e-08
2.33320805e-06	1.190847e-08
2.33322671e-06	1.043902e-08
2.33324538e-06	1.005038e-08
2.33326405e-06	1.117663e-08
2.33328271e-06	1.029849e-08
2.33330138e-06	1.166492e-08
2.33332004e-06	1.201914e-08
2.33333871e-06	1.195359e-08
2.33335738e-06	1.137807e-08
2.33337604e-06	1.086714e-08
2.33339471e-06	1.128370e-08
2.33341338e-06	1.129658e-08
2.33343205e-06	1.227628e-08
2.33345071e-06	1.233563e-08
2.33346938e-06	1.229517e-08
2.33348805e-06	1.196124e-08
2.33350672e-06	1.110996e-08
2.33352538e-06	1.023572e-08
2.33354405e-06	1.074134e-08
2.33356272e-06	1.032295e-08
2.33358139e-06	9.441268e-09
2.33360006e-06	1.158853e-08
2.33361873e-06	1.199742e-08
2.33363740e-06	1.136899e-08
2.33365607e-06	1.144527e-08
2.33367473e-06	1.171284e-08
2.33369340e-06	1.030431e-08
2.33371207e-06	9.321150e-09
2.33373074e-06	9.069083e-09
2.33374941e-06	1.014256e-08
2.33376808e-06	9.499284e-09
2.33378675e-06	9.753837e-09
2.33380542e-06	1.068104e-08
2.33382410e-06	1.201227e-08
2.33384277e-06	1.156791e-08
2.33386144e-06	1.182546e-08
2.33388011e-06	1.236417e-08
2.33389878e-06	1.206145e-08
2.33391745e-06	1.203205e-08
2.33393612e-06	1.161348e-08
2.33395479e-06	1.077513e-08
2.33397346e-06	1.186306e-08
2.33399213e-06	1.256554e-08
2.33401081e-06	1.231296e-08
2.33402948e-06	1.192236e-08
2.33404815e-06	1.160947e-08
2.33406682e-06	1.203399e-08
2.33408550e-06	1.258197e-08
2.33410417e-06	1.266541e-08
2.33412284e-06	1.191300e-08
2.33414152e-06	9.770096e-09
2.33416019e-06	8.911467e-09
2.33417886e-06	1.025942e-08
2.33419754e-06	9.769422e-09
2.33421621e-06	9.529962e-09
2.33423488e-06	1.101820e-08
2.33425356e-06	1.171501e-08
2.33427223e-06	1.144202e-08
2.33429090e-06	1.021086e-08
2.33430958e-06	9.084349e-09
2.33432825e-06	9.941444e-09
2.33434693e-06	1.050804e-08
2.33436560e-06	1.089470e-08
2.33438428e-06	1.166973e-08
2.33440295e-06	1.208043e-08
2.33442163e-06	1.102040e-08
2.33444030e-06	9.635450e-09
2.33445898e-06	1.056850e-08
2.33447765e-06	1.106263e-08
2.33449633e-06	1.126340e-08
2.33451501e-06	1.066256e-08
2.33453368e-06	1.144840e-08
2.33455236e-06	1.167393e-08
2.33457104e-06	1.070304e-08
2.33458971e-06	1.165444e-08
2.33460839e-06	1.221113e-08
2.33462706e-06	1.075128e-08
2.33464574e-06	1.040802e-08
2.33466442e-06	1.154707e-08
2.33468310e-06	1.231184e-08
2.33470177e-06	1.198051e-08
2.33472045e-06	1.162250e-08
2.33473913e-06	9.832345e-09
2.33475781e-06	9.807477e-09
2.33477648e-06	8.785115e-09
2.33479516e-06	9.930562e-09
2.33481384e-06	1.073890e-08
2.33483252e-06	1.033862e-08
2.33485120e-06	1.015318e-08
2.33486988e-06	1.010167e-08
2.33488856e-06	1.096531e-08
2.33490724e-06	1.231367e-08
2.33492591e-06	1.252970e-08
2.33494460e-06	1.228916e-08
2.33496327e-06	1.194702e-08
2.33498195e-06	1.046867e-08
2.33500063e-06	1.070588e-08
2.33501931e-06	1.223651e-08
2.33503799e-06	1.238074e-08
2.33505667e-06	1.250611e-08
2.33507535e-06	1.238013e-08
2.33509404e-06	1.135484e-08
2.33511272e-06	9.298771e-09
2.33513140e-06	9.618627e-09
2.33515008e-06	1.175559e-08
2.33516876e-06	1.139192e-08
2.33518744e-06	1.007694e-08
2.33520612e-06	1.047771e-08
2.33522480e-06	1.134034e-08
2.33524348e-06	1.058928e-08
2.33526217e-06	1.044090e-08
2.33528085e-06	1.128830e-08
2.33529953e-06	1.149234e-08
2.33531821e-06	1.109535e-08
2.33533690e-06	1.086526e-08
2.33535558e-06	1.104800e-08
2.33537426e-06	9.768543e-09
2.33539294e-06	9.549114e-09
2.33541163e-06	1.129327e-08
2.33543031e-06	1.140015e-08
2.33544900e-06	1.120960e-08
2.33546768e-06	1.047222e-08
2.33548636e-06	1.045437e-08
2.33550505e-06	1.076583e-08
2.33552373e-06	1.014642e-08
2.33554242e-06	9.370721e-09
2.33556110e-06	9.356444e-09
2.33557978e-06	1.135919e-08
2.33559847e-06	1.156944e-08
2.33561715e-06	1.140707e-08
2.33563584e-06	1.134483e-08
2.33565452e-06	1.041663e-08
2.33567321e-06	9.196773e-09
2.33569189e-06	1.063317e-08
2.33571058e-06	1.048933e-08
2.33572927e-06	1.057925e-08
2.33574795e-06	1.071321e-08
2.33576664e-06	9.281801e-09
2.33578532e-06	9.731097e-09
2.33580401e-06	1.020404e-08
2.33582269e-06	1.137088e-08
2.33584138e-06	1.192793e-08
2.33586007e-06	1.212779e-08
2.33587876e-06	1.175298e-08
2.33589744e-06	1.079424e-08
2.33591613e-06	1.111681e-08
2.33593482e-06	1.204800e-08
2.33595350e-06	1.178821e-08
2.33597219e-06	1.038183e-08
2.33599088e-06	1.082461e-08
2.33600957e-06	1.148387e-08
2.33602826e-06	1.156254e-08
2.33604694e-06	1.180251e-08
2.33606563e-06	1.215837e-08
2.33608432e-06	1.247273e-08
2.33610301e-06	1.253725e-08
2.33612170e-06	1.258025e-08
2.33614039e-06	1.230028e-08
2.33615908e-06	1.196280e-08
2.33617777e-06	1.206237e-08
2.33619646e-06	1.149480e-08
2.33621514e-06	1.153491e-08
2.33623383e-06	1.216490e-08
2.33625253e-06	1.164781e-08
2.33627121e-06	1.158072e-08
2.33628990e-06	1.151547e-08
2.33630860e-06	1.176228e-08
2.33632729e-06	1.045932e-08
2.33634598e-06	9.253480e-09
2.33636467e-06	9.710938e-09
2.33638336e-06	1.166261e-08
2.33640205e-06	1.114782e-08
2.33642074e-06	1.108936e-08
2.33643943e-06	1.199763e-08
2.33645812e-06	1.123023e-08
2.33647681e-06	1.195713e-08
2.33649551e-06	1.198518e-08
2.33651420e-06	1.191247e-08
2.33653289e-06	1.246043e-08
2.33655158e-06	1.206633e-08
2.33657028e-06	1.147889e-08
2.33658897e-06	1.206751e-08
2.33660766e-06	1.168707e-08
2.33662635e-06	1.153291e-08
2.33664505e-06	1.175323e-08
2.33666374e-06	1.202404e-08
2.33668243e-06	1.171481e-08
2.33670113e-06	9.501610e-09
2.33671982e-06	9.057933e-09
2.33673851e-06	1.012708e-08
2.33675721e-06	1.043139e-08
2.33677590e-06	1.153817e-08
2.33679460e-06	1.183860e-08
2.33681329e-06	1.085197e-08
2.33683198e-06	9.688105e-09
2.33685068e-06	9.348803e-09
2.33686937e-06	1.038248e-08
2.33688807e-06	1.049840e-08
2.33690676e-06	1.050182e-08
2.33692546e-06	1.096624e-08
2.33694415e-06	1.098074e-08
2.33696285e-06	1.101716e-08
2.33698155e-06	9.207329e-09
2.33700024e-06	9.611136e-09
2.33701894e-06	1.080393e-08
2.33703763e-06	1.137618e-08
2.33705633e-06	1.134273e-08
2.33707503e-06	1.177196e-08
2.33709372e-06	1.186790e-08
2.33711242e-06	1.171116e-08
2.33713112e-06	1.189485e-08
2.33714981e-06	1.139497e-08
2.33716851e-06	1.171499e-08
2.33718721e-06	1.241120e-08
2.33720591e-06	1.152157e-08
2.33722460e-06	1.097899e-08
2.33724330e-06	1.149272e-08
2.33726200e-06	1.140852e-08
2.33728070e-06	1.000792e-08
2.33729940e-06	1.009335e-08
2.33731809e-06	1.178598e-08
2.33733679e-06	1.208520e-08
2.33735549e-06	1.211414e-08
2.33737419e-06	1.197025e-08
2.33739289e-06	1.031191e-08
2.33741159e-06	9.282965e-09
2.33743029e-06	9.572965e-09
2.33744899e-06	1.135832e-08
2.33746769e-06	1.162760e-08
2.33748639e-06	1.080178e-08
2.33750509e-06	1.106666e-08
2.33752379e-06	1.146219e-08
2.33754249e-06	1.173314e-08
2.33756119e-06	1.200609e-08
2.33757989e-06	1.249801e-08
2.33759859e-06	1.250068e-08
2.33761729e-06	1.202650e-08
2.33763599e-06	1.104100e-08
2.33765469e-06	1.177854e-08
2.33767339e-06	1.164557e-08
2.33769209e-06	1.165275e-08
2.33771079e-06	1.140334e-08
2.33772950e-06	1.027885e-08
2.33774820e-06	8.899566e-09
2.33776690e-06	1.046644e-08
2.33778560e-06	1.194163e-08
2.33780431e-06	1.196095e-08
2.33782301e-06	1.200905e-08
2.33784171e-06	1.154583e-08
2.33786041e-06	1.160614e-08
2.33787912e-06	1.207678e-08
2.33789782e-06	1.175706e-08
2.33791652e-06	1.023366e-08
2.33793523e-06	9.692410e-09
2.33795393e-06	9.317440e-09
2.33797263e-06	1.073439e-08
2.33799134e-06	1.159442e-08
2.33801004e-06	1.188750e-08
2.33802874e-06	1.103712e-08
2.33804745e-06	1.022471e-08
2.33806615e-06	1.139183e-08
2.33808486e-06	1.133847e-08
2.33810356e-06	1.181522e-08
2.33812227e-06	1.129266e-08
2.33814097e-06	1.174698e-08
2.33815968e-06	1.184717e-08
2.33817838e-06	1.107754e-08
2.33819709e-06	1.045826e-08
2.33821579e-06	1.120855e-08
2.33823450e-06	9.968717e-09
2.33825321e-06	1.145539e-08
2.33827191e-06	1.147425e-08
2.33829062e-06	1.139164e-08
2.33830932e-06	1.129966e-08
2.33832803e-06	9.628128e-09
2.33834674e-06	9.683504e-09
2.33836544e-06	1.178197e-08
2.33838415e-06	1.152315e-08
2.33840286e-06	1.199877e-08
2.33842156e-06	1.188629e-08
2.33844027e-06	1.108878e-08
2.33845898e-06	9.930735e-09
2.33847769e-06	1.078286e-08
2.33849639e-06	1.110608e-08
2.33851510e-06	1.069356e-08
2.33853381e-06	1.007684e-08
2.33855252e-06	1.046668e-08
2.33857123e-06	1.025853e-08
2.33858994e-06	1.005435e-08
2.33860864e-06	1.053265e-08
2.33862735e-06	1.150933e-08
2.33864606e-06	1.149629e-08
2.33866477e-06	1.136535e-08
2.33868348e-06	1.058493e-08
2.33870219e-06	1.066398e-08
2.33872090e-06	9.408006e-09
2.33873961e-06	8.929742e-09
2.33875832e-06	1.048414e-08
2.33877703e-06	1.089575e-08
2.33879574e-06	1.173223e-08
2.33881445e-06	1.196371e-08
2.33883316e-06	1.231647e-08
2.33885187e-06	1.245052e-08
2.33887058e-06	1.178666e-08
2.33888929e-06	1.163699e-08
2.33890800e-06	1.143439e-08
2.33892672e-06	1.115548e-08
2.33894543e-06	9.644751e-09
2.33896414e-06	9.407882e-09
2.33898285e-06	1.139254e-08
2.33900156e-06	1.165087e-08
2.33902027e-06	1.146844e-08
2.33903899e-06	1.151997e-08
2.33905770e-06	1.048209e-08
2.33907641e-06	9.712759e-09
2.33909512e-06	9.320049e-09
2.33911384e-06	1.082902e-08
2.33913255e-06	1.160079e-08
2.33915126e-06	1.123463e-08
2.33916998e-06	1.125634e-08
2.33918869e-06	1.044435e-08
2.33920740e-06	1.080359e-08
2.33922612e-06	1.070857e-08
2.33924483e-06	1.167467e-08
2.33926354e-06	1.222451e-08
2.33928226e-06	1.137323e-08
2.33930097e-06	9.644541e-09
2.33931969e-06	9.112784e-09
2.33933840e-06	9.117315e-09
2.33935712e-06	1.162754e-08
2.33937583e-06	1.206616e-08
2.33939455e-06	1.198344e-08
2.33941326e-06	1.200438e-08
2.33943198e-06	1.204185e-08
2.33945069e-06	1.138408e-08
2.33946941e-06	9.615914e-09
2.33948812e-06	1.025650e-08
2.33950684e-06	1.176807e-08
2.33952556e-06	1.204679e-08
2.33954427e-06	1.208767e-08
2.33956299e-06	1.171278e-08
2.33958171e-06	1.157292e-08
2.33960042e-06	9.993521e-09
2.33961914e-06	9.382177e-09
2.33963785e-06	1.099482e-08
2.33965657e-06	1.036041e-08
2.33967529e-06	1.002452e-08
2.33969401e-06	1.208080e-08
2.33971272e-06	1.197024e-08
2.33973144e-06	1.132427e-08
2.33975016e-06	1.038694e-08
2.33976888e-06	1.138051e-08
2.33978760e-06	1.164608e-08
2.33980631e-06	1.174418e-08
2.33982503e-06	1.231222e-08
2.33984375e-06	1.197263e-08
2.33986247e-06	1.005757e-08
2.33988119e-06	8.650043e-09
2.33989991e-06	8.962739e-09
2.33991863e-06	1.116827e-08
2.33993735e-06	1.213967e-08
2.33995607e-06	1.137577e-08
2.33997479e-06	1.205228e-08
2.33999351e-06	1.225016e-08
2.34001223e-06	1.117421e-08
2.34003095e-06	9.717532e-09
2.34004967e-06	1.016737e-08
2.34006839e-06	9.941547e-09
2.34008711e-06	1.059855e-08
2.34010583e-06	1.167283e-08
2.34012455e-06	1.035214e-08
2.34014327e-06	1.122889e-08
2.34016199e-06	1.115535e-08
2.34018071e-06	1.070391e-08
2.34019943e-06	1.116072e-08
2.34021815e-06	1.192576e-08
2.34023688e-06	1.141084e-08
2.34025560e-06	9.390658e-09
2.34027432e-06	9.608829e-09
2.34029304e-06	9.304682e-09
2.34031177e-06	1.108493e-08
2.34033049e-06	1.162112e-08
2.34034921e-06	1.020788e-08
2.34036793e-06	9.463631e-09
2.34038666e-06	9.262577e-09
2.34040538e-06	9.118473e-09
2.34042410e-06	9.484384e-09
2.34044283e-06	9.405477e-09
2.34046155e-06	1.073892e-08
2.34048027e-06	1.207749e-08
2.34049900e-06	1.191608e-08
2.34051772e-06	9.569295e-09
2.34053644e-06	9.923216e-09
2.34055517e-06	1.112074e-08
2.34057389e-06	1.030728e-08
2.34059262e-06	1.110049e-08
2.34061134e-06	1.000906e-08
2.34063007e-06	9.434159e-09
2.34064879e-06	1.115095e-08
2.34066752e-06	1.062300e-08
2.34068624e-06	1.134701e-08
2.34070497e-06	1.243286e-08
2.34072369e-06	1.227975e-08
2.34074242e-06	1.210413e-08
2.34076115e-06	1.234581e-08
2.34077987e-06	1.188792e-08
2.34079860e-06	1.221814e-08
2.34081733e-06	1.183248e-08
2.34083605e-06	1.131552e-08
2.34085478e-06	1.184585e-08
2.34087350e-06	1.161896e-08
2.34089223e-06	1.156036e-08
2.34091096e-06	1.187130e-08
2.34092969e-06	1.179701e-08
2.34094841e-06	1.238906e-08
2.34096714e-06	1.201125e-08
2.34098587e-06	1.166373e-08
2.34100460e-06	1.178148e-08
2.34102333e-06	1.189383e-08
2.34104205e-06	1.154666e-08
2.34106078e-06	9.316368e-09
2.34107951e-06	8.575975e-09
2.34109824e-06	9.744589e-09
2.34111697e-06	1.102797e-08
2.34113570e-06	1.019755e-08
2.34115443e-06	8.792255e-09
2.34117315e-06	1.071376e-08
2.34119188e-06	1.168346e-08
2.34121061e-06	1.202835e-08
2.34122934e-06	1.185103e-08
2.34124807e-06	1.141372e-08
2.34126680e-06	8.795974e-09
2.34128553e-06	8.819906e-09
2.34130426e-06	1.195711e-08
2.34132299e-06	1.210747e-08
2.34134172e-06	1.079633e-08
2.34136045e-06	9.125848e-09
2.34137919e-06	1.135439e-08
2.34139792e-06	1.189583e-08
2.34141665e-06	1.132948e-08
2.34143538e-06	1.107206e-08
2.34145411e-06	1.003613e-08
2.34147284e-06	9.630386e-09
2.34149158e-06	9.819325e-09
2.34151031e-06	9.562553e-09
2.34152904e-06	1.113860e-08
2.34154777e-06	1.045419e-08
2.34156650e-06	1.075948e-08
2.34158524e-06	1.116447e-08
2.34160397e-06	1.217066e-08
2.34162270e-06	1.226167e-08
2.34164143e-06	1.225723e-08
2.34166017e-06	1.219247e-08
2.34167890e-06	1.115489e-08
2.34169763e-06	9.015592e-09
2.34171637e-06	9.057279e-09
2.34173510e-06	1.048754e-08
2.34175384e-06	1.114564e-08
2.34177257e-06	1.223139e-08
2.34179130e-06	1.185419e-08
2.34181004e-06	1.211587e-08
2.34182877e-06	1.213622e-08
2.34184751e-06	1.126937e-08
2.34186624e-06	9.969918e-09
2.34188498e-06	9.305398e-09
2.34190371e-06	1.124987e-08
2.34192245e-06	1.112879e-08
2.34194118e-06	1.028645e-08
2.34195992e-06	1.062809e-08
2.34197865e-06	1.121375e-08
2.34199739e-06	1.170221e-08
2.34201613e-06	1.181135e-08
2.34203486e-06	9.775992e-09
2.34205360e-06	8.566521e-09
2.34207233e-06	1.006179e-08
2.34209107e-06	1.078000e-08
2.34210981e-06	1.188980e-08
2.34212855e-06	1.227223e-08
2.34214728e-06	1.183520e-08
2.34216602e-06	1.060855e-08
2.34218476e-06	1.084264e-08
2.34220349e-06	1.190268e-08
2.34222223e-06	1.232872e-08
2.34224097e-06	1.237885e-08
2.34225971e-06	1.244188e-08
2.34227844e-06	1.263316e-08
2.34229718e-06	1.279666e-08
2.34231592e-06	1.249328e-08
2.34233466e-06	1.216066e-08
2.34235340e-06	1.244484e-08
2.34237214e-06	1.187102e-08
2.34239088e-06	1.159903e-08
2.34240962e-06	1.174545e-08
2.34242835e-06	1.176559e-08
2.34244709e-06	1.064191e-08
2.34246583e-06	1.133909e-08
2.34248457e-06	1.201682e-08
2.34250331e-06	1.223994e-08
2.34252205e-06	1.242143e-08
2.34254079e-06	1.142603e-08
2.34255953e-06	1.028413e-08
2.34257827e-06	1.048051e-08
2.34259702e-06	1.041900e-08
2.34261576e-06	1.117566e-08
2.34263450e-06	1.213251e-08
2.34265324e-06	1.230651e-08
2.34267198e-06	1.182634e-08
2.34269072e-06	1.114477e-08
2.34270946e-06	1.204422e-08
2.34272820e-06	1.140659e-08
2.34274695e-06	9.217400e-09
2.34276569e-06	9.630826e-09
2.34278443e-06	1.036509e-08
2.34280317e-06	1.168122e-08
2.34282191e-06	1.187020e-08
2.34284066e-06	1.077149e-08
2.34285940e-06	1.062345e-08
2.34287814e-06	1.084214e-08
2.34289689e-06	1.119604e-08
2.34291563e-06	1.175395e-08
2.34293437e-06	1.210837e-08
2.34295312e-06	1.212199e-08
2.34297186e-06	1.170994e-08
2.34299060e-06	1.105110e-08
2.34300935e-06	1.173691e-08
2.34302809e-06	1.221724e-08
2.34304684e-06	1.173362e-08
2.34306558e-06	1.069499e-08
2.34308432e-06	1.175212e-08
2.34310307e-06	1.228719e-08
2.34312181e-06	1.211471e-08
2.34314056e-06	1.206426e-08
2.34315930e-06	1.087653e-08
2.34317805e-06	1.149743e-08
2.34319679e-06	1.211058e-08
2.34321554e-06	1.137344e-08
2.34323429e-06	9.903085e-09
2.34325303e-06	1.010638e-08
2.34327178e-06	8.794558e-09
2.34329052e-06	1.068408e-08
2.34330927e-06	1.120030e-08
2.34332802e-06	1.211310e-08
2.34334676e-06	1.253687e-08
2.34336551e-06	1.230460e-08
2.34338426e-06	1.135775e-08
2.34340300e-06	1.180877e-08
2.34342175e-06	1.133290e-08
2.34344050e-06	1.111188e-08
2.34345925e-06	1.116675e-08
2.34347799e-06	9.537854e-09
2.34349674e-06	9.041966e-09
2.34351549e-06	1.103782e-08
2.34353424e-06	1.169631e-08
2.34355299e-06	1.143591e-08
2.34357173e-06	1.158233e-08
2.34359048e-06	1.082295e-08
2.34360923e-06	9.107430e-09
2.34362798e-06	8.980127e-09
2.34364673e-06	1.110753e-08
2.34366548e-06	1.026796e-08
2.34368423e-06	8.774443e-09
2.34370298e-06	9.160956e-09
2.34372173e-06	1.027400e-08
2.34374048e-06	1.197602e-08
2.34375923e-06	1.156034e-08
2.34377798e-06	1.175985e-08
2.34379673e-06	1.202585e-08
2.34381548e-06	9.874566e-09
2.34383423e-06	9.014672e-09
2.34385298e-06	1.045362e-08
2.34387173e-06	1.098256e-08
2.34389048e-06	1.193930e-08
2.34390923e-06	1.145144e-08
2.34392798e-06	1.134330e-08
2.34394673e-06	1.224705e-08
2.34396549e-06	1.203823e-08
2.34398424e-06	1.101716e-08
2.34400299e-06	1.163686e-08
2.34402174e-06	1.107058e-08
2.34404049e-06	1.022831e-08
2.34405925e-06	9.522681e-09
2.34407800e-06	9.336013e-09
2.34409675e-06	1.103883e-08
2.34411550e-06	1.153875e-08
2.34413426e-06	1.115051e-08
2.34415301e-06	1.162283e-08
2.34417176e-06	1.209708e-08
2.34419052e-06	1.202568e-08
2.34420927e-06	1.174560e-08
2.34422802e-06	1.187634e-08
2.34424678e-06	1.200031e-08
2.34426553e-06	1.216189e-08
2.34428429e-06	1.123974e-08
2.34430304e-06	1.117528e-08
2.34432179e-06	1.054724e-08
2.34434055e-06	1.100031e-08
2.34435930e-06	1.175501e-08
2.34437806e-06	1.146871e-08
2.34439681e-06	1.112501e-08
2.34441557e-06	1.115180e-08
2.34443432e-06	1.089016e-08
2.34445308e-06	8.953682e-09
2.34447183e-06	9.149349e-09
2.34449059e-06	1.054101e-08
2.34450935e-06	9.777810e-09
2.34452810e-06	1.048581e-08
2.34454686e-06	1.132912e-08
2.34456562e-06	1.092216e-08
2.34458437e-06	1.084057e-08
2.34460313e-06	1.176444e-08
2.34462189e-06	1.220074e-08
2.34464064e-06	1.177260e-08
2.34465940e-06	1.152615e-08
2.34467816e-06	1.073485e-08
2.34469691e-06	8.530344e-09
2.34471567e-06	8.519385e-09
2.34473443e-06	1.092736e-08
2.34475319e-06	1.117311e-08
2.34477195e-06	1.003887e-08
2.34479070e-06	8.696895e-09
2.34480946e-06	9.339198e-09
2.34482822e-06	1.036408e-08
2.34484698e-06	1.182963e-08
2.34486574e-06	1.162010e-08
2.34488450e-06	9.952322e-09
2.34490326e-06	1.018973e-08
2.34492202e-06	1.075574e-08
2.34494077e-06	1.111338e-08
2.34495953e-06	9.587617e-09
2.34497829e-06	1.085302e-08
2.34499705e-06	1.164707e-08
2.34501581e-06	1.076898e-08
2.34503457e-06	8.583904e-09
2.34505333e-06	8.908232e-09
2.34507209e-06	1.071545e-08
2.34509086e-06	1.028276e-08
2.34510962e-06	1.147311e-08
2.34512838e-06	1.219185e-08
2.34514714e-06	1.235692e-08
2.34516590e-06	1.193598e-08
2.34518466e-06	1.160724e-08
2.34520342e-06	1.158999e-08
2.34522218e-06	1.008096e-08
2.34524094e-06	9.093976e-09
2.34525971e-06	1.056934e-08
2.34527847e-06	1.075274e-08
2.34529723e-06	8.840257e-09
2.34531599e-06	9.293000e-09
2.34533476e-06	1.111716e-08
2.34535352e-06	1.130668e-08
2.34537228e-06	9.983571e-09
2.34539104e-06	1.023777e-08
2.34540981e-06	9.636280e-09
2.34542857e-06	9.245354e-09
2.34544733e-06	9.020281e-09
2.34546610e-06	9.822584e-09
2.34548486e-06	8.883897e-09
2.34550363e-06	9.527892e-09
2.34552239e-06	1.178811e-08
2.34554115e-06	1.187924e-08
2.34555992e-06	1.109998e-08
2.34557868e-06	1.177859e-08
2.34559745e-06	1.216288e-08
2.34561621e-06	1.037057e-08
2.34563498e-06	1.042579e-08
2.34565374e-06	1.168142e-08
2.34567251e-06	1.234916e-08
2.34569127e-06	1.199886e-08
2.34571004e-06	1.174943e-08
2.34572880e-06	1.224492e-08
2.34574757e-06	1.134637e-08
2.34576634e-06	1.131577e-08
2.34578510e-06	1.254327e-08
2.34580387e-06	1.269730e-08
2.34582263e-06	1.226376e-08
2.34584140e-06	1.109959e-08
2.34586017e-06	1.096179e-08
2.34587894e-06	1.237364e-08
2.34589770e-06	1.220184e-08
2.34591647e-06	1.229530e-08
2.34593524e-06	1.226449e-08
2.34595400e-06	1.197714e-08
2.34597277e-06	1.107421e-08
2.34599154e-06	1.060392e-08
2.34601031e-06	1.231381e-08
2.34602908e-06	1.269825e-08
2.34604784e-06	1.156283e-08
2.34606661e-06	1.083996e-08
2.34608538e-06	1.168616e-08
2.34610415e-06	1.133600e-08
2.34612292e-06	1.136366e-08
2.34614169e-06	1.198198e-08
2.34616046e-06	1.158917e-08
2.34617923e-06	1.068437e-08
2.34619800e-06	1.184628e-08
2.34621676e-06	1.234004e-08
2.34623553e-06	1.210327e-08
2.34625430e-06	1.190697e-08
2.34627307e-06	1.210894e-08
2.34629184e-06	1.226192e-08
2.34631061e-06	1.127622e-08
2.34632938e-06	1.115825e-08
2.34634816e-06	1.140661e-08
2.34636693e-06	1.159850e-08
2.34638570e-06	1.188589e-08
2.34640447e-06	1.156680e-08
2.34642324e-06	1.130023e-08
2.34644201e-06	8.974990e-09
2.34646078e-06	8.499534e-09
2.34647955e-06	1.038586e-08
2.34649833e-06	1.159882e-08
2.34651710e-06	1.192030e-08
2.34653587e-06	1.150603e-08
2.34655464e-06	1.207553e-08
2.34657341e-06	1.234266e-08
2.34659219e-06	1.195474e-08
2.34661096e-06	1.160577e-08
2.34662973e-06	1.163124e-08
2.34664851e-06	1.096737e-08
2.34666728e-06	1.116684e-08
2.34668605e-06	1.222067e-08
2.34670483e-06	1.247375e-08
2.34672360e-06	1.218436e-08
2.34674237e-06	1.216650e-08
2.34676115e-06	1.172225e-08
2.34677992e-06	1.074548e-08
2.34679870e-06	9.455011e-09
2.34681747e-06	9.341988e-09
2.34683625e-06	1.122614e-08
2.34685502e-06	1.174859e-08
2.34687379e-06	1.148430e-08
2.34689257e-06	9.395753e-09
2.34691134e-06	8.806055e-09
2.34693012e-06	9.530044e-09
2.34694889e-06	1.062511e-08
2.34696767e-06	1.134277e-08
2.34698645e-06	1.202067e-08
2.34700522e-06	1.166715e-08
2.34702400e-06	1.152118e-08
2.34704277e-06	1.205473e-08
2.34706155e-06	1.192106e-08
2.34708033e-06	1.228281e-08
2.34709910e-06	1.255950e-08
2.34711788e-06	1.232989e-08
2.34713666e-06	1.204623e-08
2.34715543e-06	1.086150e-08
2.34717421e-06	1.046734e-08
2.34719299e-06	1.026274e-08
2.34721177e-06	1.125887e-08
2.34723054e-06	1.104558e-08
2.34724932e-06	1.101039e-08
2.34726810e-06	1.149902e-08
2.34728688e-06	1.121833e-08
2.34730566e-06	1.131233e-08
2.34732444e-06	9.895788e-09
2.34734321e-06	1.153035e-08
2.34736199e-06	1.198461e-08
2.34738077e-06	1.197546e-08
2.34739955e-06	1.090922e-08
2.34741833e-06	9.410460e-09
2.34743711e-06	1.009651e-08
2.34745589e-06	1.182636e-08
2.34747467e-06	1.193308e-08
2.34749345e-06	1.053942e-08
2.34751223e-06	8.966121e-09
2.34753101e-06	9.948566e-09
2.34754979e-06	9.296063e-09
2.34756857e-06	9.741500e-09
2.34758735e-06	1.112765e-08
2.34760613e-06	1.199288e-08
2.34762491e-06	1.206203e-08
2.34764369e-06	1.137982e-08
2.34766247e-06	1.030155e-08
2.34768125e-06	1.026995e-08
2.34770004e-06	1.048470e-08
2.34771882e-06	1.015380e-08
2.34773760e-06	9.921808e-09
2.34775638e-06	1.085945e-08
2.34777516e-06	1.075411e-08
2.34779395e-06	1.121482e-08
2.34781273e-06	1.129393e-08
2.34783151e-06	1.135813e-08
2.34785029e-06	1.235232e-08
2.34786908e-06	1.202106e-08
2.34788786e-06	1.179350e-08
2.34790664e-06	1.232449e-08
2.34792542e-06	1.242734e-08
2.34794421e-06	1.214239e-08
2.34796299e-06	1.192471e-08
2.34798178e-06	1.217621e-08
2.34800056e-06	1.224883e-08
2.34801934e-06	1.174965e-08
2.34803813e-06	1.211750e-08
2.34805691e-06	1.203601e-08
2.34807570e-06	1.183165e-08
2.34809448e-06	1.158405e-08
2.34811327e-06	1.117404e-08
2.34813205e-06	1.046172e-08
2.34815084e-06	1.036976e-08
2.34816962e-06	1.176308e-08
2.34818841e-06	1.200045e-08
2.34820719e-06	1.161957e-08
2.34822598e-06	9.194361e-09
2.34824476e-06	9.631949e-09
2.34826355e-06	1.030629e-08
2.34828234e-06	1.147157e-08
2.34830112e-06	1.195811e-08
2.34831991e-06	1.228035e-08
2.34833869e-06	1.165193e-08
2.34835748e-06	1.169412e-08
2.34837627e-06	1.155655e-08
2.34839506e-06	1.195721e-08
2.34841384e-06	1.131475e-08
2.34843263e-06	1.133698e-08
2.34845142e-06	1.146676e-08
2.34847021e-06	1.202483e-08
2.34848899e-06	1.190964e-08
2.34850778e-06	1.184097e-08
2.34852657e-06	1.074198e-08
2.34854536e-06	1.055905e-08
2.34856415e-06	1.122778e-08
2.34858293e-06	1.167895e-08
2.34860172e-06	1.169828e-08
2.34862051e-06	1.239015e-08
2.34863930e-06	1.229862e-08
2.34865809e-06	1.168061e-08
2.34867688e-06	1.003105e-08
2.34869567e-06	1.041334e-08
2.34871446e-06	1.115061e-08
2.34873325e-06	1.106254e-08
2.34875204e-06	1.220694e-08
2.34877083e-06	1.242716e-08
2.34878962e-06	1.157023e-08
2.34880841e-06	1.090376e-08
2.34882720e-06	1.054119e-08
2.34884599e-06	1.043135e-08
2.34886478e-06	1.167953e-08
2.34888357e-06	1.169256e-08
2.34890236e-06	1.191083e-08
2.34892115e-06	1.239641e-08
2.34893994e-06	1.251715e-08
2.34895873e-06	1.121778e-08
2.34897753e-06	1.140657e-08
2.34899632e-06	1.076465e-08
2.34901511e-06	1.033337e-08
2.34903390e-06	1.182884e-08
2.34905269e-06	1.177983e-08
2.34907149e-06	1.182478e-08
2.34909028e-06	1.144431e-08
2.34910907e-06	1.133364e-08
2.34912787e-06	1.185072e-08
2.34914666e-06	1.166047e-08
2.34916545e-06	1.109406e-08
2.34918425e-06	1.141355e-08
2.34920304e-06	1.083111e-08
2.34922183e-06	1.113310e-08
2.34924063e-06	1.077553e-08
2.34925942e-06	1.179877e-08
2.34927821e-06	1.226623e-08
2.34929701e-06	1.084637e-08
2.34931580e-06	1.107103e-08
2.34933460e-06	1.097044e-08
2.34935339e-06	1.017648e-08
2.34937219e-06	9.295924e-09
2.34939098e-06	1.051928e-08
2.34940978e-06	1.118421e-08
2.34942857e-06	9.718326e-09
2.34944737e-06	1.133005e-08
2.34946616e-06	1.137180e-08
2.34948496e-06	1.076573e-08
2.34950375e-06	8.660709e-09
2.34952255e-06	1.035896e-08
2.34954135e-06	1.193266e-08
2.34956014e-06	1.215776e-08
2.34957894e-06	1.155400e-08
2.34959774e-06	1.222643e-08
2.34961653e-06	1.091725e-08
2.34963533e-06	1.024336e-08
2.34965413e-06	1.111653e-08
2.34967292e-06	1.008775e-08
2.34969172e-06	1.006643e-08
2.34971052e-06	9.647422e-09
2.34972932e-06	9.195340e-09
2.34974812e-06	1.089022e-08
2.34976691e-06	9.741451e-09
2.34978571e-06	1.047720e-08
2.34980451e-06	1.076006e-08
2.34982331e-06	1.002474e-08
2.34984211e-06	8.602683e-09
2.34986090e-06	9.861839e-09
2.34987970e-06	1.031273e-08
2.34989850e-06	1.072394e-08
2.34991730e-06	1.212235e-08
2.34993610e-06	1.180952e-08
2.34995490e-06	1.205853e-08
2.34997370e-06	1.099959e-08
