2.30001633e-06	1.132211e-08
2.30003473e-06	1.018738e-08
2.30005313e-06	1.094844e-08
2.30007153e-06	9.989585e-09
2.30008993e-06	1.003051e-08
2.30010833e-06	1.158176e-08
2.30012673e-06	1.175762e-08
2.30014513e-06	1.156239e-08
2.30016353e-06	1.121567e-08
2.30018194e-06	1.143426e-08
2.30020034e-06	1.150725e-08
2.30021874e-06	1.193967e-08
2.30023714e-06	1.157845e-08
2.30025554e-06	1.101605e-08
2.30027395e-06	1.071155e-08
2.30029235e-06	1.019231e-08
2.30031075e-06	1.081571e-08
2.30032915e-06	1.130259e-08
2.30034756e-06	1.169315e-08
2.30036596e-06	1.079889e-08
2.30038436e-06	9.995029e-09
2.30040276e-06	1.047162e-08
2.30042117e-06	1.052977e-08
2.30043957e-06	1.089801e-08
2.30045797e-06	1.107936e-08
2.30047638e-06	1.022481e-08
2.30049478e-06	8.950581e-09
2.30051319e-06	8.901838e-09
2.30053159e-06	7.846818e-09
2.30054999e-06	8.107219e-09
2.30056840e-06	9.622784e-09
2.30058680e-06	9.977037e-09
2.30060521e-06	7.691266e-09
2.30062361e-06	9.079313e-09
2.30064202e-06	1.027076e-08
2.30066042e-06	1.046761e-08
2.30067883e-06	1.085161e-08
2.30069723e-06	1.092724e-08
2.30071564e-06	1.035799e-08
2.30073404e-06	7.471908e-09
2.30075245e-06	7.837170e-09
2.30077086e-06	1.048932e-08
2.30078926e-06	1.095780e-08
2.30080767e-06	1.097554e-08
2.30082608e-06	1.091442e-08
2.30084448e-06	1.095840e-08
2.30086289e-06	1.094198e-08
2.30088129e-06	1.096589e-08
2.30089970e-06	1.088941e-08
2.30091811e-06	1.113359e-08
2.30093652e-06	1.121114e-08
2.30095492e-06	1.119440e-08
2.30097333e-06	1.003146e-08
2.30099174e-06	1.003749e-08
2.30101015e-06	1.039308e-08
2.30102856e-06	1.009987e-08
2.30104696e-06	1.087409e-08
2.30106537e-06	1.074717e-08
2.30108378e-06	8.810678e-09
2.30110219e-06	7.781782e-09
2.30112060e-06	1.030026e-08
2.30113901e-06	1.120508e-08
2.30115742e-06	1.156571e-08
2.30117583e-06	1.136914e-08
2.30119423e-06	1.039116e-08
2.30121265e-06	9.887198e-09
2.30123105e-06	1.087539e-08
2.30124946e-06	1.092058e-08
2.30126787e-06	1.061191e-08
2.30128628e-06	8.870902e-09
2.30130469e-06	7.826874e-09
2.30132310e-06	8.045442e-09
2.30134152e-06	8.015921e-09
2.30135993e-06	9.118480e-09
2.30137834e-06	9.546443e-09
2.30139675e-06	7.570002e-09
2.30141516e-06	8.957630e-09
2.30143357e-06	1.135536e-08
2.30145198e-06	1.153115e-08
2.30147039e-06	1.048359e-08
2.30148881e-06	8.208989e-09
2.30150722e-06	7.737089e-09
2.30152563e-06	1.024717e-08
2.30154404e-06	1.109205e-08
2.30156245e-06	1.111095e-08
2.30158087e-06	1.077140e-08
2.30159928e-06	1.126218e-08
2.30161769e-06	1.137077e-08
2.30163611e-06	1.052967e-08
2.30165452e-06	1.024457e-08
2.30167293e-06	1.046526e-08
2.30169135e-06	1.108996e-08
2.30170976e-06	1.138569e-08
2.30172817e-06	1.165147e-08
2.30174659e-06	1.134178e-08
2.30176500e-06	1.072400e-08
2.30178341e-06	1.160222e-08
2.30180183e-06	1.135649e-08
2.30182024e-06	1.062208e-08
2.30183866e-06	1.116782e-08
2.30185707e-06	1.086677e-08
2.30187549e-06	1.037395e-08
2.30189390e-06	1.083133e-08
2.30191232e-06	1.150720e-08
2.30193073e-06	1.122133e-08
2.30194915e-06	1.114753e-08
2.30196756e-06	1.162370e-08
2.30198598e-06	1.144606e-08
2.30200440e-06	1.098461e-08
2.30202281e-06	9.907572e-09
2.30204123e-06	1.006587e-08
2.30205964e-06	1.068382e-08
2.30207806e-06	1.099747e-08
2.30209648e-06	1.023932e-08
2.30211489e-06	7.876835e-09
2.30213331e-06	8.050176e-09
2.30215173e-06	9.539536e-09
2.30217014e-06	1.096541e-08
2.30218856e-06	1.125213e-08
2.30220698e-06	1.136664e-08
2.30222540e-06	1.111364e-08
2.30224381e-06	1.112825e-08
2.30226223e-06	1.020965e-08
2.30228065e-06	9.809713e-09
2.30229907e-06	1.079539e-08
2.30231749e-06	1.100851e-08
2.30233591e-06	1.127122e-08
2.30235433e-06	1.160641e-08
2.30237274e-06	1.167968e-08
2.30239116e-06	1.174414e-08
2.30240958e-06	1.126861e-08
2.30242800e-06	1.100420e-08
2.30244642e-06	1.130475e-08
2.30246484e-06	1.144359e-08
2.30248326e-06	1.146501e-08
2.30250168e-06	1.129905e-08
2.30252010e-06	1.110516e-08
2.30253852e-06	1.069764e-08
2.30255694e-06	1.115659e-08
2.30257536e-06	1.152593e-08
2.30259378e-06	1.145567e-08
2.30261220e-06	1.124829e-08
2.30263062e-06	1.117779e-08
2.30264904e-06	1.107191e-08
2.30266747e-06	1.113012e-08
2.30268589e-06	1.170746e-08
2.30270431e-06	1.139985e-08
2.30272273e-06	1.097830e-08
2.30274115e-06	1.043457e-08
2.30275957e-06	7.752699e-09
2.30277800e-06	8.272541e-09
2.30279642e-06	9.717251e-09
2.30281484e-06	9.535185e-09
2.30283326e-06	1.083434e-08
2.30285168e-06	1.094081e-08
2.30287011e-06	1.135736e-08
2.30288853e-06	1.126202e-08
2.30290695e-06	1.066254e-08
2.30292538e-06	1.030562e-08
2.30294380e-06	1.051919e-08
2.30296222e-06	8.198643e-09
2.30298065e-06	8.232385e-09
2.30299907e-06	7.614236e-09
2.30301750e-06	8.972455e-09
2.30303592e-06	9.586870e-09
2.30305434e-06	1.094013e-08
2.30307277e-06	1.111903e-08
2.30309119e-06	1.112763e-08
2.30310962e-06	1.080658e-08
2.30312804e-06	9.986698e-09
2.30314647e-06	1.112045e-08
2.30316489e-06	1.145244e-08
2.30318332e-06	1.095410e-08
2.30320174e-06	9.364040e-09
2.30322017e-06	1.006427e-08
2.30323860e-06	1.170765e-08
2.30325702e-06	1.162926e-08
2.30327545e-06	1.118564e-08
2.30329387e-06	1.054054e-08
2.30331230e-06	9.026510e-09
2.30333073e-06	8.592001e-09
2.30334915e-06	9.025629e-09
2.30336758e-06	1.015665e-08
2.30338601e-06	1.150472e-08
2.30340443e-06	1.177932e-08
2.30342286e-06	1.219651e-08
2.30344129e-06	1.185721e-08
2.30345972e-06	1.138774e-08
2.30347814e-06	1.137797e-08
2.30349657e-06	1.154992e-08
2.30351500e-06	1.162172e-08
2.30353343e-06	1.101968e-08
2.30355186e-06	1.070318e-08
2.30357028e-06	1.026005e-08
2.30358871e-06	9.243345e-09
2.30360714e-06	9.400595e-09
2.30362557e-06	1.037847e-08
2.30364400e-06	1.085063e-08
2.30366243e-06	1.151265e-08
2.30368086e-06	1.131757e-08
2.30369929e-06	1.124019e-08
2.30371772e-06	1.085022e-08
2.30373615e-06	9.786227e-09
2.30375458e-06	9.589941e-09
2.30377301e-06	9.276682e-09
2.30379144e-06	9.972957e-09
2.30380987e-06	9.384262e-09
2.30382830e-06	9.422673e-09
2.30384673e-06	9.313292e-09
2.30386516e-06	8.040523e-09
2.30388359e-06	7.726557e-09
2.30390202e-06	8.996913e-09
2.30392045e-06	8.998127e-09
2.30393888e-06	1.028264e-08
2.30395731e-06	1.004044e-08
2.30397575e-06	1.057155e-08
2.30399418e-06	1.124286e-08
2.30401261e-06	1.122763e-08
2.30403104e-06	1.161121e-08
2.30404947e-06	1.138754e-08
2.30406791e-06	1.102501e-08
2.30408634e-06	1.098107e-08
2.30410477e-06	1.114362e-08
2.30412321e-06	1.166588e-08
2.30414164e-06	1.178786e-08
2.30416007e-06	1.140151e-08
2.30417850e-06	1.124125e-08
2.30419694e-06	1.118499e-08
2.30421537e-06	1.072660e-08
2.30423381e-06	1.075447e-08
2.30425224e-06	1.141410e-08
2.30427067e-06	1.104834e-08
2.30428911e-06	1.106537e-08
2.30430754e-06	1.118084e-08
2.30432598e-06	1.063722e-08
2.30434441e-06	1.103546e-08
2.30436285e-06	1.160492e-08
2.30438128e-06	1.219819e-08
2.30439971e-06	1.198401e-08
2.30441815e-06	1.192946e-08
2.30443659e-06	1.181543e-08
2.30445502e-06	1.110485e-08
2.30447346e-06	1.125087e-08
2.30449189e-06	1.124085e-08
2.30451033e-06	1.127832e-08
2.30452877e-06	1.131477e-08
2.30454720e-06	1.170937e-08
2.30456564e-06	1.141096e-08
2.30458407e-06	1.147322e-08
2.30460251e-06	1.148380e-08
2.30462095e-06	1.100707e-08
2.30463938e-06	1.059097e-08
2.30465782e-06	1.104874e-08
2.30467626e-06	1.154838e-08
2.30469470e-06	1.108305e-08
2.30471313e-06	1.045097e-08
2.30473157e-06	9.051911e-09
2.30475001e-06	9.556580e-09
2.30476845e-06	1.049361e-08
2.30478688e-06	7.994919e-09
2.30480532e-06	8.231564e-09
2.30482376e-06	8.495596e-09
2.30484220e-06	1.058355e-08
2.30486064e-06	9.887279e-09
2.30487908e-06	9.897935e-09
2.30489752e-06	1.069731e-08
2.30491596e-06	1.050371e-08
2.30493440e-06	8.350719e-09
2.30495284e-06	9.433369e-09
2.30497128e-06	9.441330e-09
2.30498972e-06	8.701887e-09
2.30500815e-06	9.771930e-09
2.30502660e-06	1.108755e-08
2.30504504e-06	1.041909e-08
2.30506347e-06	1.047808e-08
2.30508192e-06	1.048630e-08
2.30510036e-06	1.061138e-08
2.30511880e-06	1.088765e-08
2.30513724e-06	1.117039e-08
2.30515568e-06	1.080830e-08
2.30517412e-06	1.093257e-08
2.30519256e-06	1.119123e-08
2.30521100e-06	1.057405e-08
2.30522944e-06	1.085901e-08
2.30524789e-06	1.104399e-08
2.30526633e-06	1.097006e-08
2.30528477e-06	1.112173e-08
2.30530321e-06	1.130920e-08
2.30532166e-06	1.054547e-08
2.30534010e-06	1.071426e-08
2.30535854e-06	1.096260e-08
2.30537698e-06	1.095156e-08
2.30539543e-06	1.018661e-08
2.30541387e-06	7.518035e-09
2.30543231e-06	9.267285e-09
2.30545076e-06	1.059100e-08
2.30546920e-06	9.769010e-09
2.30548764e-06	8.007801e-09
2.30550609e-06	9.849066e-09
2.30552453e-06	1.124595e-08
2.30554298e-06	1.158300e-08
2.30556142e-06	1.140641e-08
2.30557987e-06	1.111679e-08
2.30559831e-06	1.117810e-08
2.30561675e-06	1.089896e-08
2.30563520e-06	8.053913e-09
2.30565365e-06	7.221767e-09
2.30567209e-06	9.676419e-09
2.30569054e-06	1.045637e-08
2.30570898e-06	1.092230e-08
2.30572743e-06	1.026940e-08
2.30574587e-06	1.001592e-08
2.30576432e-06	7.700006e-09
2.30578276e-06	8.070151e-09
2.30580121e-06	9.237370e-09
2.30581966e-06	1.092389e-08
2.30583810e-06	1.123527e-08
2.30585655e-06	1.031192e-08
2.30587500e-06	9.017608e-09
2.30589344e-06	8.876066e-09
2.30591189e-06	1.023893e-08
2.30593034e-06	1.081533e-08
2.30594879e-06	1.030792e-08
2.30596723e-06	1.040113e-08
2.30598568e-06	1.023570e-08
2.30600413e-06	1.096742e-08
2.30602258e-06	1.140745e-08
2.30604102e-06	1.162453e-08
2.30605947e-06	1.174679e-08
2.30607792e-06	1.153938e-08
2.30609637e-06	1.136138e-08
2.30611482e-06	1.115839e-08
2.30613327e-06	1.024553e-08
2.30615172e-06	1.018917e-08
2.30617017e-06	1.090405e-08
2.30618862e-06	1.029973e-08
2.30620707e-06	9.954865e-09
2.30622551e-06	1.048200e-08
2.30624396e-06	1.121539e-08
2.30626241e-06	1.119423e-08
2.30628087e-06	1.113134e-08
2.30629932e-06	1.141412e-08
2.30631777e-06	1.184950e-08
2.30633622e-06	1.147151e-08
2.30635467e-06	1.097032e-08
2.30637312e-06	1.122714e-08
2.30639157e-06	1.107738e-08
2.30641002e-06	1.075157e-08
2.30642847e-06	1.138980e-08
2.30644692e-06	1.055495e-08
2.30646537e-06	1.015302e-08
2.30648383e-06	1.022752e-08
2.30650228e-06	9.817836e-09
2.30652073e-06	9.785352e-09
2.30653918e-06	9.507229e-09
2.30655763e-06	1.002414e-08
2.30657609e-06	1.054164e-08
2.30659454e-06	1.097570e-08
2.30661299e-06	1.116597e-08
2.30663144e-06	1.001388e-08
2.30664990e-06	8.938502e-09
2.30666835e-06	7.474487e-09
2.30668681e-06	9.610959e-09
2.30670526e-06	1.033808e-08
2.30672371e-06	1.017623e-08
2.30674217e-06	1.072321e-08
2.30676062e-06	8.989539e-09
2.30677907e-06	7.867640e-09
2.30679753e-06	7.916263e-09
2.30681598e-06	9.943740e-09
2.30683444e-06	1.022747e-08
2.30685289e-06	9.415908e-09
2.30687135e-06	1.066549e-08
2.30688980e-06	1.095612e-08
2.30690826e-06	1.006424e-08
2.30692671e-06	9.468337e-09
2.30694517e-06	1.062926e-08
2.30696362e-06	1.092539e-08
2.30698208e-06	1.127689e-08
2.30700053e-06	1.157871e-08
2.30701899e-06	1.167662e-08
2.30703745e-06	1.129121e-08
2.30705590e-06	1.086134e-08
2.30707436e-06	1.148207e-08
2.30709282e-06	1.149382e-08
2.30711127e-06	1.163060e-08
2.30712973e-06	1.173019e-08
2.30714819e-06	1.175493e-08
2.30716664e-06	1.169643e-08
2.30718510e-06	1.172658e-08
2.30720356e-06	1.169169e-08
2.30722202e-06	1.122581e-08
2.30724047e-06	1.068610e-08
2.30725893e-06	1.087248e-08
2.30727739e-06	1.127892e-08
2.30729585e-06	1.006333e-08
2.30731431e-06	9.652830e-09
2.30733277e-06	1.104289e-08
2.30735122e-06	1.146822e-08
2.30736968e-06	1.118168e-08
2.30738814e-06	1.009137e-08
2.30740660e-06	1.036129e-08
2.30742506e-06	1.127799e-08
2.30744352e-06	1.171241e-08
2.30746198e-06	1.161761e-08
2.30748044e-06	1.100938e-08
2.30749890e-06	1.071019e-08
2.30751736e-06	9.670260e-09
2.30753582e-06	1.039754e-08
2.30755428e-06	1.098789e-08
2.30757274e-06	1.085138e-08
2.30759120e-06	1.048777e-08
2.30760966e-06	9.495202e-09
2.30762812e-06	7.733231e-09
2.30764658e-06	7.048390e-09
2.30766504e-06	8.941038e-09
2.30768351e-06	9.819681e-09
2.30770197e-06	1.099234e-08
2.30772043e-06	1.167318e-08
2.30773889e-06	1.160988e-08
2.30775735e-06	1.154645e-08
2.30777581e-06	1.129701e-08
2.30779428e-06	1.002474e-08
2.30781274e-06	9.350836e-09
2.30783120e-06	7.818129e-09
2.30784966e-06	7.929567e-09
2.30786813e-06	9.747458e-09
2.30788659e-06	1.084037e-08
2.30790505e-06	1.130408e-08
2.30792352e-06	1.120791e-08
2.30794198e-06	1.095855e-08
2.30796044e-06	1.138994e-08
2.30797891e-06	1.143589e-08
2.30799737e-06	1.114794e-08
2.30801583e-06	9.969743e-09
2.30803430e-06	1.019818e-08
2.30805276e-06	9.165040e-09
2.30807123e-06	1.029685e-08
2.30808969e-06	1.120322e-08
2.30810816e-06	1.115214e-08
2.30812662e-06	1.104763e-08
2.30814509e-06	1.143333e-08
2.30816355e-06	1.172847e-08
2.30818202e-06	1.148549e-08
2.30820048e-06	1.072110e-08
2.30821895e-06	1.094076e-08
2.30823741e-06	1.132278e-08
2.30825588e-06	1.147760e-08
2.30827434e-06	1.064994e-08
2.30829281e-06	1.008448e-08
2.30831128e-06	1.097177e-08
2.30832974e-06	1.126507e-08
2.30834821e-06	1.110804e-08
2.30836668e-06	1.087544e-08
2.30838514e-06	1.087614e-08
2.30840361e-06	1.129614e-08
2.30842208e-06	1.151996e-08
2.30844055e-06	1.162772e-08
2.30845901e-06	1.131962e-08
2.30847748e-06	1.077381e-08
2.30849595e-06	1.023070e-08
2.30851442e-06	9.658550e-09
2.30853288e-06	1.051156e-08
2.30855135e-06	1.112193e-08
2.30856982e-06	1.114338e-08
2.30858829e-06	1.115649e-08
2.30860676e-06	1.143870e-08
2.30862523e-06	1.172190e-08
2.30864370e-06	1.133594e-08
2.30866217e-06	1.139665e-08
2.30868063e-06	1.173411e-08
2.30869911e-06	1.130100e-08
2.30871757e-06	1.094595e-08
2.30873604e-06	1.066817e-08
2.30875451e-06	1.082240e-08
2.30877298e-06	1.144230e-08
2.30879145e-06	1.097505e-08
2.30880992e-06	1.005662e-08
2.30882840e-06	1.025011e-08
2.30884687e-06	1.119885e-08
2.30886534e-06	1.126438e-08
2.30888381e-06	1.045996e-08
2.30890228e-06	9.239280e-09
2.30892075e-06	7.565339e-09
2.30893922e-06	8.131589e-09
2.30895769e-06	8.847030e-09
2.30897616e-06	9.876411e-09
2.30899464e-06	8.740642e-09
2.30901311e-06	9.868496e-09
2.30903158e-06	1.097529e-08
2.30905005e-06	1.090447e-08
2.30906852e-06	1.043426e-08
2.30908700e-06	9.291924e-09
2.30910547e-06	9.269888e-09
2.30912394e-06	9.822708e-09
2.30914242e-06	1.045514e-08
2.30916089e-06	9.833836e-09
2.30917936e-06	1.069221e-08
2.30919784e-06	9.358781e-09
2.30921631e-06	9.547172e-09
2.30923478e-06	1.064778e-08
2.30925326e-06	1.114574e-08
2.30927173e-06	1.147842e-08
2.30929021e-06	1.129378e-08
2.30930868e-06	1.161365e-08
2.30932715e-06	1.129480e-08
2.30934563e-06	1.068856e-08
2.30936410e-06	8.770649e-09
2.30938258e-06	1.001134e-08
2.30940105e-06	1.130964e-08
2.30941953e-06	1.096033e-08
2.30943800e-06	1.066870e-08
2.30945648e-06	1.023563e-08
2.30947495e-06	9.936276e-09
2.30949343e-06	1.066290e-08
2.30951191e-06	1.057869e-08
2.30953038e-06	1.011266e-08
2.30954886e-06	1.052701e-08
2.30956733e-06	1.111314e-08
2.30958581e-06	1.129428e-08
2.30960429e-06	1.107073e-08
2.30962277e-06	1.108530e-08
2.30964124e-06	1.100097e-08
2.30965972e-06	8.441398e-09
2.30967820e-06	7.047758e-09
2.30969667e-06	8.840876e-09
2.30971515e-06	1.107049e-08
2.30973363e-06	1.151831e-08
2.30975211e-06	1.028405e-08
2.30977059e-06	7.761953e-09
2.30978906e-06	8.520323e-09
2.30980754e-06	8.988465e-09
2.30982602e-06	9.051155e-09
2.30984450e-06	8.188334e-09
2.30986298e-06	1.082980e-08
2.30988146e-06	1.116667e-08
2.30989994e-06	1.077403e-08
2.30991842e-06	1.055310e-08
2.30993689e-06	9.420119e-09
2.30995537e-06	1.025601e-08
2.30997385e-06	1.109136e-08
2.30999233e-06	1.045471e-08
2.31001081e-06	1.001773e-08
2.31002929e-06	1.068255e-08
2.31004777e-06	8.278154e-09
2.31006625e-06	8.234664e-09
2.31008473e-06	7.662038e-09
2.31010321e-06	1.035756e-08
2.31012170e-06	1.028265e-08
2.31014018e-06	8.587158e-09
2.31015866e-06	9.993896e-09
2.31017714e-06	1.121281e-08
2.31019562e-06	1.147671e-08
2.31021410e-06	1.060835e-08
2.31023258e-06	1.084336e-08
2.31025107e-06	1.169542e-08
2.31026955e-06	1.190942e-08
2.31028803e-06	1.162485e-08
2.31030651e-06	1.154564e-08
2.31032499e-06	1.092894e-08
2.31034348e-06	9.952254e-09
2.31036196e-06	1.055707e-08
2.31038044e-06	9.634661e-09
2.31039893e-06	9.230537e-09
2.31041741e-06	1.014431e-08
2.31043589e-06	1.081676e-08
2.31045438e-06	9.835747e-09
2.31047286e-06	9.496521e-09
2.31049134e-06	1.009258e-08
2.31050983e-06	9.236033e-09
2.31052831e-06	1.048581e-08
2.31054680e-06	1.110902e-08
2.31056528e-06	1.090499e-08
2.31058377e-06	1.010606e-08
2.31060225e-06	1.087650e-08
2.31062073e-06	1.181484e-08
2.31063922e-06	1.142538e-08
2.31065770e-06	1.089121e-08
2.31067619e-06	1.134463e-08
2.31069467e-06	1.095939e-08
2.31071316e-06	1.072149e-08
2.31073165e-06	1.028235e-08
2.31075013e-06	1.050444e-08
2.31076862e-06	1.044250e-08
2.31078710e-06	1.069640e-08
2.31080559e-06	1.020792e-08
2.31082408e-06	1.073842e-08
2.31084256e-06	1.111073e-08
2.31086105e-06	1.092321e-08
2.31087954e-06	1.099394e-08
2.31089802e-06	1.020672e-08
2.31091651e-06	9.422136e-09
2.31093500e-06	1.007904e-08
2.31095349e-06	1.050048e-08
2.31097197e-06	9.079957e-09
2.31099046e-06	9.116906e-09
2.31100895e-06	9.880434e-09
2.31102744e-06	1.010455e-08
2.31104593e-06	1.128227e-08
2.31106441e-06	1.160748e-08
2.31108290e-06	1.091636e-08
2.31110139e-06	1.100940e-08
2.31111988e-06	1.136051e-08
2.31113837e-06	1.151691e-08
2.31115686e-06	1.113914e-08
2.31117535e-06	8.930963e-09
2.31119384e-06	7.083191e-09
2.31121233e-06	7.872071e-09
2.31123082e-06	7.752647e-09
2.31124931e-06	7.903211e-09
2.31126780e-06	9.596203e-09
2.31128629e-06	1.000152e-08
2.31130478e-06	1.002228e-08
2.31132327e-06	9.491784e-09
2.31134176e-06	9.405126e-09
2.31136025e-06	1.028484e-08
2.31137874e-06	1.092471e-08
2.31139723e-06	1.121797e-08
2.31141572e-06	1.064801e-08
2.31143421e-06	1.025899e-08
2.31145270e-06	1.047268e-08
2.31147120e-06	9.212291e-09
2.31148969e-06	1.023293e-08
2.31150818e-06	1.070652e-08
2.31152667e-06	9.999028e-09
2.31154516e-06	9.556690e-09
2.31156366e-06	7.458299e-09
2.31158215e-06	9.697555e-09
2.31160064e-06	1.140883e-08
2.31161913e-06	1.012714e-08
2.31163763e-06	8.291670e-09
2.31165612e-06	7.677712e-09
2.31167461e-06	9.181599e-09
2.31169311e-06	1.073344e-08
2.31171160e-06	1.116714e-08
2.31173009e-06	1.034151e-08
2.31174859e-06	1.039725e-08
2.31176708e-06	1.091451e-08
2.31178558e-06	1.012379e-08
2.31180407e-06	1.084329e-08
2.31182257e-06	1.091613e-08
2.31184106e-06	1.021925e-08
2.31185955e-06	1.043375e-08
2.31187805e-06	1.126636e-08
2.31189654e-06	9.519647e-09
2.31191504e-06	9.166149e-09
2.31193353e-06	1.063383e-08
2.31195203e-06	9.960828e-09
2.31197052e-06	1.076238e-08
2.31198902e-06	1.135745e-08
2.31200752e-06	1.095351e-08
2.31202601e-06	1.043239e-08
2.31204451e-06	9.004887e-09
2.31206301e-06	9.675700e-09
2.31208150e-06	1.022782e-08
2.31210000e-06	1.109798e-08
2.31211850e-06	1.121539e-08
2.31213699e-06	1.062688e-08
2.31215549e-06	1.111230e-08
2.31217399e-06	1.102208e-08
2.31219248e-06	1.024017e-08
2.31221098e-06	1.002908e-08
2.31222948e-06	1.020147e-08
2.31224798e-06	1.054733e-08
2.31226648e-06	1.066020e-08
2.31228497e-06	1.003256e-08
2.31230347e-06	9.562631e-09
2.31232197e-06	1.119009e-08
2.31234047e-06	1.073866e-08
2.31235897e-06	1.004340e-08
2.31237747e-06	9.696264e-09
2.31239596e-06	9.993716e-09
2.31241446e-06	1.053353e-08
2.31243296e-06	8.669376e-09
2.31245146e-06	8.195267e-09
2.31246996e-06	7.620519e-09
2.31248846e-06	9.992620e-09
2.31250696e-06	1.061463e-08
2.31252546e-06	1.088418e-08
2.31254396e-06	9.929768e-09
2.31256246e-06	1.066091e-08
2.31258096e-06	1.042545e-08
2.31259946e-06	9.972332e-09
2.31261796e-06	1.116538e-08
2.31263647e-06	1.115958e-08
2.31265497e-06	1.110660e-08
2.31267347e-06	1.161434e-08
2.31269197e-06	1.140055e-08
2.31271047e-06	1.047159e-08
2.31272897e-06	1.074282e-08
2.31274748e-06	1.069293e-08
2.31276598e-06	1.070239e-08
2.31278448e-06	1.150640e-08
2.31280298e-06	1.131364e-08
2.31282148e-06	1.115113e-08
2.31283999e-06	9.790305e-09
2.31285849e-06	9.506145e-09
2.31287699e-06	1.070268e-08
2.31289550e-06	1.101135e-08
2.31291400e-06	1.041452e-08
2.31293250e-06	1.023468e-08
2.31295100e-06	1.075479e-08
2.31296951e-06	1.023971e-08
2.31298801e-06	1.132970e-08
2.31300652e-06	1.092302e-08
2.31302502e-06	1.042707e-08
2.31304352e-06	1.055834e-08
2.31306203e-06	1.009884e-08
2.31308053e-06	1.005860e-08
2.31309904e-06	9.545407e-09
2.31311754e-06	8.861216e-09
2.31313605e-06	9.154071e-09
2.31315455e-06	1.024312e-08
2.31317306e-06	9.465562e-09
2.31319156e-06	1.029786e-08
2.31321007e-06	1.056193e-08
2.31322857e-06	9.175895e-09
2.31324708e-06	8.606620e-09
2.31326559e-06	1.098192e-08
2.31328409e-06	1.112048e-08
2.31330260e-06	1.082809e-08
2.31332111e-06	1.134160e-08
2.31333961e-06	1.172710e-08
2.31335812e-06	1.108692e-08
2.31337662e-06	1.074672e-08
2.31339513e-06	1.042429e-08
2.31341364e-06	1.045741e-08
2.31343215e-06	1.143496e-08
2.31345065e-06	1.179472e-08
2.31346916e-06	1.116149e-08
2.31348767e-06	1.111273e-08
2.31350618e-06	1.131749e-08
2.31352469e-06	1.120624e-08
2.31354319e-06	1.135411e-08
2.31356170e-06	1.106474e-08
2.31358021e-06	1.102648e-08
2.31359872e-06	9.730433e-09
2.31361723e-06	9.844719e-09
2.31363574e-06	1.080430e-08
2.31365425e-06	1.060709e-08
2.31367275e-06	1.009219e-08
2.31369127e-06	7.764237e-09
2.31370977e-06	8.176803e-09
2.31372828e-06	8.421622e-09
2.31374679e-06	1.078161e-08
2.31376530e-06	1.043526e-08
2.31378381e-06	1.012078e-08
2.31380232e-06	1.063437e-08
2.31382083e-06	9.266997e-09
2.31383935e-06	9.314875e-09
2.31385786e-06	1.034093e-08
2.31387637e-06	1.076025e-08
2.31389488e-06	1.042215e-08
2.31391339e-06	1.085440e-08
2.31393190e-06	1.096397e-08
2.31395041e-06	9.963946e-09
2.31396892e-06	1.034541e-08
2.31398744e-06	1.056664e-08
2.31400595e-06	9.643118e-09
2.31402446e-06	1.028319e-08
2.31404297e-06	7.669236e-09
2.31406148e-06	7.625707e-09
2.31408000e-06	1.016253e-08
2.31409851e-06	1.122948e-08
2.31411702e-06	1.103403e-08
2.31413553e-06	1.131560e-08
2.31415405e-06	1.066606e-08
2.31417256e-06	1.123661e-08
2.31419107e-06	1.107465e-08
2.31420959e-06	1.147536e-08
2.31422810e-06	1.130134e-08
2.31424662e-06	1.050622e-08
2.31426513e-06	1.080630e-08
2.31428364e-06	1.119510e-08
2.31430216e-06	1.164693e-08
2.31432067e-06	1.071967e-08
2.31433919e-06	1.073095e-08
2.31435770e-06	1.088593e-08
2.31437622e-06	1.002283e-08
2.31439473e-06	9.490905e-09
2.31441325e-06	1.058982e-08
2.31443176e-06	1.030163e-08
2.31445028e-06	1.077734e-08
2.31446879e-06	1.022065e-08
2.31448731e-06	1.030452e-08
2.31450582e-06	1.082887e-08
2.31452434e-06	1.028592e-08
2.31454286e-06	9.176432e-09
2.31456137e-06	1.045665e-08
2.31457989e-06	1.134218e-08
2.31459841e-06	1.130780e-08
2.31461692e-06	1.128503e-08
2.31463544e-06	1.163265e-08
2.31465396e-06	1.066526e-08
2.31467247e-06	7.417228e-09
2.31469099e-06	7.109605e-09
2.31470951e-06	9.202134e-09
2.31472803e-06	9.308881e-09
2.31474654e-06	8.719436e-09
2.31476506e-06	1.006356e-08
2.31478358e-06	1.085572e-08
2.31480210e-06	9.394899e-09
2.31482062e-06	9.330641e-09
2.31483913e-06	1.092404e-08
2.31485765e-06	9.795345e-09
2.31487617e-06	8.688713e-09
2.31489469e-06	1.046537e-08
2.31491321e-06	9.928118e-09
2.31493173e-06	1.004837e-08
2.31495025e-06	1.004351e-08
2.31496877e-06	7.769386e-09
2.31498729e-06	7.265049e-09
2.31500581e-06	8.149150e-09
2.31502433e-06	8.659432e-09
2.31504285e-06	1.055258e-08
2.31506137e-06	9.607492e-09
2.31507989e-06	1.001198e-08
2.31509841e-06	1.080959e-08
2.31511693e-06	9.854673e-09
2.31513545e-06	1.008692e-08
2.31515397e-06	1.097250e-08
2.31517250e-06	1.108023e-08
2.31519102e-06	1.153629e-08
2.31520954e-06	1.124667e-08
2.31522806e-06	1.060380e-08
2.31524658e-06	1.065058e-08
2.31526510e-06	1.112525e-08
2.31528362e-06	9.802911e-09
2.31530215e-06	7.448767e-09
2.31532067e-06	8.853913e-09
2.31533919e-06	1.056331e-08
2.31535771e-06	1.132943e-08
2.31537624e-06	1.153154e-08
2.31539476e-06	1.162735e-08
2.31541328e-06	1.087072e-08
2.31543181e-06	1.012330e-08
2.31545033e-06	1.047954e-08
2.31546885e-06	1.094732e-08
2.31548738e-06	1.073960e-08
2.31550590e-06	1.089147e-08
2.31552443e-06	1.048443e-08
2.31554295e-06	1.086004e-08
2.31556148e-06	1.101062e-08
2.31558000e-06	1.181966e-08
2.31559852e-06	1.076794e-08
2.31561705e-06	1.077821e-08
2.31563557e-06	1.157905e-08
2.31565410e-06	1.168521e-08
2.31567262e-06	1.151267e-08
2.31569115e-06	1.016031e-08
2.31570967e-06	9.749596e-09
2.31572820e-06	1.038661e-08
2.31574673e-06	1.035994e-08
2.31576525e-06	9.776844e-09
2.31578378e-06	9.996261e-09
2.31580231e-06	1.054517e-08
2.31582083e-06	1.005204e-08
2.31583936e-06	1.097870e-08
2.31585788e-06	9.998735e-09
2.31587641e-06	9.029255e-09
2.31589494e-06	1.085988e-08
2.31591347e-06	1.157384e-08
2.31593199e-06	1.161350e-08
2.31595052e-06	1.101948e-08
2.31596905e-06	1.046421e-08
2.31598758e-06	1.068234e-08
2.31600610e-06	1.012061e-08
2.31602463e-06	1.095573e-08
2.31604316e-06	1.171333e-08
2.31606169e-06	1.185847e-08
2.31608022e-06	1.113930e-08
2.31609875e-06	1.068654e-08
2.31611727e-06	1.009591e-08
2.31613580e-06	9.786373e-09
2.31615433e-06	9.751248e-09
2.31617286e-06	9.273139e-09
2.31619139e-06	1.076312e-08
2.31620992e-06	1.095624e-08
2.31622845e-06	1.019803e-08
2.31624698e-06	8.200430e-09
2.31626551e-06	8.601491e-09
2.31628404e-06	8.466085e-09
2.31630257e-06	8.896770e-09
2.31632110e-06	7.783276e-09
2.31633963e-06	8.189752e-09
2.31635816e-06	8.358483e-09
2.31637669e-06	1.024530e-08
2.31639522e-06	1.016364e-08
2.31641375e-06	8.928740e-09
2.31643229e-06	8.535854e-09
2.31645082e-06	9.954563e-09
2.31646935e-06	9.866221e-09
2.31648788e-06	1.067332e-08
2.31650641e-06	1.099909e-08
2.31652494e-06	1.103943e-08
2.31654348e-06	1.107120e-08
2.31656201e-06	8.572063e-09
2.31658054e-06	8.733717e-09
2.31659908e-06	1.033110e-08
2.31661761e-06	9.654349e-09
2.31663614e-06	1.008460e-08
2.31665467e-06	1.068685e-08
2.31667321e-06	1.066550e-08
2.31669174e-06	9.911182e-09
2.31671027e-06	1.090028e-08
2.31672881e-06	1.120112e-08
2.31674734e-06	1.121511e-08
2.31676587e-06	1.018547e-08
2.31678441e-06	1.108660e-08
2.31680294e-06	1.167353e-08
2.31682148e-06	1.034646e-08
2.31684001e-06	8.550247e-09
2.31685855e-06	1.030823e-08
2.31687708e-06	1.101328e-08
2.31689562e-06	1.098595e-08
2.31691415e-06	1.125378e-08
2.31693269e-06	1.055821e-08
2.31695122e-06	1.135330e-08
2.31696976e-06	1.160122e-08
2.31698830e-06	1.023324e-08
2.31700683e-06	9.691744e-09
2.31702537e-06	9.899561e-09
2.31704390e-06	8.962820e-09
2.31706244e-06	1.016259e-08
2.31708098e-06	1.098442e-08
2.31709951e-06	1.156620e-08
2.31711805e-06	1.139283e-08
2.31713659e-06	1.094393e-08
2.31715512e-06	8.280488e-09
2.31717366e-06	8.719249e-09
2.31719220e-06	1.095115e-08
2.31721073e-06	1.123984e-08
2.31722927e-06	1.097864e-08
2.31724781e-06	1.121738e-08
2.31726635e-06	1.148361e-08
2.31728489e-06	1.114470e-08
2.31730342e-06	1.121043e-08
2.31732196e-06	1.084781e-08
2.31734050e-06	1.076634e-08
2.31735904e-06	1.134446e-08
2.31737758e-06	1.136703e-08
2.31739612e-06	1.071258e-08
2.31741466e-06	1.050098e-08
2.31743320e-06	1.065626e-08
2.31745174e-06	9.212003e-09
2.31747028e-06	1.033881e-08
2.31748882e-06	9.449093e-09
2.31750736e-06	8.084441e-09
2.31752590e-06	1.003128e-08
2.31754444e-06	1.072636e-08
2.31756298e-06	1.098005e-08
2.31758152e-06	1.017249e-08
2.31760006e-06	7.124393e-09
2.31761860e-06	7.062659e-09
2.31763714e-06	1.002894e-08
2.31765568e-06	1.089443e-08
2.31767422e-06	1.039594e-08
2.31769276e-06	8.556569e-09
2.31771131e-06	8.075489e-09
2.31772985e-06	7.559993e-09
2.31774839e-06	9.482112e-09
2.31776693e-06	1.026996e-08
2.31778547e-06	8.451153e-09
2.31780401e-06	9.776586e-09
2.31782256e-06	1.084882e-08
2.31784110e-06	1.137739e-08
2.31785964e-06	1.139445e-08
2.31787819e-06	1.010416e-08
2.31789673e-06	9.726006e-09
2.31791527e-06	1.123439e-08
2.31793381e-06	1.122312e-08
2.31795236e-06	1.058981e-08
2.31797090e-06	1.097783e-08
2.31798945e-06	1.125627e-08
2.31800799e-06	9.883315e-09
2.31802653e-06	9.535255e-09
2.31804508e-06	1.049072e-08
2.31806362e-06	1.064224e-08
2.31808217e-06	1.056723e-08
2.31810071e-06	1.000206e-08
2.31811926e-06	1.113738e-08
2.31813780e-06	1.075111e-08
2.31815635e-06	9.157527e-09
2.31817489e-06	9.658193e-09
2.31819344e-06	1.148917e-08
2.31821198e-06	1.135507e-08
2.31823053e-06	1.017382e-08
2.31824907e-06	9.955257e-09
2.31826762e-06	8.463026e-09
2.31828617e-06	9.839010e-09
2.31830471e-06	1.123131e-08
2.31832326e-06	1.176930e-08
2.31834181e-06	1.133166e-08
2.31836035e-06	1.089238e-08
2.31837890e-06	1.078732e-08
2.31839745e-06	1.105695e-08
2.31841599e-06	1.155880e-08
2.31843454e-06	1.167125e-08
2.31845309e-06	1.050523e-08
2.31847164e-06	8.835182e-09
2.31849018e-06	7.551716e-09
2.31850873e-06	9.421495e-09
2.31852728e-06	1.049768e-08
2.31854583e-06	1.108677e-08
2.31856438e-06	1.136486e-08
2.31858292e-06	1.111316e-08
2.31860147e-06	1.062435e-08
2.31862002e-06	1.068717e-08
2.31863857e-06	1.023976e-08
2.31865712e-06	1.106357e-08
2.31867567e-06	1.092572e-08
2.31869422e-06	1.056502e-08
2.31871277e-06	1.072559e-08
2.31873132e-06	1.102955e-08
2.31874987e-06	1.103802e-08
2.31876842e-06	1.141434e-08
2.31878697e-06	1.171577e-08
2.31880552e-06	1.160595e-08
2.31882407e-06	1.097514e-08
2.31884262e-06	1.106242e-08
2.31886117e-06	1.039477e-08
2.31887972e-06	9.916220e-09
2.31889827e-06	1.037234e-08
2.31891682e-06	1.084978e-08
2.31893538e-06	1.066872e-08
2.31895393e-06	1.082162e-08
2.31897248e-06	1.106384e-08
2.31899103e-06	1.060865e-08
2.31900958e-06	1.056745e-08
2.31902813e-06	1.037627e-08
2.31904669e-06	1.057530e-08
2.31906524e-06	9.841425e-09
2.31908379e-06	1.047882e-08
2.31910234e-06	9.724398e-09
2.31912090e-06	7.699407e-09
2.31913945e-06	7.783371e-09
2.31915800e-06	9.903787e-09
2.31917656e-06	1.075077e-08
2.31919511e-06	1.121072e-08
2.31921366e-06	1.129163e-08
2.31923222e-06	1.109818e-08
2.31925077e-06	1.059019e-08
2.31926932e-06	1.078305e-08
2.31928788e-06	1.079234e-08
2.31930643e-06	1.047762e-08
2.31932499e-06	1.065676e-08
2.31934354e-06	9.954656e-09
2.31936210e-06	1.046493e-08
2.31938065e-06	1.078368e-08
2.31939921e-06	1.129020e-08
2.31941776e-06	1.139212e-08
2.31943632e-06	1.167740e-08
2.31945487e-06	1.086803e-08
2.31947343e-06	9.475588e-09
2.31949198e-06	9.949554e-09
2.31951054e-06	9.078977e-09
2.31952910e-06	8.547831e-09
2.31954765e-06	8.658828e-09
2.31956621e-06	8.157657e-09
2.31958477e-06	9.468559e-09
2.31960332e-06	1.132915e-08
2.31962188e-06	1.187069e-08
2.31964044e-06	1.184194e-08
2.31965899e-06	1.168744e-08
2.31967755e-06	1.086440e-08
2.31969611e-06	8.949139e-09
2.31971466e-06	9.857996e-09
2.31973322e-06	1.055413e-08
2.31975178e-06	1.143639e-08
2.31977034e-06	1.168620e-08
2.31978890e-06	1.155620e-08
2.31980746e-06	1.179068e-08
2.31982601e-06	1.163521e-08
2.31984457e-06	1.156974e-08
2.31986313e-06	1.123555e-08
2.31988169e-06	1.059265e-08
2.31990025e-06	1.102728e-08
2.31991881e-06	1.158615e-08
2.31993737e-06	1.173109e-08
2.31995593e-06	1.089906e-08
2.31997449e-06	1.070132e-08
2.31999305e-06	9.831807e-09
2.32001161e-06	7.970956e-09
2.32003017e-06	1.036910e-08
2.32004873e-06	1.148646e-08
2.32006729e-06	1.059792e-08
2.32008585e-06	1.026150e-08
2.32010441e-06	1.089563e-08
2.32012297e-06	1.141524e-08
2.32014153e-06	1.108720e-08
2.32016009e-06	1.137620e-08
2.32017865e-06	1.098265e-08
2.32019721e-06	1.110168e-08
2.32021577e-06	1.090677e-08
2.32023434e-06	1.104118e-08
2.32025290e-06	1.068861e-08
2.32027146e-06	8.628793e-09
2.32029002e-06	1.069506e-08
2.32030858e-06	1.170601e-08
2.32032715e-06	1.194513e-08
2.32034571e-06	1.123562e-08
2.32036427e-06	9.273518e-09
2.32038284e-06	8.924436e-09
2.32040140e-06	1.041275e-08
2.32041996e-06	8.446612e-09
2.32043853e-06	7.641457e-09
2.32045709e-06	1.060101e-08
2.32047565e-06	1.114793e-08
2.32049422e-06	1.052581e-08
2.32051278e-06	1.026874e-08
2.32053135e-06	9.492118e-09
2.32054991e-06	9.335205e-09
2.32056847e-06	7.851382e-09
2.32058704e-06	8.154867e-09
2.32060560e-06	7.766867e-09
2.32062417e-06	8.454998e-09
2.32064273e-06	9.905021e-09
2.32066130e-06	1.014865e-08
2.32067986e-06	1.021320e-08
2.32069843e-06	1.048154e-08
2.32071699e-06	1.064222e-08
2.32073556e-06	8.787537e-09
2.32075413e-06	9.207125e-09
2.32077269e-06	9.917341e-09
2.32079126e-06	1.107046e-08
2.32080982e-06	1.138156e-08
2.32082839e-06	1.150093e-08
2.32084696e-06	1.120983e-08
2.32086552e-06	1.040994e-08
2.32088409e-06	8.613676e-09
2.32090266e-06	9.325777e-09
2.32092123e-06	9.853839e-09
2.32093979e-06	9.108519e-09
2.32095836e-06	9.186870e-09
2.32097693e-06	1.068649e-08
2.32099550e-06	1.065466e-08
2.32101406e-06	9.927305e-09
2.32103263e-06	9.865787e-09
2.32105120e-06	9.282242e-09
2.32106977e-06	1.081182e-08
2.32108834e-06	1.168992e-08
2.32110691e-06	1.168843e-08
2.32112547e-06	1.066988e-08
2.32114404e-06	9.510689e-09
2.32116261e-06	1.055207e-08
2.32118118e-06	9.309372e-09
2.32119975e-06	7.395434e-09
2.32121832e-06	9.530086e-09
2.32123689e-06	1.100963e-08
2.32125546e-06	1.142771e-08
2.32127403e-06	1.078459e-08
2.32129260e-06	1.085844e-08
2.32131117e-06	9.941231e-09
2.32132974e-06	8.402211e-09
2.32134831e-06	8.976606e-09
2.32136688e-06	1.011384e-08
2.32138545e-06	1.154285e-08
2.32140403e-06	1.165292e-08
2.32142260e-06	1.145968e-08
2.32144117e-06	1.113152e-08
2.32145974e-06	1.153854e-08
2.32147831e-06	1.139877e-08
2.32149688e-06	9.987446e-09
2.32151545e-06	9.735305e-09
2.32153403e-06	1.026167e-08
2.32155260e-06	1.097965e-08
2.32157117e-06	1.155182e-08
2.32158974e-06	1.156894e-08
2.32160832e-06	1.146853e-08
2.32162689e-06	1.071761e-08
2.32164546e-06	8.634851e-09
2.32166404e-06	9.585886e-09
2.32168261e-06	1.107671e-08
2.32170118e-06	1.160046e-08
2.32171976e-06	1.156520e-08
2.32173833e-06	1.136203e-08
2.32175690e-06	1.121849e-08
2.32177548e-06	1.061968e-08
2.32179405e-06	9.702505e-09
2.32181263e-06	1.068404e-08
2.32183120e-06	1.027425e-08
2.32184978e-06	1.034984e-08
2.32186835e-06	1.053710e-08
2.32188692e-06	1.075226e-08
2.32190550e-06	1.044693e-08
2.32192408e-06	1.088615e-08
2.32194265e-06	8.400443e-09
2.32196123e-06	7.745919e-09
2.32197980e-06	1.045749e-08
2.32199838e-06	1.065369e-08
2.32201695e-06	1.051922e-08
2.32203553e-06	1.069143e-08
2.32205411e-06	1.020878e-08
2.32207268e-06	7.497694e-09
2.32209126e-06	7.944815e-09
2.32210984e-06	9.492520e-09
2.32212841e-06	1.089030e-08
2.32214699e-06	1.102560e-08
2.32216557e-06	1.044147e-08
2.32218414e-06	8.388026e-09
2.32220272e-06	8.623049e-09
2.32222130e-06	1.054589e-08
2.32223988e-06	1.027855e-08
2.32225846e-06	9.985745e-09
2.32227703e-06	1.122876e-08
2.32229561e-06	1.103454e-08
2.32231419e-06	1.010955e-08
2.32233277e-06	1.050355e-08
2.32235135e-06	1.029367e-08
2.32236993e-06	8.224992e-09
2.32238850e-06	8.749719e-09
2.32240708e-06	1.057925e-08
2.32242566e-06	1.093830e-08
2.32244424e-06	1.112745e-08
2.32246282e-06	9.531848e-09
2.32248140e-06	9.306464e-09
2.32249998e-06	9.886981e-09
2.32251856e-06	1.119808e-08
2.32253714e-06	1.052615e-08
2.32255572e-06	9.847691e-09
2.32257430e-06	1.017075e-08
2.32259288e-06	1.126823e-08
2.32261146e-06	1.104593e-08
2.32263005e-06	9.976973e-09
2.32264863e-06	7.844554e-09
2.32266721e-06	8.157577e-09
2.32268579e-06	8.228775e-09
2.32270437e-06	8.831405e-09
2.32272295e-06	8.364226e-09
2.32274153e-06	8.407915e-09
2.32276012e-06	8.229403e-09
2.32277870e-06	1.029681e-08
2.32279728e-06	1.063369e-08
2.32281586e-06	8.411976e-09
2.32283444e-06	8.953652e-09
2.32285303e-06	8.824241e-09
2.32287161e-06	8.200861e-09
2.32289019e-06	9.582958e-09
2.32290878e-06	9.026362e-09
2.32292736e-06	7.933667e-09
2.32294594e-06	9.158555e-09
2.32296453e-06	8.547521e-09
2.32298311e-06	1.048242e-08
2.32300169e-06	9.653587e-09
2.32302028e-06	8.158200e-09
2.32303886e-06	9.294721e-09
2.32305745e-06	1.111828e-08
2.32307603e-06	9.942932e-09
2.32309462e-06	8.588521e-09
2.32311320e-06	9.651989e-09
2.32313179e-06	8.743945e-09
2.32315037e-06	7.921883e-09
2.32316896e-06	7.516594e-09
2.32318754e-06	8.135764e-09
2.32320613e-06	8.336700e-09
2.32322471e-06	8.282193e-09
2.32324330e-06	1.064277e-08
2.32326188e-06	9.954091e-09
2.32328047e-06	9.232053e-09
2.32329906e-06	1.130096e-08
2.32331764e-06	1.138692e-08
2.32333623e-06	9.642104e-09
2.32335482e-06	8.457746e-09
2.32337340e-06	8.788561e-09
2.32339199e-06	1.041921e-08
2.32341058e-06	1.092757e-08
2.32342916e-06	1.017120e-08
2.32344775e-06	8.132239e-09
2.32346634e-06	8.689272e-09
2.32348493e-06	1.114683e-08
2.32350352e-06	1.149424e-08
2.32352210e-06	1.144750e-08
2.32354069e-06	1.002942e-08
2.32355928e-06	8.611418e-09
2.32357787e-06	1.020476e-08
2.32359646e-06	9.629619e-09
2.32361504e-06	7.810207e-09
2.32363363e-06	7.897409e-09
2.32365222e-06	9.599417e-09
2.32367081e-06	1.067854e-08
2.32368940e-06	1.113062e-08
2.32370799e-06	9.821314e-09
2.32372658e-06	8.130356e-09
2.32374517e-06	8.115584e-09
2.32376376e-06	9.609450e-09
2.32378235e-06	1.073438e-08
2.32380094e-06	9.042494e-09
2.32381953e-06	9.158135e-09
2.32383812e-06	1.096651e-08
2.32385671e-06	1.116681e-08
2.32387530e-06	1.116596e-08
2.32389389e-06	1.047816e-08
2.32391249e-06	1.044373e-08
2.32393108e-06	8.825825e-09
2.32394967e-06	9.041322e-09
2.32396826e-06	1.086350e-08
2.32398685e-06	1.055755e-08
2.32400544e-06	8.332590e-09
2.32402404e-06	7.040500e-09
2.32404263e-06	8.068691e-09
2.32406122e-06	8.353707e-09
2.32407981e-06	1.080266e-08
2.32409840e-06	1.043737e-08
2.32411700e-06	1.099829e-08
2.32413559e-06	1.140723e-08
2.32415418e-06	1.168573e-08
2.32417278e-06	1.149367e-08
2.32419137e-06	1.109752e-08
2.32420996e-06	1.113732e-08
2.32422856e-06	1.125854e-08
2.32424715e-06	1.134363e-08
2.32426575e-06	1.041660e-08
2.32428434e-06	8.588454e-09
2.32430293e-06	9.518960e-09
2.32432153e-06	1.111463e-08
2.32434012e-06	9.804663e-09
2.32435872e-06	9.750404e-09
2.32437731e-06	1.046737e-08
2.32439591e-06	8.613500e-09
2.32441450e-06	8.109286e-09
2.32443310e-06	1.010320e-08
2.32445169e-06	1.115073e-08
2.32447029e-06	1.030098e-08
2.32448888e-06	1.105745e-08
2.32450748e-06	1.152476e-08
2.32452608e-06	1.046572e-08
2.32454467e-06	9.987152e-09
2.32456327e-06	1.058260e-08
2.32458187e-06	1.129613e-08
2.32460046e-06	1.145580e-08
2.32461906e-06	1.105967e-08
2.32463766e-06	1.127638e-08
2.32465625e-06	1.089194e-08
2.32467485e-06	8.919464e-09
2.32469345e-06	9.285870e-09
2.32471205e-06	1.108218e-08
2.32473064e-06	8.985665e-09
2.32474924e-06	8.277992e-09
2.32476784e-06	1.037116e-08
2.32478644e-06	1.019939e-08
2.32480504e-06	8.022378e-09
2.32482363e-06	8.216453e-09
2.32484223e-06	9.514592e-09
2.32486083e-06	8.238952e-09
2.32487943e-06	8.908305e-09
2.32489803e-06	9.127296e-09
2.32491663e-06	9.996467e-09
2.32493523e-06	1.106336e-08
2.32495383e-06	1.098622e-08
2.32497243e-06	1.098880e-08
2.32499103e-06	9.909644e-09
2.32500963e-06	1.053104e-08
2.32502823e-06	1.115406e-08
2.32504683e-06	1.159100e-08
2.32506543e-06	1.157139e-08
2.32508403e-06	1.124033e-08
2.32510263e-06	9.839063e-09
2.32512123e-06	8.724433e-09
2.32513983e-06	1.026091e-08
2.32515843e-06	1.012298e-08
2.32517703e-06	9.300263e-09
2.32519563e-06	7.738043e-09
2.32521424e-06	7.550510e-09
2.32523284e-06	8.638444e-09
2.32525144e-06	8.091914e-09
2.32527004e-06	8.468807e-09
2.32528864e-06	1.070125e-08
2.32530725e-06	1.037778e-08
2.32532585e-06	1.020077e-08
2.32534445e-06	1.070335e-08
2.32536305e-06	1.146975e-08
2.32538166e-06	1.159084e-08
2.32540026e-06	1.135527e-08
2.32541886e-06	1.108651e-08
2.32543747e-06	1.086152e-08
2.32545607e-06	1.064337e-08
2.32547467e-06	1.138405e-08
2.32549328e-06	1.057908e-08
2.32551188e-06	1.018940e-08
2.32553048e-06	1.026630e-08
2.32554909e-06	1.059994e-08
2.32556769e-06	1.079164e-08
2.32558630e-06	9.521152e-09
2.32560490e-06	8.955598e-09
2.32562351e-06	1.009787e-08
2.32564211e-06	1.064582e-08
2.32566072e-06	9.409322e-09
2.32567932e-06	1.032789e-08
2.32569793e-06	1.116764e-08
2.32571654e-06	1.007340e-08
2.32573514e-06	8.071340e-09
2.32575375e-06	8.369458e-09
2.32577235e-06	1.085317e-08
2.32579096e-06	1.109011e-08
2.32580956e-06	1.146731e-08
2.32582817e-06	1.117633e-08
2.32584678e-06	9.072817e-09
2.32586538e-06	8.472658e-09
2.32588399e-06	8.308243e-09
2.32590260e-06	9.720402e-09
2.32592121e-06	1.013227e-08
2.32593981e-06	9.986034e-09
2.32595842e-06	8.812414e-09
2.32597703e-06	8.274406e-09
2.32599564e-06	8.209233e-09
2.32601424e-06	1.039827e-08
2.32603285e-06	1.064126e-08
2.32605146e-06	9.957884e-09
2.32607007e-06	1.025031e-08
2.32608868e-06	8.859061e-09
2.32610729e-06	8.695292e-09
2.32612590e-06	9.085629e-09
2.32614450e-06	1.115875e-08
2.32616311e-06	1.085270e-08
2.32618172e-06	1.025853e-08
2.32620033e-06	1.084666e-08
2.32621894e-06	1.074406e-08
2.32623755e-06	1.035785e-08
2.32625616e-06	8.048110e-09
2.32627477e-06	8.095842e-09
2.32629338e-06	8.875003e-09
2.32631199e-06	7.906523e-09
2.32633060e-06	9.150498e-09
2.32634921e-06	9.112963e-09
2.32636782e-06	9.816972e-09
2.32638643e-06	1.028227e-08
2.32640505e-06	1.020371e-08
2.32642366e-06	1.015755e-08
2.32644227e-06	1.002047e-08
2.32646088e-06	1.072255e-08
2.32647949e-06	1.076764e-08
2.32649810e-06	1.095961e-08
2.32651671e-06	1.106378e-08
2.32653533e-06	1.171561e-08
2.32655394e-06	1.112054e-08
2.32657255e-06	1.122847e-08
2.32659116e-06	1.124463e-08
2.32660978e-06	1.088418e-08
2.32662839e-06	1.010854e-08
2.32664700e-06	1.008737e-08
2.32666562e-06	1.022171e-08
2.32668423e-06	8.960616e-09
2.32670284e-06	1.041311e-08
2.32672146e-06	1.004532e-08
2.32674007e-06	1.020792e-08
2.32675869e-06	1.113558e-08
2.32677730e-06	1.092542e-08
2.32679591e-06	9.702250e-09
2.32681453e-06	7.698946e-09
2.32683314e-06	8.243387e-09
2.32685176e-06	8.869424e-09
2.32687037e-06	1.053415e-08
2.32688899e-06	1.048968e-08
2.32690760e-06	1.039200e-08
2.32692622e-06	1.073508e-08
2.32694483e-06	1.025070e-08
2.32696345e-06	1.042509e-08
2.32698206e-06	1.081247e-08
2.32700068e-06	1.068823e-08
2.32701930e-06	1.002505e-08
2.32703791e-06	1.077453e-08
2.32705653e-06	1.157361e-08
2.32707514e-06	1.079257e-08
2.32709376e-06	9.895508e-09
2.32711238e-06	9.237268e-09
2.32713099e-06	8.275069e-09
2.32714961e-06	9.320503e-09
2.32716823e-06	1.052111e-08
2.32718685e-06	1.003178e-08
2.32720546e-06	1.072270e-08
2.32722408e-06	1.083575e-08
2.32724270e-06	1.025740e-08
2.32726132e-06	1.146993e-08
2.32727993e-06	1.056434e-08
2.32729855e-06	9.074560e-09
2.32731717e-06	9.925586e-09
2.32733579e-06	1.127478e-08
2.32735441e-06	1.165714e-08
2.32737303e-06	1.089173e-08
2.32739165e-06	1.043043e-08
2.32741027e-06	9.875233e-09
2.32742888e-06	8.026530e-09
2.32744750e-06	8.046568e-09
2.32746612e-06	9.835864e-09
2.32748474e-06	1.086540e-08
2.32750336e-06	1.124678e-08
2.32752198e-06	1.092363e-08
2.32754060e-06	1.107464e-08
2.32755922e-06	1.105537e-08
2.32757784e-06	1.155034e-08
2.32759646e-06	1.040715e-08
2.32761509e-06	8.579964e-09
2.32763371e-06	1.053046e-08
2.32765233e-06	1.150555e-08
2.32767095e-06	1.118488e-08
2.32768957e-06	1.088874e-08
2.32770819e-06	1.108776e-08
2.32772681e-06	1.099066e-08
2.32774544e-06	1.126811e-08
2.32776406e-06	1.138390e-08
2.32778268e-06	1.142801e-08
2.32780130e-06	1.130581e-08
2.32781992e-06	1.085447e-08
2.32783855e-06	8.409979e-09
2.32785717e-06	7.969588e-09
2.32787579e-06	9.486000e-09
2.32789442e-06	1.026245e-08
2.32791304e-06	8.534233e-09
2.32793166e-06	8.810163e-09
2.32795028e-06	7.893179e-09
2.32796891e-06	7.776848e-09
2.32798753e-06	1.061552e-08
2.32800616e-06	1.120785e-08
2.32802478e-06	1.138064e-08
2.32804340e-06	1.107547e-08
2.32806203e-06	9.941582e-09
2.32808065e-06	7.968034e-09
2.32809928e-06	8.057718e-09
2.32811790e-06	9.958370e-09
2.32813653e-06	1.011211e-08
2.32815515e-06	1.026992e-08
2.32817378e-06	1.126668e-08
2.32819240e-06	1.080072e-08
2.32821103e-06	1.044350e-08
2.32822965e-06	9.765315e-09
2.32824828e-06	1.060345e-08
2.32826691e-06	1.116688e-08
2.32828553e-06	1.084567e-08
2.32830416e-06	8.950662e-09
2.32832279e-06	9.037396e-09
2.32834141e-06	1.074287e-08
2.32836004e-06	1.111323e-08
2.32837867e-06	1.084164e-08
2.32839729e-06	9.302381e-09
2.32841592e-06	7.978714e-09
2.32843455e-06	1.021800e-08
2.32845317e-06	1.007140e-08
2.32847180e-06	7.279367e-09
2.32849043e-06	7.874955e-09
2.32850906e-06	9.283784e-09
2.32852769e-06	1.018673e-08
2.32854631e-06	1.031118e-08
2.32856494e-06	1.116909e-08
2.32858357e-06	1.166302e-08
2.32860220e-06	1.132747e-08
2.32862083e-06	1.066564e-08
2.32863946e-06	9.104911e-09
2.32865809e-06	9.002157e-09
2.32867672e-06	9.477991e-09
2.32869535e-06	9.961808e-09
2.32871397e-06	8.187674e-09
2.32873260e-06	8.791946e-09
2.32875123e-06	1.010747e-08
2.32876987e-06	8.003447e-09
2.32878849e-06	8.023044e-09
2.32880712e-06	8.932797e-09
2.32882576e-06	9.661778e-09
2.32884439e-06	1.112349e-08
2.32886302e-06	1.126454e-08
2.32888165e-06	1.046449e-08
2.32890028e-06	1.026556e-08
2.32891891e-06	1.004113e-08
2.32893754e-06	9.587217e-09
2.32895617e-06	9.949395e-09
2.32897481e-06	1.072138e-08
2.32899344e-06	9.796866e-09
2.32901207e-06	9.955827e-09
2.32903070e-06	1.101242e-08
2.32904933e-06	1.091591e-08
2.32906797e-06	1.025563e-08
2.32908660e-06	8.207332e-09
2.32910523e-06	9.489425e-09
2.32912386e-06	1.150312e-08
2.32914250e-06	1.135807e-08
2.32916113e-06	1.107798e-08
2.32917976e-06	1.039237e-08
2.32919840e-06	8.042926e-09
2.32921703e-06	8.240960e-09
2.32923566e-06	1.103122e-08
2.32925430e-06	1.143152e-08
2.32927293e-06	1.074250e-08
2.32929157e-06	1.110514e-08
2.32931020e-06	1.168848e-08
2.32932883e-06	1.154837e-08
2.32934747e-06	1.071856e-08
2.32936610e-06	9.844896e-09
2.32938474e-06	9.221099e-09
2.32940337e-06	1.047098e-08
2.32942201e-06	9.762782e-09
2.32944065e-06	1.063486e-08
2.32945928e-06	9.868574e-09
2.32947792e-06	8.503892e-09
2.32949655e-06	8.059335e-09
2.32951519e-06	8.097274e-09
2.32953382e-06	9.806245e-09
2.32955246e-06	1.052818e-08
2.32957110e-06	1.110786e-08
2.32958973e-06	1.138472e-08
2.32960837e-06	1.171236e-08
2.32962701e-06	1.161726e-08
2.32964564e-06	1.096792e-08
2.32966428e-06	1.160078e-08
2.32968292e-06	1.185550e-08
2.32970156e-06	1.210201e-08
2.32972019e-06	1.205230e-08
2.32973883e-06	1.176522e-08
2.32975747e-06	1.115086e-08
2.32977611e-06	1.112984e-08
2.32979475e-06	9.498930e-09
2.32981338e-06	9.741145e-09
2.32983202e-06	1.146315e-08
2.32985066e-06	1.121749e-08
2.32986930e-06	1.042968e-08
2.32988794e-06	1.113236e-08
2.32990658e-06	1.114961e-08
2.32992522e-06	1.045494e-08
2.32994386e-06	1.046020e-08
2.32996250e-06	1.034276e-08
2.32998113e-06	1.089892e-08
2.32999977e-06	1.102491e-08
2.33001842e-06	8.742091e-09
2.33003706e-06	8.203446e-09
2.33005570e-06	1.077368e-08
2.33007434e-06	1.092466e-08
2.33009298e-06	9.621457e-09
2.33011162e-06	9.456700e-09
2.33013026e-06	1.007197e-08
2.33014890e-06	1.027482e-08
2.33016754e-06	8.203453e-09
2.33018618e-06	7.962963e-09
2.33020482e-06	7.768126e-09
2.33022347e-06	9.945541e-09
2.33024211e-06	1.005449e-08
2.33026075e-06	8.857143e-09
2.33027939e-06	8.169546e-09
2.33029803e-06	8.126927e-09
2.33031667e-06	1.070811e-08
2.33033532e-06	1.099938e-08
2.33035396e-06	1.107422e-08
2.33037260e-06	1.077117e-08
2.33039125e-06	8.526282e-09
2.33040989e-06	9.385552e-09
2.33042853e-06	1.105241e-08
2.33044718e-06	9.214399e-09
2.33046582e-06	7.949952e-09
2.33048446e-06	9.663066e-09
2.33050311e-06	1.018808e-08
2.33052175e-06	7.332427e-09
2.33054040e-06	7.875390e-09
2.33055904e-06	1.066804e-08
2.33057768e-06	9.637468e-09
2.33059633e-06	7.407871e-09
2.33061497e-06	8.812707e-09
2.33063362e-06	8.771686e-09
2.33065226e-06	8.177934e-09
2.33067091e-06	8.109096e-09
2.33068955e-06	8.827180e-09
2.33070820e-06	8.334579e-09
2.33072685e-06	9.488998e-09
2.33074549e-06	8.302385e-09
2.33076414e-06	9.637185e-09
2.33078278e-06	1.017507e-08
2.33080143e-06	9.457695e-09
2.33082008e-06	1.035138e-08
2.33083872e-06	1.084118e-08
2.33085737e-06	1.104691e-08
2.33087602e-06	1.065188e-08
2.33089466e-06	1.026129e-08
2.33091331e-06	1.092207e-08
2.33093196e-06	1.062213e-08
2.33095061e-06	1.011126e-08
2.33096925e-06	1.058139e-08
2.33098790e-06	9.544292e-09
2.33100655e-06	9.760815e-09
2.33102520e-06	8.877531e-09
2.33104384e-06	1.002042e-08
2.33106249e-06	1.087730e-08
2.33108114e-06	8.103667e-09
2.33109979e-06	8.071822e-09
2.33111844e-06	9.506011e-09
2.33113709e-06	1.037365e-08
2.33115574e-06	9.409013e-09
2.33117439e-06	9.867046e-09
2.33119304e-06	9.608563e-09
2.33121169e-06	7.426541e-09
2.33123033e-06	8.666109e-09
2.33124898e-06	9.740694e-09
2.33126763e-06	9.692691e-09
2.33128629e-06	1.112078e-08
2.33130493e-06	1.060242e-08
2.33132359e-06	1.031122e-08
2.33134224e-06	1.123162e-08
2.33136089e-06	1.079175e-08
2.33137954e-06	8.792836e-09
2.33139819e-06	9.724414e-09
2.33141684e-06	1.058029e-08
2.33143549e-06	1.036045e-08
2.33145414e-06	1.042964e-08
2.33147280e-06	1.112504e-08
2.33149145e-06	1.084784e-08
2.33151010e-06	1.092056e-08
2.33152875e-06	1.035195e-08
2.33154740e-06	8.841756e-09
2.33156606e-06	9.993302e-09
2.33158471e-06	9.710013e-09
2.33160336e-06	7.967423e-09
2.33162201e-06	9.116462e-09
2.33164067e-06	9.026484e-09
2.33165932e-06	8.648362e-09
2.33167797e-06	1.116628e-08
2.33169663e-06	1.103464e-08
2.33171528e-06	9.619536e-09
2.33173393e-06	8.451793e-09
2.33175259e-06	1.073082e-08
2.33177124e-06	1.017563e-08
2.33178990e-06	9.036480e-09
2.33180855e-06	1.051973e-08
2.33182720e-06	1.074362e-08
2.33184586e-06	1.093080e-08
2.33186451e-06	9.365282e-09
2.33188317e-06	9.653798e-09
2.33190182e-06	9.064247e-09
2.33192048e-06	7.392280e-09
2.33193913e-06	8.205222e-09
2.33195779e-06	8.001111e-09
2.33197644e-06	8.843817e-09
2.33199510e-06	9.642868e-09
2.33201376e-06	1.012358e-08
2.33203241e-06	1.122111e-08
2.33205107e-06	1.137777e-08
2.33206973e-06	1.116434e-08
2.33208838e-06	1.113407e-08
2.33210704e-06	9.724702e-09
2.33212570e-06	1.064635e-08
2.33214435e-06	1.143584e-08
2.33216301e-06	1.099365e-08
2.33218167e-06	1.110172e-08
2.33220033e-06	1.134261e-08
2.33221898e-06	9.780630e-09
2.33223764e-06	9.511982e-09
2.33225630e-06	8.998951e-09
2.33227496e-06	1.036606e-08
2.33229361e-06	1.140278e-08
2.33231227e-06	1.171329e-08
2.33233093e-06	1.126484e-08
2.33234959e-06	1.130541e-08
2.33236825e-06	1.134942e-08
2.33238691e-06	1.034953e-08
2.33240557e-06	1.029830e-08
2.33242423e-06	1.126537e-08
2.33244288e-06	1.118978e-08
2.33246154e-06	1.046913e-08
2.33248020e-06	9.995952e-09
2.33249886e-06	1.044604e-08
2.33251752e-06	1.123357e-08
2.33253618e-06	1.130856e-08
2.33255485e-06	9.333570e-09
2.33257350e-06	8.982781e-09
2.33259217e-06	1.038712e-08
2.33261083e-06	1.063596e-08
2.33262949e-06	1.147819e-08
2.33264815e-06	1.144672e-08
2.33266681e-06	1.106148e-08
2.33268547e-06	1.161798e-08
2.33270413e-06	1.158760e-08
2.33272279e-06	1.085116e-08
2.33274146e-06	1.006700e-08
2.33276012e-06	1.043636e-08
2.33277878e-06	9.288671e-09
2.33279744e-06	9.764860e-09
2.33281610e-06	9.857739e-09
2.33283477e-06	7.932879e-09
2.33285343e-06	7.990051e-09
2.33287209e-06	9.764336e-09
2.33289075e-06	8.022951e-09
2.33290942e-06	7.181121e-09
2.33292808e-06	1.028283e-08
2.33294675e-06	1.097220e-08
2.33296541e-06	1.103664e-08
2.33298407e-06	1.053583e-08
2.33300274e-06	1.078604e-08
2.33302140e-06	1.135147e-08
2.33304006e-06	1.103565e-08
2.33305873e-06	1.092747e-08
2.33307739e-06	1.103354e-08
2.33309606e-06	1.085230e-08
2.33311472e-06	1.018215e-08
2.33313339e-06	1.044605e-08
2.33315205e-06	9.389209e-09
2.33317072e-06	8.941901e-09
2.33318938e-06	1.075431e-08
2.33320805e-06	1.101012e-08
2.33322671e-06	9.353599e-09
2.33324538e-06	8.910874e-09
2.33326405e-06	1.018117e-08
2.33328271e-06	9.170411e-09
2.33330138e-06	1.074027e-08
2.33332004e-06	1.115043e-08
2.33333871e-06	1.107548e-08
2.33335738e-06	1.043008e-08
2.33337604e-06	9.836074e-09
2.33339471e-06	1.030276e-08
2.33341338e-06	1.029905e-08
2.33343205e-06	1.145591e-08
2.33345071e-06	1.153226e-08
2.33346938e-06	1.148608e-08
2.33348805e-06	1.108620e-08
2.33350672e-06	1.010842e-08
2.33352538e-06	9.097305e-09
2.33354405e-06	9.666812e-09
2.33356272e-06	9.159881e-09
2.33358139e-06	8.074253e-09
2.33360006e-06	1.062043e-08
2.33361873e-06	1.111905e-08
2.33363740e-06	1.040779e-08
2.33365607e-06	1.047521e-08
2.33367473e-06	1.071757e-08
2.33369340e-06	9.098659e-09
2.33371207e-06	7.695036e-09
2.33373074e-06	7.538428e-09
2.33374941e-06	9.051507e-09
2.33376808e-06	8.085891e-09
2.33378675e-06	8.112085e-09
2.33380542e-06	9.616853e-09
2.33382410e-06	1.107522e-08
2.33384277e-06	1.061238e-08
2.33386144e-06	1.091817e-08
2.33388011e-06	1.154196e-08
2.33389878e-06	1.119037e-08
2.33391745e-06	1.116903e-08
2.33393612e-06	1.067545e-08
2.33395479e-06	9.679666e-09
2.33397346e-06	1.096653e-08
2.33399213e-06	1.180693e-08
2.33401081e-06	1.151251e-08
2.33402948e-06	1.105832e-08
2.33404815e-06	1.070146e-08
2.33406682e-06	1.117717e-08
2.33408550e-06	1.182698e-08
2.33410417e-06	1.191476e-08
2.33412284e-06	1.100453e-08
2.33414152e-06	8.492927e-09
2.33416019e-06	7.465102e-09
2.33417886e-06	9.166152e-09
2.33419754e-06	8.617797e-09
2.33421621e-06	8.341749e-09
2.33423488e-06	1.000285e-08
2.33425356e-06	1.077619e-08
2.33427223e-06	1.048788e-08
2.33429090e-06	9.163658e-09
2.33430958e-06	7.799857e-09
2.33432825e-06	8.803422e-09
2.33434693e-06	9.417178e-09
2.33436560e-06	9.860123e-09
2.33438428e-06	1.075351e-08
2.33440295e-06	1.122300e-08
2.33442163e-06	9.996225e-09
2.33444030e-06	8.410550e-09
2.33445898e-06	9.485893e-09
2.33447765e-06	1.004065e-08
2.33449633e-06	1.028705e-08
2.33451501e-06	9.565748e-09
2.33453368e-06	1.045145e-08
2.33455236e-06	1.074791e-08
2.33457104e-06	9.696509e-09
2.33458971e-06	1.075507e-08
2.33460839e-06	1.135787e-08
2.33462706e-06	9.669493e-09
2.33464574e-06	9.298013e-09
2.33466442e-06	1.059507e-08
2.33468310e-06	1.146091e-08
2.33470177e-06	1.107557e-08
2.33472045e-06	1.064528e-08
2.33473913e-06	8.677104e-09
2.33475781e-06	8.160927e-09
2.33477648e-06	7.289679e-09
2.33479516e-06	8.725174e-09
2.33481384e-06	9.653335e-09
2.33483252e-06	9.186821e-09
2.33485120e-06	9.022298e-09
2.33486988e-06	8.931902e-09
2.33488856e-06	9.888463e-09
2.33490724e-06	1.148596e-08
2.33492591e-06	1.175740e-08
2.33494460e-06	1.147402e-08
2.33496327e-06	1.106170e-08
2.33498195e-06	9.302588e-09
2.33500063e-06	9.605561e-09
2.33501931e-06	1.140803e-08
2.33503799e-06	1.158596e-08
2.33505667e-06	1.173130e-08
2.33507535e-06	1.157385e-08
2.33509404e-06	1.035609e-08
2.33511272e-06	7.894633e-09
2.33513140e-06	8.205378e-09
2.33515008e-06	1.077581e-08
2.33516876e-06	1.044050e-08
2.33518744e-06	8.990705e-09
2.33520612e-06	9.426297e-09
2.33522480e-06	1.036303e-08
2.33524348e-06	9.488045e-09
2.33526217e-06	9.329420e-09
2.33528085e-06	1.029645e-08
2.33529953e-06	1.053090e-08
2.33531821e-06	1.009917e-08
2.33533690e-06	9.829326e-09
2.33535558e-06	1.004201e-08
2.33537426e-06	8.609994e-09
2.33539294e-06	8.353588e-09
2.33541163e-06	1.033397e-08
2.33543031e-06	1.047733e-08
2.33544900e-06	1.032245e-08
2.33546768e-06	9.585175e-09
2.33548636e-06	9.532417e-09
2.33550505e-06	9.814673e-09
2.33552373e-06	8.930446e-09
2.33554242e-06	7.740746e-09
2.33556110e-06	8.011810e-09
2.33557978e-06	1.032264e-08
2.33559847e-06	1.059938e-08
2.33561715e-06	1.040820e-08
2.33563584e-06	1.030322e-08
2.33565452e-06	9.207611e-09
2.33567321e-06	7.736297e-09
2.33569189e-06	9.482630e-09
2.33571058e-06	9.355497e-09
2.33572927e-06	9.427092e-09
2.33574795e-06	9.573528e-09
2.33576664e-06	7.744553e-09
2.33578532e-06	8.094201e-09
2.33580401e-06	9.151834e-09
2.33582269e-06	1.037840e-08
2.33584138e-06	1.102251e-08
2.33586007e-06	1.127250e-08
2.33587876e-06	1.084531e-08
2.33589744e-06	9.729004e-09
2.33591613e-06	1.006495e-08
2.33593482e-06	1.118182e-08
2.33595350e-06	1.089550e-08
2.33597219e-06	9.344889e-09
2.33599088e-06	9.847973e-09
2.33600957e-06	1.056022e-08
2.33602826e-06	1.064312e-08
2.33604694e-06	1.091423e-08
2.33606563e-06	1.133814e-08
2.33608432e-06	1.171146e-08
2.33610301e-06	1.179208e-08
2.33612170e-06	1.184316e-08
2.33614039e-06	1.150961e-08
2.33615908e-06	1.110757e-08
2.33617777e-06	1.121864e-08
2.33619646e-06	1.056316e-08
2.33621514e-06	1.061128e-08
2.33623383e-06	1.133850e-08
2.33625253e-06	1.074246e-08
2.33627121e-06	1.064493e-08
2.33628990e-06	1.054593e-08
2.33630860e-06	1.084359e-08
2.33632729e-06	9.406553e-09
2.33634598e-06	7.969564e-09
2.33636467e-06	8.504869e-09
2.33638336e-06	1.073286e-08
2.33640205e-06	1.016694e-08
2.33642074e-06	1.011034e-08
2.33643943e-06	1.113539e-08
2.33645812e-06	1.023751e-08
2.33647681e-06	1.108901e-08
2.33649551e-06	1.112276e-08
2.33651420e-06	1.103904e-08
2.33653289e-06	1.169065e-08
2.33655158e-06	1.121866e-08
2.33657028e-06	1.051370e-08
2.33658897e-06	1.121805e-08
2.33660766e-06	1.077581e-08
2.33662635e-06	1.059100e-08
2.33664505e-06	1.084158e-08
2.33666374e-06	1.114806e-08
2.33668243e-06	1.077503e-08
2.33670113e-06	8.305227e-09
2.33671982e-06	7.767742e-09
2.33673851e-06	9.002667e-09
2.33675721e-06	9.285539e-09
2.33677590e-06	1.056245e-08
2.33679460e-06	1.089466e-08
2.33681329e-06	9.793070e-09
2.33683198e-06	8.054048e-09
2.33685068e-06	7.876048e-09
2.33686937e-06	9.321500e-09
2.33688807e-06	9.487718e-09
2.33690676e-06	9.484661e-09
2.33692546e-06	9.907659e-09
2.33694415e-06	9.920949e-09
2.33696285e-06	1.001349e-08
2.33698155e-06	7.953201e-09
2.33700024e-06	8.448185e-09
2.33701894e-06	9.788802e-09
2.33703763e-06	1.041588e-08
2.33705633e-06	1.035100e-08
2.33707503e-06	1.085304e-08
2.33709372e-06	1.097760e-08
2.33711242e-06	1.080876e-08
2.33713112e-06	1.101218e-08
2.33714981e-06	1.042847e-08
2.33716851e-06	1.080804e-08
2.33718721e-06	1.161981e-08
2.33720591e-06	1.056818e-08
2.33722460e-06	9.936554e-09
2.33724330e-06	1.053585e-08
2.33726200e-06	1.043955e-08
2.33728070e-06	8.888437e-09
2.33729940e-06	8.978544e-09
2.33731809e-06	1.085613e-08
2.33733679e-06	1.120347e-08
2.33735549e-06	1.121979e-08
2.33737419e-06	1.100765e-08
2.33739289e-06	9.075659e-09
2.33741159e-06	7.660585e-09
2.33743029e-06	8.236062e-09
2.33744899e-06	1.034369e-08
2.33746769e-06	1.067835e-08
2.33748639e-06	9.781934e-09
2.33750509e-06	1.009013e-08
2.33752379e-06	1.054721e-08
2.33754249e-06	1.082105e-08
2.33756119e-06	1.111886e-08
2.33757989e-06	1.172853e-08
2.33759859e-06	1.173347e-08
2.33761729e-06	1.115761e-08
2.33763599e-06	1.000842e-08
2.33765469e-06	1.089136e-08
2.33767339e-06	1.074870e-08
2.33769209e-06	1.073578e-08
2.33771079e-06	1.042834e-08
2.33772950e-06	9.180046e-09
2.33774820e-06	7.549835e-09
2.33776690e-06	9.390490e-09
2.33778560e-06	1.103609e-08
2.33780431e-06	1.107960e-08
2.33782301e-06	1.113824e-08
2.33784171e-06	1.061162e-08
2.33786041e-06	1.069206e-08
2.33787912e-06	1.119201e-08
2.33789782e-06	1.079159e-08
2.33791652e-06	9.100649e-09
2.33793523e-06	8.056977e-09
2.33795393e-06	7.889495e-09
2.33797263e-06	9.598943e-09
2.33799134e-06	1.060784e-08
2.33801004e-06	1.096901e-08
2.33802874e-06	1.009591e-08
2.33804745e-06	9.215018e-09
2.33806615e-06	1.045720e-08
2.33808486e-06	1.039643e-08
2.33810356e-06	1.092772e-08
2.33812227e-06	1.031034e-08
2.33814097e-06	1.081180e-08
2.33815968e-06	1.093062e-08
2.33817838e-06	1.007101e-08
2.33819709e-06	9.348607e-09
2.33821579e-06	1.016456e-08
2.33823450e-06	8.641923e-09
2.33825321e-06	1.045341e-08
2.33827191e-06	1.051152e-08
2.33829062e-06	1.041930e-08
2.33830932e-06	1.030565e-08
2.33832803e-06	8.455378e-09
2.33834674e-06	8.519729e-09
2.33836544e-06	1.086693e-08
2.33838415e-06	1.057474e-08
2.33840286e-06	1.112267e-08
2.33842156e-06	1.099064e-08
2.33844027e-06	1.006646e-08
2.33845898e-06	8.691151e-09
2.33847769e-06	9.718998e-09
2.33849639e-06	1.015936e-08
2.33851510e-06	9.785993e-09
2.33853381e-06	9.071974e-09
2.33855252e-06	9.499142e-09
2.33857123e-06	9.331421e-09
2.33858994e-06	9.000483e-09
2.33860864e-06	9.512596e-09
2.33862735e-06	1.059530e-08
2.33864606e-06	1.055964e-08
2.33866477e-06	1.040402e-08
2.33868348e-06	9.506157e-09
2.33870219e-06	9.567262e-09
2.33872090e-06	8.104935e-09
2.33873961e-06	7.548596e-09
2.33875832e-06	9.337417e-09
2.33877703e-06	9.811053e-09
2.33879574e-06	1.082452e-08
2.33881445e-06	1.109071e-08
2.33883316e-06	1.149570e-08
2.33885187e-06	1.165024e-08
2.33887058e-06	1.082441e-08
2.33888929e-06	1.070045e-08
2.33890800e-06	1.048798e-08
2.33892672e-06	1.016168e-08
2.33894543e-06	8.458458e-09
2.33896414e-06	8.180683e-09
2.33898285e-06	1.043165e-08
2.33900156e-06	1.070219e-08
2.33902027e-06	1.048317e-08
2.33903899e-06	1.051802e-08
2.33905770e-06	9.392388e-09
2.33907641e-06	8.072592e-09
2.33909512e-06	7.819466e-09
2.33911384e-06	9.769353e-09
2.33913255e-06	1.065114e-08
2.33915126e-06	1.027966e-08
2.33916998e-06	1.028193e-08
2.33918869e-06	9.293177e-09
2.33920740e-06	9.709129e-09
2.33922612e-06	9.767612e-09
2.33924483e-06	1.075741e-08
2.33926354e-06	1.135055e-08
2.33928226e-06	1.035798e-08
2.33930097e-06	8.414858e-09
2.33931969e-06	7.507407e-09
2.33933840e-06	7.749861e-09
2.33935712e-06	1.062431e-08
2.33937583e-06	1.116150e-08
2.33939455e-06	1.108571e-08
2.33941326e-06	1.113177e-08
2.33943198e-06	1.116734e-08
2.33945069e-06	1.040069e-08
2.33946941e-06	8.393527e-09
2.33948812e-06	9.150590e-09
2.33950684e-06	1.087074e-08
2.33952556e-06	1.120733e-08
2.33954427e-06	1.125008e-08
2.33956299e-06	1.079723e-08
2.33958171e-06	1.060649e-08
2.33960042e-06	8.766795e-09
2.33961914e-06	8.116092e-09
2.33963785e-06	9.987698e-09
2.33965657e-06	9.221628e-09
2.33967529e-06	8.803259e-09
2.33969401e-06	1.120936e-08
2.33971272e-06	1.109500e-08
2.33973144e-06	1.032562e-08
2.33975016e-06	9.257109e-09
2.33976888e-06	1.041161e-08
2.33978760e-06	1.071510e-08
2.33980631e-06	1.081559e-08
2.33982503e-06	1.148773e-08
2.33984375e-06	1.107234e-08
2.33986247e-06	8.825205e-09
2.33988119e-06	7.101756e-09
2.33989991e-06	7.428187e-09
2.33991863e-06	1.005611e-08
2.33993735e-06	1.126910e-08
2.33995607e-06	1.040524e-08
2.33997479e-06	1.120142e-08
2.33999351e-06	1.142676e-08
2.34001223e-06	1.021043e-08
2.34003095e-06	8.502928e-09
2.34004967e-06	8.971826e-09
2.34006839e-06	8.750048e-09
2.34008711e-06	9.514034e-09
2.34010583e-06	1.074404e-08
2.34012455e-06	9.225966e-09
2.34014327e-06	1.022403e-08
2.34016199e-06	1.008065e-08
2.34018071e-06	9.654492e-09
2.34019943e-06	1.019436e-08
2.34021815e-06	1.100408e-08
2.34023688e-06	1.039100e-08
2.34025560e-06	7.823064e-09
2.34027432e-06	7.982842e-09
2.34029304e-06	8.050320e-09
2.34031177e-06	1.005662e-08
2.34033049e-06	1.066214e-08
2.34034921e-06	9.058544e-09
2.34036793e-06	8.168533e-09
2.34038666e-06	7.992959e-09
2.34040538e-06	7.830544e-09
2.34042410e-06	8.207349e-09
2.34044283e-06	8.067028e-09
2.34046155e-06	9.804721e-09
2.34048027e-06	1.120975e-08
2.34049900e-06	1.100795e-08
2.34051772e-06	8.280678e-09
2.34053644e-06	8.707160e-09
2.34055517e-06	1.008522e-08
2.34057389e-06	9.117890e-09
2.34059262e-06	1.003054e-08
2.34061134e-06	8.868006e-09
2.34063007e-06	8.232913e-09
2.34064879e-06	1.016444e-08
2.34066752e-06	9.501623e-09
2.34068624e-06	1.035005e-08
2.34070497e-06	1.165111e-08
2.34072369e-06	1.148053e-08
2.34074242e-06	1.128736e-08
2.34076115e-06	1.155879e-08
2.34077987e-06	1.099199e-08
2.34079860e-06	1.139701e-08
2.34081733e-06	1.094204e-08
2.34083605e-06	1.033779e-08
2.34085478e-06	1.096370e-08
2.34087350e-06	1.070428e-08
2.34089223e-06	1.063556e-08
2.34091096e-06	1.099122e-08
2.34092969e-06	1.089601e-08
2.34094841e-06	1.160452e-08
2.34096714e-06	1.115912e-08
2.34098587e-06	1.076374e-08
2.34100460e-06	1.088585e-08
2.34102333e-06	1.099446e-08
2.34104205e-06	1.057072e-08
2.34106078e-06	8.048381e-09
2.34107951e-06	7.075070e-09
2.34109824e-06	8.539001e-09
2.34111697e-06	9.990385e-09
2.34113570e-06	8.959544e-09
2.34115443e-06	7.233065e-09
2.34117315e-06	9.590995e-09
2.34119188e-06	1.075584e-08
2.34121061e-06	1.111913e-08
2.34122934e-06	1.089902e-08
2.34124807e-06	1.036765e-08
2.34126680e-06	7.284974e-09
2.34128553e-06	7.327009e-09
2.34130426e-06	1.097110e-08
2.34132299e-06	1.120445e-08
2.34134172e-06	9.681083e-09
2.34136045e-06	7.697701e-09
2.34137919e-06	1.032953e-08
2.34139792e-06	1.098765e-08
2.34141665e-06	1.036185e-08
2.34143538e-06	1.007771e-08
2.34145411e-06	8.922291e-09
2.34147284e-06	8.429792e-09
2.34149158e-06	8.169885e-09
2.34151031e-06	8.335602e-09
2.34152904e-06	1.010835e-08
2.34154777e-06	9.358858e-09
2.34156650e-06	9.737381e-09
2.34158524e-06	1.019887e-08
2.34160397e-06	1.132119e-08
2.34162270e-06	1.143223e-08
2.34164143e-06	1.143392e-08
2.34166017e-06	1.133356e-08
2.34167890e-06	1.015245e-08
2.34169763e-06	7.704973e-09
2.34171637e-06	7.745378e-09
2.34173510e-06	9.475336e-09
2.34175384e-06	1.022022e-08
2.34177257e-06	1.139610e-08
2.34179130e-06	1.095685e-08
2.34181004e-06	1.128057e-08
2.34182877e-06	1.129411e-08
2.34184751e-06	1.024915e-08
2.34186624e-06	8.750733e-09
2.34188498e-06	7.986475e-09
2.34190371e-06	1.024096e-08
2.34192245e-06	1.007184e-08
2.34194118e-06	9.103909e-09
2.34195992e-06	9.535563e-09
2.34197865e-06	1.022047e-08
2.34199739e-06	1.077152e-08
2.34201613e-06	1.085006e-08
2.34203486e-06	8.415345e-09
2.34205360e-06	7.003376e-09
2.34207233e-06	8.888081e-09
2.34209107e-06	9.775371e-09
2.34210981e-06	1.101390e-08
2.34212855e-06	1.144987e-08
2.34214728e-06	1.092507e-08
2.34216602e-06	9.581735e-09
2.34218476e-06	9.847505e-09
2.34220349e-06	1.104527e-08
2.34222223e-06	1.154440e-08
2.34224097e-06	1.160923e-08
2.34225971e-06	1.168711e-08
2.34227844e-06	1.192455e-08
2.34229718e-06	1.213354e-08
2.34231592e-06	1.174696e-08
2.34233466e-06	1.133295e-08
2.34235340e-06	1.167940e-08
2.34237214e-06	1.099161e-08
2.34239088e-06	1.066948e-08
2.34240962e-06	1.084383e-08
2.34242835e-06	1.085391e-08
2.34244709e-06	9.463677e-09
2.34246583e-06	1.031418e-08
2.34248457e-06	1.116990e-08
2.34250331e-06	1.144201e-08
2.34252205e-06	1.164044e-08
2.34254079e-06	1.044188e-08
2.34255953e-06	9.168021e-09
2.34257827e-06	9.457649e-09
2.34259702e-06	9.375829e-09
2.34261576e-06	1.020970e-08
2.34263450e-06	1.128648e-08
2.34265324e-06	1.148816e-08
2.34267198e-06	1.090781e-08
2.34269072e-06	1.011739e-08
2.34270946e-06	1.112756e-08
2.34272820e-06	1.038589e-08
2.34274695e-06	7.665054e-09
2.34276569e-06	7.998913e-09
2.34278443e-06	9.238426e-09
2.34280317e-06	1.071157e-08
2.34282191e-06	1.095363e-08
2.34284066e-06	9.705380e-09
2.34285940e-06	9.528824e-09
2.34287814e-06	9.813435e-09
2.34289689e-06	1.022608e-08
2.34291563e-06	1.086490e-08
2.34293437e-06	1.126831e-08
2.34295312e-06	1.128764e-08
2.34297186e-06	1.080790e-08
2.34299060e-06	1.005237e-08
2.34300935e-06	1.083943e-08
2.34302809e-06	1.140701e-08
2.34304684e-06	1.083542e-08
2.34306558e-06	9.738069e-09
2.34308432e-06	1.086929e-08
2.34310307e-06	1.147496e-08
2.34312181e-06	1.127523e-08
2.34314056e-06	1.121373e-08
2.34315930e-06	9.809823e-09
2.34317805e-06	1.053576e-08
2.34319679e-06	1.124656e-08
2.34321554e-06	1.037797e-08
2.34323429e-06	8.662712e-09
2.34325303e-06	8.860316e-09
2.34327178e-06	7.229589e-09
2.34329052e-06	9.551819e-09
2.34330927e-06	1.018574e-08
2.34332802e-06	1.124765e-08
2.34334676e-06	1.177037e-08
2.34336551e-06	1.149815e-08
2.34338426e-06	1.038834e-08
2.34340300e-06	1.091125e-08
2.34342175e-06	1.035096e-08
2.34344050e-06	1.011825e-08
2.34345925e-06	1.017388e-08
2.34347799e-06	8.341242e-09
2.34349674e-06	7.742118e-09
2.34351549e-06	1.002756e-08
2.34353424e-06	1.078065e-08
2.34355299e-06	1.050949e-08
2.34357173e-06	1.065763e-08
2.34359048e-06	9.792154e-09
2.34360923e-06	7.802729e-09
2.34362798e-06	7.605182e-09
2.34364673e-06	1.007498e-08
2.34366548e-06	9.083813e-09
2.34368423e-06	7.285630e-09
2.34370298e-06	7.865962e-09
2.34372173e-06	9.198964e-09
2.34374048e-06	1.109739e-08
2.34375923e-06	1.062682e-08
2.34377798e-06	1.083681e-08
2.34379673e-06	1.114003e-08
2.34381548e-06	8.739734e-09
2.34383423e-06	7.711258e-09
2.34385298e-06	9.380010e-09
2.34387173e-06	9.968056e-09
2.34389048e-06	1.106595e-08
2.34390923e-06	1.051076e-08
2.34392798e-06	1.038733e-08
2.34394673e-06	1.142398e-08
2.34396549e-06	1.116911e-08
2.34398424e-06	9.963092e-09
2.34400299e-06	1.068925e-08
2.34402174e-06	1.000704e-08
2.34404049e-06	9.106524e-09
2.34405925e-06	7.902302e-09
2.34407800e-06	7.784794e-09
2.34409675e-06	9.959303e-09
2.34411550e-06	1.054964e-08
2.34413426e-06	1.013112e-08
2.34415301e-06	1.068356e-08
2.34417176e-06	1.124271e-08
2.34419052e-06	1.117183e-08
2.34420927e-06	1.084694e-08
2.34422802e-06	1.099184e-08
2.34424678e-06	1.114028e-08
2.34426553e-06	1.133603e-08
2.34428429e-06	1.025280e-08
2.34430304e-06	1.017343e-08
2.34432179e-06	9.437578e-09
2.34434055e-06	9.991683e-09
2.34435930e-06	1.086244e-08
2.34437806e-06	1.055527e-08
2.34439681e-06	1.015103e-08
2.34441557e-06	1.015557e-08
2.34443432e-06	9.924985e-09
2.34445308e-06	7.630153e-09
2.34447183e-06	7.897364e-09
2.34449059e-06	9.484791e-09
2.34450935e-06	8.593851e-09
2.34452810e-06	9.426356e-09
2.34454686e-06	1.034132e-08
2.34456562e-06	9.859032e-09
2.34458437e-06	9.810176e-09
2.34460313e-06	1.086214e-08
2.34462189e-06	1.135239e-08
2.34464064e-06	1.085021e-08
2.34465940e-06	1.055075e-08
2.34467816e-06	9.627533e-09
2.34469691e-06	7.009696e-09
2.34471567e-06	6.990494e-09
2.34473443e-06	9.802826e-09
2.34475319e-06	1.011721e-08
2.34477195e-06	8.828535e-09
2.34479070e-06	7.197598e-09
2.34480946e-06	7.938919e-09
2.34482822e-06	9.186535e-09
2.34484698e-06	1.091594e-08
2.34486574e-06	1.068730e-08
2.34488450e-06	8.836601e-09
2.34490326e-06	9.103898e-09
2.34492202e-06	9.675938e-09
2.34494077e-06	1.009641e-08
2.34495953e-06	8.345417e-09
2.34497829e-06	9.804728e-09
2.34499705e-06	1.068619e-08
2.34501581e-06	9.623847e-09
2.34503457e-06	7.027337e-09
2.34505333e-06	7.412235e-09
2.34507209e-06	9.593363e-09
2.34509086e-06	9.072662e-09
2.34510962e-06	1.049930e-08
2.34512838e-06	1.135767e-08
2.34514714e-06	1.155705e-08
2.34516590e-06	1.106183e-08
2.34518466e-06	1.065990e-08
2.34520342e-06	1.062697e-08
2.34522218e-06	8.963579e-09
2.34524094e-06	7.813209e-09
2.34525971e-06	9.505783e-09
2.34527847e-06	9.690015e-09
2.34529723e-06	7.377782e-09
2.34531599e-06	7.917264e-09
2.34533476e-06	1.008817e-08
2.34535352e-06	1.032457e-08
2.34537228e-06	8.867276e-09
2.34539104e-06	9.122110e-09
2.34540981e-06	8.002435e-09
2.34542857e-06	7.722731e-09
2.34544733e-06	7.707182e-09
2.34546610e-06	8.657911e-09
2.34548486e-06	7.534428e-09
2.34550363e-06	8.325267e-09
2.34552239e-06	1.086488e-08
2.34554115e-06	1.097655e-08
2.34555992e-06	1.006880e-08
2.34557868e-06	1.086078e-08
2.34559745e-06	1.130192e-08
2.34561621e-06	9.080558e-09
2.34563498e-06	9.192527e-09
2.34565374e-06	1.075806e-08
2.34567251e-06	1.156051e-08
2.34569127e-06	1.113833e-08
2.34571004e-06	1.082632e-08
2.34572880e-06	1.143187e-08
2.34574757e-06	1.039110e-08
2.34576634e-06	1.035630e-08
2.34578510e-06	1.180303e-08
2.34580387e-06	1.199947e-08
2.34582263e-06	1.146110e-08
2.34584140e-06	1.006424e-08
2.34586017e-06	1.003835e-08
2.34587894e-06	1.159597e-08
2.34589770e-06	1.140830e-08
2.34591647e-06	1.151542e-08
2.34593524e-06	1.147243e-08
2.34595400e-06	1.113428e-08
2.34597277e-06	1.008473e-08
2.34599154e-06	9.524274e-09
2.34601031e-06	1.151293e-08
2.34602908e-06	1.198280e-08
2.34604784e-06	1.064007e-08
2.34606661e-06	9.852798e-09
2.34608538e-06	1.078866e-08
2.34610415e-06	1.038131e-08
2.34612292e-06	1.040274e-08
2.34614169e-06	1.112826e-08
2.34616046e-06	1.065986e-08
2.34617923e-06	9.586800e-09
2.34619800e-06	1.096707e-08
2.34621676e-06	1.155657e-08
2.34623553e-06	1.127552e-08
2.34625430e-06	1.104279e-08
2.34627307e-06	1.127907e-08
2.34629184e-06	1.145723e-08
2.34631061e-06	1.031219e-08
2.34632938e-06	1.018189e-08
2.34634816e-06	1.041252e-08
2.34636693e-06	1.063088e-08
2.34638570e-06	1.097522e-08
2.34640447e-06	1.061283e-08
2.34642324e-06	1.026926e-08
2.34644201e-06	7.579050e-09
2.34646078e-06	6.957968e-09
2.34647955e-06	9.208504e-09
2.34649833e-06	1.061947e-08
2.34651710e-06	1.102694e-08
2.34653587e-06	1.055524e-08
2.34655464e-06	1.122587e-08
2.34657341e-06	1.155031e-08
2.34659219e-06	1.109189e-08
2.34661096e-06	1.067514e-08
2.34662973e-06	1.071287e-08
2.34664851e-06	9.988667e-09
2.34666728e-06	1.020074e-08
2.34668605e-06	1.138913e-08
2.34670483e-06	1.169175e-08
2.34672360e-06	1.134408e-08
2.34674237e-06	1.130520e-08
2.34676115e-06	1.077432e-08
2.34677992e-06	9.670957e-09
2.34679870e-06	7.856461e-09
2.34681747e-06	7.776744e-09
2.34683625e-06	1.018327e-08
2.34685502e-06	1.079356e-08
2.34687379e-06	1.050560e-08
2.34689257e-06	8.158713e-09
2.34691134e-06	7.428508e-09
2.34693012e-06	8.310590e-09
2.34694889e-06	9.595697e-09
2.34696767e-06	1.039879e-08
2.34698645e-06	1.116769e-08
2.34700522e-06	1.078275e-08
2.34702400e-06	1.062804e-08
2.34704277e-06	1.121561e-08
2.34706155e-06	1.107711e-08
2.34708033e-06	1.148635e-08
2.34709910e-06	1.182336e-08
2.34711788e-06	1.154737e-08
2.34713666e-06	1.120060e-08
2.34715543e-06	9.825570e-09
2.34717421e-06	9.339727e-09
2.34719299e-06	8.954462e-09
2.34721177e-06	1.024830e-08
2.34723054e-06	1.005376e-08
2.34724932e-06	1.002229e-08
2.34726810e-06	1.055270e-08
2.34728688e-06	1.018745e-08
2.34730566e-06	1.028490e-08
2.34732444e-06	8.652927e-09
2.34734321e-06	1.060662e-08
2.34736199e-06	1.113563e-08
2.34738077e-06	1.111738e-08
2.34739955e-06	9.906309e-09
2.34741833e-06	8.208882e-09
2.34743711e-06	8.992015e-09
2.34745589e-06	1.092396e-08
2.34747467e-06	1.105582e-08
2.34749345e-06	9.485429e-09
2.34751223e-06	7.599959e-09
2.34753101e-06	8.803433e-09
2.34754979e-06	8.063435e-09
2.34756857e-06	8.580693e-09
2.34758735e-06	1.009275e-08
2.34760613e-06	1.111065e-08
2.34762491e-06	1.121268e-08
2.34764369e-06	1.037399e-08
2.34766247e-06	9.010591e-09
2.34768125e-06	9.157639e-09
2.34770004e-06	9.426660e-09
2.34771882e-06	9.063848e-09
2.34773760e-06	8.812021e-09
2.34775638e-06	9.835486e-09
2.34777516e-06	9.633754e-09
2.34779395e-06	1.020397e-08
2.34781273e-06	1.032945e-08
2.34783151e-06	1.042493e-08
2.34785029e-06	1.157301e-08
2.34786908e-06	1.117721e-08
2.34788786e-06	1.091854e-08
2.34790664e-06	1.154935e-08
2.34792542e-06	1.166939e-08
2.34794421e-06	1.132776e-08
2.34796299e-06	1.105673e-08
2.34798178e-06	1.136053e-08
2.34800056e-06	1.145056e-08
2.34801934e-06	1.084136e-08
2.34803813e-06	1.129008e-08
2.34805691e-06	1.120583e-08
2.34807570e-06	1.096004e-08
2.34809448e-06	1.065603e-08
2.34811327e-06	1.015867e-08
2.34813205e-06	9.391088e-09
2.34815084e-06	9.320419e-09
2.34816962e-06	1.085422e-08
2.34818841e-06	1.108991e-08
2.34820719e-06	1.060397e-08
2.34822598e-06	7.775198e-09
2.34824476e-06	7.996019e-09
2.34826355e-06	9.198666e-09
2.34828234e-06	1.049578e-08
2.34830112e-06	1.106404e-08
2.34831991e-06	1.145165e-08
2.34833869e-06	1.074763e-08
2.34835748e-06	1.080778e-08
2.34837627e-06	1.064101e-08
2.34839506e-06	1.110603e-08
2.34841384e-06	1.039040e-08
2.34843263e-06	1.037376e-08
2.34845142e-06	1.050465e-08
2.34847021e-06	1.118670e-08
2.34848899e-06	1.104459e-08
2.34850778e-06	1.096833e-08
2.34852657e-06	9.726674e-09
2.34854536e-06	9.541627e-09
2.34856415e-06	1.029326e-08
2.34858293e-06	1.077135e-08
2.34860172e-06	1.078007e-08
2.34862051e-06	1.161654e-08
2.34863930e-06	1.150661e-08
2.34865809e-06	1.076646e-08
2.34867688e-06	8.810581e-09
2.34869567e-06	9.234562e-09
2.34871446e-06	1.016775e-08
2.34873325e-06	1.005829e-08
2.34875204e-06	1.139419e-08
2.34877083e-06	1.165810e-08
2.34878962e-06	1.066935e-08
2.34880841e-06	9.925256e-09
2.34882720e-06	9.515062e-09
2.34884599e-06	9.446842e-09
2.34886478e-06	1.080262e-08
2.34888357e-06	1.079781e-08
2.34890236e-06	1.106013e-08
2.34892115e-06	1.162795e-08
2.34893994e-06	1.176227e-08
2.34895873e-06	1.017056e-08
2.34897753e-06	1.046192e-08
2.34899632e-06	9.741007e-09
2.34901511e-06	9.230998e-09
2.34903390e-06	1.096395e-08
2.34905269e-06	1.092484e-08
2.34907149e-06	1.097074e-08
2.34909028e-06	1.053841e-08
2.34910907e-06	1.036864e-08
2.34912787e-06	1.096703e-08
2.34914666e-06	1.074721e-08
2.34916545e-06	1.007785e-08
2.34918425e-06	1.046643e-08
2.34920304e-06	9.785643e-09
2.34922183e-06	1.014511e-08
2.34924063e-06	9.755723e-09
2.34925942e-06	1.091854e-08
2.34927821e-06	1.145345e-08
2.34929701e-06	9.727862e-09
2.34931580e-06	1.002039e-08
2.34933460e-06	9.961362e-09
2.34935339e-06	9.021025e-09
2.34937219e-06	8.014768e-09
2.34939098e-06	9.449735e-09
2.34940978e-06	1.016869e-08
2.34942857e-06	8.384116e-09
2.34944737e-06	1.031829e-08
2.34946616e-06	1.042332e-08
2.34948496e-06	9.672734e-09
2.34950375e-06	7.135514e-09
2.34952255e-06	9.218020e-09
2.34954135e-06	1.102900e-08
2.34956014e-06	1.130675e-08
2.34957894e-06	1.059911e-08
2.34959774e-06	1.138373e-08
2.34961653e-06	9.872398e-09
2.34963533e-06	9.106924e-09
2.34965413e-06	1.009879e-08
2.34967292e-06	8.926729e-09
2.34969172e-06	8.930587e-09
2.34971052e-06	8.012323e-09
2.34972932e-06	7.814879e-09
2.34974812e-06	9.763052e-09
2.34976691e-06	8.295743e-09
2.34978571e-06	9.372201e-09
2.34980451e-06	9.723894e-09
2.34982331e-06	8.888395e-09
2.34984211e-06	7.129735e-09
2.34986090e-06	8.665781e-09
2.34987970e-06	9.233907e-09
2.34989850e-06	9.705985e-09
2.34991730e-06	1.127483e-08
2.34993610e-06	1.093587e-08
2.34995490e-06	1.122155e-08
2.34997370e-06	1.004088e-08
