2.30001633e-06	1.441128e-08
2.30003473e-06	1.430957e-08
2.30005313e-06	1.436953e-08
2.30007153e-06	1.409568e-08
2.30008993e-06	1.423799e-08
2.30010833e-06	1.442778e-08
2.30012673e-06	1.441087e-08
2.30014513e-06	1.442715e-08
2.30016353e-06	1.438811e-08
2.30018194e-06	1.441601e-08
2.30020034e-06	1.441014e-08
2.30021874e-06	1.442071e-08
2.30023714e-06	1.442731e-08
2.30025554e-06	1.437416e-08
2.30027395e-06	1.425217e-08
2.30029235e-06	1.407960e-08
2.30031075e-06	1.431606e-08
2.30032915e-06	1.442373e-08
2.30034756e-06	1.446426e-08
2.30036596e-06	1.433792e-08
2.30038436e-06	1.402936e-08
2.30040276e-06	1.417985e-08
2.30042117e-06	1.424805e-08
2.30043957e-06	1.434364e-08
2.30045797e-06	1.441050e-08
2.30047638e-06	1.415036e-08
2.30049478e-06	1.373423e-08
2.30051319e-06	1.381616e-08
2.30053159e-06	1.393951e-08
2.30054999e-06	1.441618e-08
2.30056840e-06	1.399810e-08
2.30058680e-06	1.421651e-08
2.30060521e-06	1.368502e-08
2.30062361e-06	1.395110e-08
2.30064202e-06	1.421428e-08
2.30066042e-06	1.428695e-08
2.30067883e-06	1.436457e-08
2.30069723e-06	1.438801e-08
2.30071564e-06	1.430877e-08
2.30073404e-06	1.368973e-08
2.30075245e-06	1.376241e-08
2.30077086e-06	1.428070e-08
2.30078926e-06	1.438785e-08
2.30080767e-06	1.435801e-08
2.30082608e-06	1.434531e-08
2.30084448e-06	1.434182e-08
2.30086289e-06	1.433806e-08
2.30088129e-06	1.435155e-08
2.30089970e-06	1.433051e-08
2.30091811e-06	1.439300e-08
2.30093652e-06	1.439597e-08
2.30095492e-06	1.440004e-08
2.30097333e-06	1.413095e-08
2.30099174e-06	1.421624e-08
2.30101015e-06	1.432177e-08
2.30102856e-06	1.417231e-08
2.30104696e-06	1.435591e-08
2.30106537e-06	1.432457e-08
2.30108378e-06	1.385668e-08
2.30110219e-06	1.375203e-08
2.30112060e-06	1.426771e-08
2.30113901e-06	1.441807e-08
2.30115742e-06	1.445027e-08
2.30117583e-06	1.443328e-08
2.30119423e-06	1.424957e-08
2.30121265e-06	1.415976e-08
2.30123105e-06	1.438756e-08
2.30124946e-06	1.441123e-08
2.30126787e-06	1.426830e-08
2.30128628e-06	1.375817e-08
2.30130469e-06	1.423059e-08
2.30132310e-06	1.439405e-08
2.30134152e-06	1.353624e-08
2.30135993e-06	1.381120e-08
2.30137834e-06	1.392685e-08
2.30139675e-06	1.365396e-08
2.30141516e-06	1.398670e-08
2.30143357e-06	1.447705e-08
2.30145198e-06	1.447224e-08
2.30147039e-06	1.429640e-08
2.30148881e-06	1.393143e-08
2.30150722e-06	1.384435e-08
2.30152563e-06	1.422444e-08
2.30154404e-06	1.438925e-08
2.30156245e-06	1.438758e-08
2.30158087e-06	1.427733e-08
2.30159928e-06	1.439730e-08
2.30161769e-06	1.442282e-08
2.30163611e-06	1.426635e-08
2.30165452e-06	1.421231e-08
2.30167293e-06	1.428158e-08
2.30169135e-06	1.438183e-08
2.30170976e-06	1.439356e-08
2.30172817e-06	1.442074e-08
2.30174659e-06	1.440011e-08
2.30176500e-06	1.431724e-08
2.30178341e-06	1.440700e-08
2.30180183e-06	1.439859e-08
2.30182024e-06	1.429778e-08
2.30183866e-06	1.438623e-08
2.30185707e-06	1.434735e-08
2.30187549e-06	1.419371e-08
2.30189390e-06	1.431177e-08
2.30191232e-06	1.443845e-08
2.30193073e-06	1.438680e-08
2.30194915e-06	1.437600e-08
2.30196756e-06	1.444842e-08
2.30198598e-06	1.442840e-08
2.30200440e-06	1.436342e-08
2.30202281e-06	1.408544e-08
2.30204123e-06	1.413200e-08
2.30205964e-06	1.431316e-08
2.30207806e-06	1.445424e-08
2.30209648e-06	1.421942e-08
2.30211489e-06	1.420078e-08
2.30213331e-06	1.439352e-08
2.30215173e-06	1.396211e-08
2.30217014e-06	1.444616e-08
2.30218856e-06	1.446117e-08
2.30220698e-06	1.445056e-08
2.30222540e-06	1.438783e-08
2.30224381e-06	1.438461e-08
2.30226223e-06	1.409934e-08
2.30228065e-06	1.405737e-08
2.30229907e-06	1.429015e-08
2.30231749e-06	1.435907e-08
2.30233591e-06	1.439788e-08
2.30235433e-06	1.441413e-08
2.30237274e-06	1.442118e-08
2.30239116e-06	1.444058e-08
2.30240958e-06	1.439243e-08
2.30242800e-06	1.433850e-08
2.30244642e-06	1.439278e-08
2.30246484e-06	1.440773e-08
2.30248326e-06	1.441631e-08
2.30250168e-06	1.439764e-08
2.30252010e-06	1.435436e-08
2.30253852e-06	1.426582e-08
2.30255694e-06	1.437357e-08
2.30257536e-06	1.442239e-08
2.30259378e-06	1.441383e-08
2.30261220e-06	1.439148e-08
2.30263062e-06	1.437387e-08
2.30264904e-06	1.436474e-08
2.30266747e-06	1.438022e-08
2.30268589e-06	1.443806e-08
2.30270431e-06	1.442127e-08
2.30272273e-06	1.434825e-08
2.30274115e-06	1.425706e-08
2.30275957e-06	1.368274e-08
2.30277800e-06	1.380816e-08
2.30279642e-06	1.417165e-08
2.30281484e-06	1.410685e-08
2.30283326e-06	1.432358e-08
2.30285168e-06	1.434507e-08
2.30287011e-06	1.443611e-08
2.30288853e-06	1.442798e-08
2.30290695e-06	1.428403e-08
2.30292538e-06	1.425032e-08
2.30294380e-06	1.436689e-08
2.30296222e-06	1.362464e-08
2.30298065e-06	1.443140e-08
2.30299907e-06	1.369893e-08
2.30301750e-06	1.379024e-08
2.30303592e-06	1.388415e-08
2.30305434e-06	1.436183e-08
2.30307277e-06	1.440554e-08
2.30309119e-06	1.439750e-08
2.30310962e-06	1.433090e-08
2.30312804e-06	1.412617e-08
2.30314647e-06	1.438623e-08
2.30316489e-06	1.443636e-08
2.30318332e-06	1.435250e-08
2.30320174e-06	1.410458e-08
2.30322017e-06	1.425942e-08
2.30323860e-06	1.444539e-08
2.30325702e-06	1.444547e-08
2.30327545e-06	1.438028e-08
2.30329387e-06	1.425151e-08
2.30331230e-06	1.392614e-08
2.30333073e-06	1.375929e-08
2.30334915e-06	1.374294e-08
2.30336758e-06	1.407664e-08
2.30338601e-06	1.445249e-08
2.30340443e-06	1.440782e-08
2.30342286e-06	1.436326e-08
2.30344129e-06	1.442177e-08
2.30345972e-06	1.440015e-08
2.30347814e-06	1.440043e-08
2.30349657e-06	1.442773e-08
2.30351500e-06	1.444243e-08
2.30353343e-06	1.435216e-08
2.30355186e-06	1.427355e-08
2.30357028e-06	1.411993e-08
2.30358871e-06	1.388309e-08
2.30360714e-06	1.386656e-08
2.30362557e-06	1.417536e-08
2.30364400e-06	1.433836e-08
2.30366243e-06	1.443052e-08
2.30368086e-06	1.440145e-08
2.30369929e-06	1.439928e-08
2.30371772e-06	1.434356e-08
2.30373615e-06	1.405006e-08
2.30375458e-06	1.399786e-08
2.30377301e-06	1.395053e-08
2.30379144e-06	1.407904e-08
2.30380987e-06	1.381777e-08
2.30382830e-06	1.382720e-08
2.30384673e-06	1.383984e-08
2.30386516e-06	1.438503e-08
2.30388359e-06	1.414704e-08
2.30390202e-06	1.367111e-08
2.30392045e-06	1.368306e-08
2.30393888e-06	1.416838e-08
2.30395731e-06	1.403550e-08
2.30397575e-06	1.421143e-08
2.30399418e-06	1.442527e-08
2.30401261e-06	1.440143e-08
2.30403104e-06	1.443407e-08
2.30404947e-06	1.440166e-08
2.30406791e-06	1.435183e-08
2.30408634e-06	1.434132e-08
2.30410477e-06	1.436685e-08
2.30412321e-06	1.440505e-08
2.30414164e-06	1.439964e-08
2.30416007e-06	1.440779e-08
2.30417850e-06	1.439971e-08
2.30419694e-06	1.437992e-08
2.30421537e-06	1.433087e-08
2.30423381e-06	1.432449e-08
2.30425224e-06	1.441173e-08
2.30427067e-06	1.435456e-08
2.30428911e-06	1.436360e-08
2.30430754e-06	1.437967e-08
2.30432598e-06	1.428431e-08
2.30434441e-06	1.433777e-08
2.30436285e-06	1.442928e-08
2.30438128e-06	1.438587e-08
2.30439971e-06	1.437227e-08
2.30441815e-06	1.440242e-08
2.30443659e-06	1.442671e-08
2.30445502e-06	1.436208e-08
2.30447346e-06	1.439080e-08
2.30449189e-06	1.439616e-08
2.30451033e-06	1.438681e-08
2.30452877e-06	1.438296e-08
2.30454720e-06	1.441185e-08
2.30456564e-06	1.440300e-08
2.30458407e-06	1.441911e-08
2.30460251e-06	1.442484e-08
2.30462095e-06	1.435025e-08
2.30463938e-06	1.426303e-08
2.30465782e-06	1.435520e-08
2.30467626e-06	1.445362e-08
2.30469470e-06	1.438192e-08
2.30471313e-06	1.426410e-08
2.30473157e-06	1.391305e-08
2.30475001e-06	1.405760e-08
2.30476845e-06	1.437390e-08
2.30478688e-06	1.365154e-08
2.30480532e-06	1.442373e-08
2.30482376e-06	1.361103e-08
2.30484220e-06	1.437425e-08
2.30486064e-06	1.384171e-08
2.30487908e-06	1.385668e-08
2.30489752e-06	1.433294e-08
2.30491596e-06	1.428891e-08
2.30493440e-06	1.380887e-08
2.30495284e-06	1.405434e-08
2.30497128e-06	1.416074e-08
2.30498972e-06	1.387984e-08
2.30500815e-06	1.395959e-08
2.30502660e-06	1.439733e-08
2.30504504e-06	1.427089e-08
2.30506347e-06	1.424322e-08
2.30508192e-06	1.419958e-08
2.30510036e-06	1.425551e-08
2.30511880e-06	1.433282e-08
2.30513724e-06	1.437617e-08
2.30515568e-06	1.427952e-08
2.30517412e-06	1.432222e-08
2.30519256e-06	1.437446e-08
2.30521100e-06	1.425125e-08
2.30522944e-06	1.431302e-08
2.30524789e-06	1.436386e-08
2.30526633e-06	1.433802e-08
2.30528477e-06	1.436023e-08
2.30530321e-06	1.439496e-08
2.30532166e-06	1.430307e-08
2.30534010e-06	1.431815e-08
2.30535854e-06	1.433100e-08
2.30537698e-06	1.436018e-08
2.30539543e-06	1.422877e-08
2.30541387e-06	1.368293e-08
2.30543231e-06	1.403232e-08
2.30545076e-06	1.431242e-08
2.30546920e-06	1.408389e-08
2.30548764e-06	1.363356e-08
2.30550609e-06	1.408317e-08
2.30552453e-06	1.440935e-08
2.30554298e-06	1.444521e-08
2.30556142e-06	1.441865e-08
2.30557987e-06	1.436634e-08
2.30559831e-06	1.439876e-08
2.30561675e-06	1.438444e-08
2.30563520e-06	1.382662e-08
2.30565365e-06	1.365702e-08
2.30567209e-06	1.413353e-08
2.30569054e-06	1.431406e-08
2.30570898e-06	1.440197e-08
2.30572743e-06	1.417197e-08
2.30574587e-06	1.416839e-08
2.30576432e-06	1.414885e-08
2.30578276e-06	1.438871e-08
2.30580121e-06	1.393555e-08
2.30581966e-06	1.445452e-08
2.30583810e-06	1.446346e-08
2.30585655e-06	1.414722e-08
2.30587500e-06	1.363061e-08
2.30589344e-06	1.381951e-08
2.30591189e-06	1.419495e-08
2.30593034e-06	1.432038e-08
2.30594879e-06	1.416869e-08
2.30596723e-06	1.420633e-08
2.30598568e-06	1.419795e-08
2.30600413e-06	1.433807e-08
2.30602258e-06	1.440577e-08
2.30604102e-06	1.443057e-08
2.30605947e-06	1.443007e-08
2.30607792e-06	1.441045e-08
2.30609637e-06	1.439495e-08
2.30611482e-06	1.437299e-08
2.30613327e-06	1.416865e-08
2.30615172e-06	1.415870e-08
2.30617017e-06	1.430565e-08
2.30618862e-06	1.408403e-08
2.30620707e-06	1.403978e-08
2.30622551e-06	1.419638e-08
2.30624396e-06	1.437675e-08
2.30626241e-06	1.436517e-08
2.30628087e-06	1.435239e-08
2.30629932e-06	1.438580e-08
2.30631777e-06	1.441306e-08
2.30633622e-06	1.438499e-08
2.30635467e-06	1.434706e-08
2.30637312e-06	1.437128e-08
2.30639157e-06	1.435618e-08
2.30641002e-06	1.428643e-08
2.30642847e-06	1.440178e-08
2.30644692e-06	1.430945e-08
2.30646537e-06	1.421692e-08
2.30648383e-06	1.416567e-08
2.30650228e-06	1.413551e-08
2.30652073e-06	1.419019e-08
2.30653918e-06	1.386355e-08
2.30655763e-06	1.404728e-08
2.30657609e-06	1.426968e-08
2.30659454e-06	1.437071e-08
2.30661299e-06	1.439737e-08
2.30663144e-06	1.421945e-08
2.30664990e-06	1.393933e-08
2.30666835e-06	1.362236e-08
2.30668681e-06	1.407714e-08
2.30670526e-06	1.421452e-08
2.30672371e-06	1.416462e-08
2.30674217e-06	1.440279e-08
2.30676062e-06	1.397913e-08
2.30677907e-06	1.430361e-08
2.30679753e-06	1.432670e-08
2.30681598e-06	1.418815e-08
2.30683444e-06	1.417114e-08
2.30685289e-06	1.385419e-08
2.30687135e-06	1.428041e-08
2.30688980e-06	1.438111e-08
2.30690826e-06	1.412271e-08
2.30692671e-06	1.367449e-08
2.30694517e-06	1.419786e-08
2.30696362e-06	1.431946e-08
2.30698208e-06	1.439554e-08
2.30700053e-06	1.440623e-08
2.30701899e-06	1.442202e-08
2.30703745e-06	1.438605e-08
2.30705590e-06	1.431016e-08
2.30707436e-06	1.441263e-08
2.30709282e-06	1.439812e-08
2.30711127e-06	1.440221e-08
2.30712973e-06	1.439628e-08
2.30714819e-06	1.439444e-08
2.30716664e-06	1.438808e-08
2.30718510e-06	1.440314e-08
2.30720356e-06	1.442017e-08
2.30722202e-06	1.437325e-08
2.30724047e-06	1.423683e-08
2.30725893e-06	1.431333e-08
2.30727739e-06	1.440415e-08
2.30729585e-06	1.407462e-08
2.30731431e-06	1.395733e-08
2.30733277e-06	1.435946e-08
2.30735122e-06	1.441527e-08
2.30736968e-06	1.437985e-08
2.30738814e-06	1.415295e-08
2.30740660e-06	1.415545e-08
2.30742506e-06	1.438656e-08
2.30744352e-06	1.442549e-08
2.30746198e-06	1.442833e-08
2.30748044e-06	1.432352e-08
2.30749890e-06	1.425247e-08
2.30751736e-06	1.389437e-08
2.30753582e-06	1.416889e-08
2.30755428e-06	1.435175e-08
2.30757274e-06	1.433898e-08
2.30759120e-06	1.428318e-08
2.30760966e-06	1.401483e-08
2.30762812e-06	1.361398e-08
2.30764658e-06	1.356532e-08
2.30766504e-06	1.392153e-08
2.30768351e-06	1.416814e-08
2.30770197e-06	1.438480e-08
2.30772043e-06	1.443884e-08
2.30773889e-06	1.443008e-08
2.30775735e-06	1.445184e-08
2.30777581e-06	1.446289e-08
2.30779428e-06	1.415381e-08
2.30781274e-06	1.393276e-08
2.30783120e-06	1.426895e-08
2.30784966e-06	1.433476e-08
2.30786813e-06	1.415307e-08
2.30788659e-06	1.441508e-08
2.30790505e-06	1.446132e-08
2.30792352e-06	1.441953e-08
2.30794198e-06	1.433736e-08
2.30796044e-06	1.441029e-08
2.30797891e-06	1.441292e-08
2.30799737e-06	1.437113e-08
2.30801583e-06	1.377215e-08
2.30803430e-06	1.418792e-08
2.30805276e-06	1.409327e-08
2.30807123e-06	1.426526e-08
2.30808969e-06	1.438099e-08
2.30810816e-06	1.435211e-08
2.30812662e-06	1.433206e-08
2.30814509e-06	1.439998e-08
2.30816355e-06	1.442726e-08
2.30818202e-06	1.440160e-08
2.30820048e-06	1.429269e-08
2.30821895e-06	1.434279e-08
2.30823741e-06	1.438407e-08
2.30825588e-06	1.441289e-08
2.30827434e-06	1.425199e-08
2.30829281e-06	1.404661e-08
2.30831128e-06	1.431815e-08
2.30832974e-06	1.438136e-08
2.30834821e-06	1.435581e-08
2.30836668e-06	1.431648e-08
2.30838514e-06	1.429233e-08
2.30840361e-06	1.437459e-08
2.30842208e-06	1.440015e-08
2.30844055e-06	1.440911e-08
2.30845901e-06	1.438123e-08
2.30847748e-06	1.429997e-08
2.30849595e-06	1.418711e-08
2.30851442e-06	1.403317e-08
2.30853288e-06	1.423845e-08
2.30855135e-06	1.435736e-08
2.30856982e-06	1.435011e-08
2.30858829e-06	1.434426e-08
2.30860676e-06	1.438719e-08
2.30862523e-06	1.440368e-08
2.30864370e-06	1.437112e-08
2.30866217e-06	1.438213e-08
2.30868063e-06	1.442491e-08
2.30869911e-06	1.437806e-08
2.30871757e-06	1.431322e-08
2.30873604e-06	1.425385e-08
2.30875451e-06	1.428687e-08
2.30877298e-06	1.441999e-08
2.30879145e-06	1.432230e-08
2.30880992e-06	1.400496e-08
2.30882840e-06	1.410728e-08
2.30884687e-06	1.440872e-08
2.30886534e-06	1.444290e-08
2.30888381e-06	1.428641e-08
2.30890228e-06	1.405254e-08
2.30892075e-06	1.400804e-08
2.30893922e-06	1.439236e-08
2.30895769e-06	1.375907e-08
2.30897616e-06	1.413252e-08
2.30899464e-06	1.381322e-08
2.30901311e-06	1.407784e-08
2.30903158e-06	1.436892e-08
2.30905005e-06	1.432765e-08
2.30906852e-06	1.424405e-08
2.30908700e-06	1.386453e-08
2.30910547e-06	1.383869e-08
2.30912394e-06	1.415173e-08
2.30914242e-06	1.414688e-08
2.30916089e-06	1.376763e-08
2.30917936e-06	1.429525e-08
2.30919784e-06	1.408448e-08
2.30921631e-06	1.411111e-08
2.30923478e-06	1.427935e-08
2.30925326e-06	1.435812e-08
2.30927173e-06	1.440094e-08
2.30929021e-06	1.437144e-08
2.30930868e-06	1.442186e-08
2.30932715e-06	1.437793e-08
2.30934563e-06	1.426598e-08
2.30936410e-06	1.383939e-08
2.30938258e-06	1.412967e-08
2.30940105e-06	1.440686e-08
2.30941953e-06	1.429914e-08
2.30943800e-06	1.422257e-08
2.30945648e-06	1.409042e-08
2.30947495e-06	1.399418e-08
2.30949343e-06	1.427878e-08
2.30951191e-06	1.426413e-08
2.30953038e-06	1.415806e-08
2.30954886e-06	1.424156e-08
2.30956733e-06	1.435690e-08
2.30958581e-06	1.438306e-08
2.30960429e-06	1.435137e-08
2.30962277e-06	1.436148e-08
2.30964124e-06	1.439162e-08
2.30965972e-06	1.385556e-08
2.30967820e-06	1.360308e-08
2.30969667e-06	1.396447e-08
2.30971515e-06	1.439688e-08
2.30973363e-06	1.444738e-08
2.30975211e-06	1.423522e-08
2.30977059e-06	1.362240e-08
2.30978906e-06	1.385867e-08
2.30980754e-06	1.409907e-08
2.30982602e-06	1.404499e-08
2.30984450e-06	1.385841e-08
2.30986298e-06	1.433592e-08
2.30988146e-06	1.437626e-08
2.30989994e-06	1.429432e-08
2.30991842e-06	1.423889e-08
2.30993689e-06	1.399816e-08
2.30995537e-06	1.421197e-08
2.30997385e-06	1.439395e-08
2.30999233e-06	1.421994e-08
2.31001081e-06	1.409748e-08
2.31002929e-06	1.440596e-08
2.31004777e-06	1.358907e-08
2.31006625e-06	1.440322e-08
2.31008473e-06	1.356442e-08
2.31010321e-06	1.431795e-08
2.31012170e-06	1.426036e-08
2.31014018e-06	1.404583e-08
2.31015866e-06	1.418931e-08
2.31017714e-06	1.438569e-08
2.31019562e-06	1.440738e-08
2.31021410e-06	1.429799e-08
2.31023258e-06	1.432127e-08
2.31025107e-06	1.441703e-08
2.31026955e-06	1.440903e-08
2.31028803e-06	1.440919e-08
2.31030651e-06	1.440643e-08
2.31032499e-06	1.431476e-08
2.31034348e-06	1.380712e-08
2.31036196e-06	1.416281e-08
2.31038044e-06	1.383875e-08
2.31039893e-06	1.372966e-08
2.31041741e-06	1.409102e-08
2.31043589e-06	1.430337e-08
2.31045438e-06	1.408166e-08
2.31047286e-06	1.399435e-08
2.31049134e-06	1.408162e-08
2.31050983e-06	1.374862e-08
2.31052831e-06	1.417385e-08
2.31054680e-06	1.435741e-08
2.31056528e-06	1.431905e-08
2.31058377e-06	1.408292e-08
2.31060225e-06	1.428364e-08
2.31062073e-06	1.443680e-08
2.31063922e-06	1.439839e-08
2.31065770e-06	1.425257e-08
2.31067619e-06	1.438882e-08
2.31069467e-06	1.434133e-08
2.31071316e-06	1.425549e-08
2.31073165e-06	1.417091e-08
2.31075013e-06	1.423861e-08
2.31076862e-06	1.425902e-08
2.31078710e-06	1.428513e-08
2.31080559e-06	1.412478e-08
2.31082408e-06	1.427131e-08
2.31084256e-06	1.434541e-08
2.31086105e-06	1.431996e-08
2.31087954e-06	1.432678e-08
2.31089802e-06	1.414043e-08
2.31091651e-06	1.402962e-08
2.31093500e-06	1.418810e-08
2.31095349e-06	1.425864e-08
2.31097197e-06	1.381257e-08
2.31099046e-06	1.386404e-08
2.31100895e-06	1.416995e-08
2.31102744e-06	1.425191e-08
2.31104593e-06	1.438423e-08
2.31106441e-06	1.441358e-08
2.31108290e-06	1.430862e-08
2.31110139e-06	1.431706e-08
2.31111988e-06	1.441761e-08
2.31113837e-06	1.445006e-08
2.31115686e-06	1.443786e-08
2.31117535e-06	1.394287e-08
2.31119384e-06	1.356474e-08
2.31121233e-06	1.361177e-08
2.31123082e-06	1.424191e-08
2.31124931e-06	1.431170e-08
2.31126780e-06	1.411966e-08
2.31128629e-06	1.420211e-08
2.31130478e-06	1.405819e-08
2.31132327e-06	1.389896e-08
2.31134176e-06	1.385879e-08
2.31136025e-06	1.414826e-08
2.31137874e-06	1.432699e-08
2.31139723e-06	1.437841e-08
2.31141572e-06	1.427776e-08
2.31143421e-06	1.421645e-08
2.31145270e-06	1.418576e-08
2.31147120e-06	1.372251e-08
2.31148969e-06	1.411465e-08
2.31150818e-06	1.428674e-08
2.31152667e-06	1.407373e-08
2.31154516e-06	1.401425e-08
2.31156366e-06	1.358757e-08
2.31158215e-06	1.410043e-08
2.31160064e-06	1.442311e-08
2.31161913e-06	1.426276e-08
2.31163763e-06	1.395933e-08
2.31165612e-06	1.381526e-08
2.31167461e-06	1.408225e-08
2.31169311e-06	1.430925e-08
2.31171160e-06	1.436915e-08
2.31173009e-06	1.420882e-08
2.31174859e-06	1.416991e-08
2.31176708e-06	1.431382e-08
2.31178558e-06	1.416391e-08
2.31180407e-06	1.430379e-08
2.31182257e-06	1.429911e-08
2.31184106e-06	1.409939e-08
2.31185955e-06	1.416123e-08
2.31187805e-06	1.438847e-08
2.31189654e-06	1.419658e-08
2.31191504e-06	1.407866e-08
2.31193353e-06	1.425901e-08
2.31195203e-06	1.411628e-08
2.31197052e-06	1.426675e-08
2.31198902e-06	1.438761e-08
2.31200752e-06	1.432286e-08
2.31202601e-06	1.417306e-08
2.31204451e-06	1.369256e-08
2.31206301e-06	1.391342e-08
2.31208150e-06	1.410275e-08
2.31210000e-06	1.433566e-08
2.31211850e-06	1.436910e-08
2.31213699e-06	1.429026e-08
2.31215549e-06	1.434324e-08
2.31217399e-06	1.433484e-08
2.31219248e-06	1.425055e-08
2.31221098e-06	1.410782e-08
2.31222948e-06	1.415575e-08
2.31224798e-06	1.424830e-08
2.31226648e-06	1.425111e-08
2.31228497e-06	1.412401e-08
2.31230347e-06	1.406673e-08
2.31232197e-06	1.438268e-08
2.31234047e-06	1.431305e-08
2.31235897e-06	1.417069e-08
2.31237747e-06	1.400076e-08
2.31239596e-06	1.409532e-08
2.31241446e-06	1.435735e-08
2.31243296e-06	1.366196e-08
2.31245146e-06	1.438959e-08
2.31246996e-06	1.374618e-08
2.31248846e-06	1.424398e-08
2.31250696e-06	1.432908e-08
2.31252546e-06	1.435039e-08
2.31254396e-06	1.407532e-08
2.31256246e-06	1.426532e-08
2.31258096e-06	1.413522e-08
2.31259946e-06	1.399741e-08
2.31261796e-06	1.436175e-08
2.31263647e-06	1.434710e-08
2.31265497e-06	1.433976e-08
2.31267347e-06	1.440819e-08
2.31269197e-06	1.439289e-08
2.31271047e-06	1.419331e-08
2.31272897e-06	1.428075e-08
2.31274748e-06	1.422729e-08
2.31276598e-06	1.424985e-08
2.31278448e-06	1.439786e-08
2.31280298e-06	1.436134e-08
2.31282148e-06	1.434963e-08
2.31283999e-06	1.382686e-08
2.31285849e-06	1.408180e-08
2.31287699e-06	1.425785e-08
2.31289550e-06	1.433681e-08
2.31291400e-06	1.418201e-08
2.31293250e-06	1.414350e-08
2.31295100e-06	1.426499e-08
2.31296951e-06	1.405533e-08
2.31298801e-06	1.438378e-08
2.31300652e-06	1.432083e-08
2.31302502e-06	1.418399e-08
2.31304352e-06	1.422251e-08
2.31306203e-06	1.413431e-08
2.31308053e-06	1.407402e-08
2.31309904e-06	1.396825e-08
2.31311754e-06	1.402710e-08
2.31313605e-06	1.409473e-08
2.31315455e-06	1.421147e-08
2.31317306e-06	1.398938e-08
2.31319156e-06	1.414470e-08
2.31321007e-06	1.422489e-08
2.31322857e-06	1.384246e-08
2.31324708e-06	1.373669e-08
2.31326559e-06	1.434945e-08
2.31328409e-06	1.434475e-08
2.31330260e-06	1.428209e-08
2.31332111e-06	1.436389e-08
2.31333961e-06	1.440657e-08
2.31335812e-06	1.431967e-08
2.31337662e-06	1.426341e-08
2.31339513e-06	1.416367e-08
2.31341364e-06	1.416827e-08
2.31343215e-06	1.438956e-08
2.31345065e-06	1.437350e-08
2.31346916e-06	1.433914e-08
2.31348767e-06	1.433355e-08
2.31350618e-06	1.436679e-08
2.31352469e-06	1.435697e-08
2.31354319e-06	1.438677e-08
2.31356170e-06	1.435682e-08
2.31358021e-06	1.434684e-08
2.31359872e-06	1.389778e-08
2.31361723e-06	1.396487e-08
2.31363574e-06	1.432474e-08
2.31365425e-06	1.430956e-08
2.31367275e-06	1.419031e-08
2.31369127e-06	1.360359e-08
2.31370977e-06	1.438213e-08
2.31372828e-06	1.360074e-08
2.31374679e-06	1.445525e-08
2.31376530e-06	1.422105e-08
2.31378381e-06	1.414522e-08
2.31380232e-06	1.431092e-08
2.31382083e-06	1.385609e-08
2.31383935e-06	1.380297e-08
2.31385786e-06	1.413581e-08
2.31387637e-06	1.428830e-08
2.31389488e-06	1.419542e-08
2.31391339e-06	1.429766e-08
2.31393190e-06	1.432706e-08
2.31395041e-06	1.415184e-08
2.31396892e-06	1.422299e-08
2.31398744e-06	1.425486e-08
2.31400595e-06	1.400442e-08
2.31402446e-06	1.418892e-08
2.31404297e-06	1.354161e-08
2.31406148e-06	1.353503e-08
2.31408000e-06	1.415705e-08
2.31409851e-06	1.438455e-08
2.31411702e-06	1.434285e-08
2.31413553e-06	1.437148e-08
2.31415405e-06	1.405869e-08
2.31417256e-06	1.433549e-08
2.31419107e-06	1.432240e-08
2.31420959e-06	1.438470e-08
2.31422810e-06	1.436056e-08
2.31424662e-06	1.422793e-08
2.31426513e-06	1.426709e-08
2.31428364e-06	1.434554e-08
2.31430216e-06	1.441024e-08
2.31432067e-06	1.425034e-08
2.31433919e-06	1.425503e-08
2.31435770e-06	1.429246e-08
2.31437622e-06	1.418062e-08
2.31439473e-06	1.409156e-08
2.31441325e-06	1.420427e-08
2.31443176e-06	1.408194e-08
2.31445028e-06	1.423910e-08
2.31446879e-06	1.411266e-08
2.31448731e-06	1.419974e-08
2.31450582e-06	1.429031e-08
2.31452434e-06	1.409085e-08
2.31454286e-06	1.370284e-08
2.31456137e-06	1.414929e-08
2.31457989e-06	1.438706e-08
2.31459841e-06	1.437129e-08
2.31461692e-06	1.437205e-08
2.31463544e-06	1.442342e-08
2.31465396e-06	1.433799e-08
2.31467247e-06	1.359906e-08
2.31469099e-06	1.354524e-08
2.31470951e-06	1.386892e-08
2.31472803e-06	1.380808e-08
2.31474654e-06	1.358023e-08
2.31476506e-06	1.402286e-08
2.31478358e-06	1.432307e-08
2.31480210e-06	1.382462e-08
2.31482062e-06	1.380126e-08
2.31483913e-06	1.436484e-08
2.31485765e-06	1.401697e-08
2.31487617e-06	1.364230e-08
2.31489469e-06	1.422409e-08
2.31491321e-06	1.419788e-08
2.31493173e-06	1.421578e-08
2.31495025e-06	1.418692e-08
2.31496877e-06	1.364226e-08
2.31498729e-06	1.381772e-08
2.31500581e-06	1.437255e-08
2.31502433e-06	1.367037e-08
2.31504285e-06	1.437831e-08
2.31506137e-06	1.408901e-08
2.31507989e-06	1.416429e-08
2.31509841e-06	1.432477e-08
2.31511693e-06	1.409950e-08
2.31513545e-06	1.413766e-08
2.31515397e-06	1.432628e-08
2.31517250e-06	1.432690e-08
2.31519102e-06	1.439608e-08
2.31520954e-06	1.435509e-08
2.31522806e-06	1.426786e-08
2.31524658e-06	1.427752e-08
2.31526510e-06	1.437085e-08
2.31528362e-06	1.417491e-08
2.31530215e-06	1.363080e-08
2.31532067e-06	1.379036e-08
2.31533919e-06	1.422124e-08
2.31535771e-06	1.437488e-08
2.31537624e-06	1.437712e-08
2.31539476e-06	1.438697e-08
2.31541328e-06	1.428839e-08
2.31543181e-06	1.405796e-08
2.31545033e-06	1.417380e-08
2.31546885e-06	1.432073e-08
2.31548738e-06	1.427798e-08
2.31550590e-06	1.427570e-08
2.31552443e-06	1.398604e-08
2.31554295e-06	1.428300e-08
2.31556148e-06	1.430874e-08
2.31558000e-06	1.438518e-08
2.31559852e-06	1.427307e-08
2.31561705e-06	1.427384e-08
2.31563557e-06	1.437115e-08
2.31565410e-06	1.435961e-08
2.31567262e-06	1.437292e-08
2.31569115e-06	1.417473e-08
2.31570967e-06	1.412957e-08
2.31572820e-06	1.420055e-08
2.31574673e-06	1.416662e-08
2.31576525e-06	1.406811e-08
2.31578378e-06	1.406429e-08
2.31580231e-06	1.426959e-08
2.31582083e-06	1.425390e-08
2.31583936e-06	1.434048e-08
2.31585788e-06	1.401010e-08
2.31587641e-06	1.365876e-08
2.31589494e-06	1.429574e-08
2.31591347e-06	1.439790e-08
2.31593199e-06	1.440306e-08
2.31595052e-06	1.430742e-08
2.31596905e-06	1.417177e-08
2.31598758e-06	1.423616e-08
2.31600610e-06	1.410796e-08
2.31602463e-06	1.430605e-08
2.31604316e-06	1.436693e-08
2.31606169e-06	1.437705e-08
2.31608022e-06	1.431897e-08
2.31609875e-06	1.422060e-08
2.31611727e-06	1.410092e-08
2.31613580e-06	1.397414e-08
2.31615433e-06	1.395817e-08
2.31617286e-06	1.395570e-08
2.31619139e-06	1.431332e-08
2.31620992e-06	1.431569e-08
2.31622845e-06	1.415949e-08
2.31624698e-06	1.369485e-08
2.31626551e-06	1.372533e-08
2.31628404e-06	1.391022e-08
2.31630257e-06	1.403556e-08
2.31632110e-06	1.357516e-08
2.31633963e-06	1.437341e-08
2.31635816e-06	1.360762e-08
2.31637669e-06	1.425331e-08
2.31639522e-06	1.411219e-08
2.31641375e-06	1.360551e-08
2.31643229e-06	1.356246e-08
2.31645082e-06	1.407324e-08
2.31646935e-06	1.408011e-08
2.31648788e-06	1.425791e-08
2.31650641e-06	1.431364e-08
2.31652494e-06	1.433043e-08
2.31654348e-06	1.435372e-08
2.31656201e-06	1.406324e-08
2.31658054e-06	1.405529e-08
2.31659908e-06	1.419575e-08
2.31661761e-06	1.388915e-08
2.31663614e-06	1.401045e-08
2.31665467e-06	1.422637e-08
2.31667321e-06	1.423927e-08
2.31669174e-06	1.410872e-08
2.31671027e-06	1.430082e-08
2.31672881e-06	1.433417e-08
2.31674734e-06	1.434804e-08
2.31676587e-06	1.410414e-08
2.31678441e-06	1.431882e-08
2.31680294e-06	1.440321e-08
2.31682148e-06	1.421402e-08
2.31684001e-06	1.378882e-08
2.31685855e-06	1.417299e-08
2.31687708e-06	1.431145e-08
2.31689562e-06	1.430395e-08
2.31691415e-06	1.434510e-08
2.31693269e-06	1.399186e-08
2.31695122e-06	1.436338e-08
2.31696976e-06	1.439691e-08
2.31698830e-06	1.418878e-08
2.31700683e-06	1.399419e-08
2.31702537e-06	1.400703e-08
2.31704390e-06	1.369117e-08
2.31706244e-06	1.406801e-08
2.31708098e-06	1.430832e-08
2.31709951e-06	1.439738e-08
2.31711805e-06	1.436851e-08
2.31713659e-06	1.431917e-08
2.31715512e-06	1.394817e-08
2.31717366e-06	1.398574e-08
2.31719220e-06	1.431224e-08
2.31721073e-06	1.434267e-08
2.31722927e-06	1.431191e-08
2.31724781e-06	1.433587e-08
2.31726635e-06	1.434972e-08
2.31728489e-06	1.432900e-08
2.31730342e-06	1.433364e-08
2.31732196e-06	1.426948e-08
2.31734050e-06	1.426806e-08
2.31735904e-06	1.435125e-08
2.31737758e-06	1.435399e-08
2.31739612e-06	1.426854e-08
2.31741466e-06	1.425214e-08
2.31743320e-06	1.424525e-08
2.31745174e-06	1.377921e-08
2.31747028e-06	1.414912e-08
2.31748882e-06	1.403573e-08
2.31750736e-06	1.385175e-08
2.31752590e-06	1.408739e-08
2.31754444e-06	1.428809e-08
2.31756298e-06	1.437195e-08
2.31758152e-06	1.422905e-08
2.31760006e-06	1.351297e-08
2.31761860e-06	1.352532e-08
2.31763714e-06	1.421098e-08
2.31765568e-06	1.441847e-08
2.31767422e-06	1.433119e-08
2.31769276e-06	1.364977e-08
2.31771131e-06	1.434704e-08
2.31772985e-06	1.367076e-08
2.31774839e-06	1.405168e-08
2.31776693e-06	1.422348e-08
2.31778547e-06	1.375739e-08
2.31780401e-06	1.408752e-08
2.31782256e-06	1.433158e-08
2.31784110e-06	1.438659e-08
2.31785964e-06	1.439834e-08
2.31787819e-06	1.400770e-08
2.31789673e-06	1.391669e-08
2.31791527e-06	1.436565e-08
2.31793381e-06	1.434373e-08
2.31795236e-06	1.422710e-08
2.31797090e-06	1.430333e-08
2.31798945e-06	1.437100e-08
2.31800799e-06	1.392409e-08
2.31802653e-06	1.380892e-08
2.31804508e-06	1.424586e-08
2.31806362e-06	1.423796e-08
2.31808217e-06	1.418917e-08
2.31810071e-06	1.407666e-08
2.31811926e-06	1.433932e-08
2.31813780e-06	1.426353e-08
2.31815635e-06	1.383732e-08
2.31817489e-06	1.398675e-08
2.31819344e-06	1.439273e-08
2.31821198e-06	1.434727e-08
2.31823053e-06	1.420574e-08
2.31824907e-06	1.417464e-08
2.31826762e-06	1.379594e-08
2.31828617e-06	1.408036e-08
2.31830471e-06	1.433138e-08
2.31832326e-06	1.435909e-08
2.31834181e-06	1.433942e-08
2.31836035e-06	1.431556e-08
2.31837890e-06	1.421908e-08
2.31839745e-06	1.422413e-08
2.31841599e-06	1.438001e-08
2.31843454e-06	1.439716e-08
2.31845309e-06	1.424867e-08
2.31847164e-06	1.401578e-08
2.31849018e-06	1.379404e-08
2.31850873e-06	1.404218e-08
2.31852728e-06	1.422297e-08
2.31854583e-06	1.432865e-08
2.31856438e-06	1.435511e-08
2.31858292e-06	1.431714e-08
2.31860147e-06	1.424085e-08
2.31862002e-06	1.425519e-08
2.31863857e-06	1.413488e-08
2.31865712e-06	1.431760e-08
2.31867567e-06	1.428586e-08
2.31869422e-06	1.422374e-08
2.31871277e-06	1.424484e-08
2.31873132e-06	1.428669e-08
2.31874987e-06	1.429080e-08
2.31876842e-06	1.434603e-08
2.31878697e-06	1.436862e-08
2.31880552e-06	1.435809e-08
2.31882407e-06	1.429476e-08
2.31884262e-06	1.430971e-08
2.31886117e-06	1.414481e-08
2.31887972e-06	1.403804e-08
2.31889827e-06	1.414219e-08
2.31891682e-06	1.425344e-08
2.31893538e-06	1.422352e-08
2.31895393e-06	1.427105e-08
2.31897248e-06	1.432141e-08
2.31899103e-06	1.420675e-08
2.31900958e-06	1.419120e-08
2.31902813e-06	1.414944e-08
2.31904669e-06	1.423711e-08
2.31906524e-06	1.400226e-08
2.31908379e-06	1.425691e-08
2.31910234e-06	1.406403e-08
2.31912090e-06	1.417929e-08
2.31913945e-06	1.422844e-08
2.31915800e-06	1.422123e-08
2.31917656e-06	1.438329e-08
2.31919511e-06	1.440102e-08
2.31921366e-06	1.437861e-08
2.31923222e-06	1.433417e-08
2.31925077e-06	1.422889e-08
2.31926932e-06	1.427093e-08
2.31928788e-06	1.428123e-08
2.31930643e-06	1.423536e-08
2.31932499e-06	1.419477e-08
2.31934354e-06	1.413711e-08
2.31936210e-06	1.424538e-08
2.31938065e-06	1.426469e-08
2.31939921e-06	1.434000e-08
2.31941776e-06	1.434723e-08
2.31943632e-06	1.438310e-08
2.31945487e-06	1.425903e-08
2.31947343e-06	1.397366e-08
2.31949198e-06	1.411626e-08
2.31951054e-06	1.370084e-08
2.31952910e-06	1.353922e-08
2.31954765e-06	1.355041e-08
2.31956621e-06	1.355490e-08
2.31958477e-06	1.402556e-08
2.31960332e-06	1.436507e-08
2.31962188e-06	1.437196e-08
2.31964044e-06	1.435877e-08
2.31965899e-06	1.435677e-08
2.31967755e-06	1.428369e-08
2.31969611e-06	1.398040e-08
2.31971466e-06	1.407417e-08
2.31973322e-06	1.416167e-08
2.31975178e-06	1.436208e-08
2.31977034e-06	1.437287e-08
2.31978890e-06	1.435414e-08
2.31980746e-06	1.435438e-08
2.31982601e-06	1.434064e-08
2.31984457e-06	1.433815e-08
2.31986313e-06	1.432173e-08
2.31988169e-06	1.415584e-08
2.31990025e-06	1.422800e-08
2.31991881e-06	1.436745e-08
2.31993737e-06	1.438468e-08
2.31995593e-06	1.426906e-08
2.31997449e-06	1.425101e-08
2.31999305e-06	1.406644e-08
2.32001161e-06	1.371792e-08
2.32003017e-06	1.421580e-08
2.32004873e-06	1.437824e-08
2.32006729e-06	1.424231e-08
2.32008585e-06	1.414417e-08
2.32010441e-06	1.426286e-08
2.32012297e-06	1.435678e-08
2.32014153e-06	1.429155e-08
2.32016009e-06	1.434506e-08
2.32017865e-06	1.427298e-08
2.32019721e-06	1.430542e-08
2.32021577e-06	1.427862e-08
2.32023434e-06	1.429977e-08
2.32025290e-06	1.428320e-08
2.32027146e-06	1.397686e-08
2.32029002e-06	1.426798e-08
2.32030858e-06	1.436625e-08
2.32032715e-06	1.436744e-08
2.32034571e-06	1.437086e-08
2.32036427e-06	1.377785e-08
2.32038284e-06	1.366839e-08
2.32040140e-06	1.420964e-08
2.32041996e-06	1.383903e-08
2.32043853e-06	1.362859e-08
2.32045709e-06	1.428194e-08
2.32047565e-06	1.436751e-08
2.32049422e-06	1.426540e-08
2.32051278e-06	1.419801e-08
2.32053135e-06	1.405100e-08
2.32054991e-06	1.402565e-08
2.32056847e-06	1.352475e-08
2.32058704e-06	1.435139e-08
2.32060560e-06	1.350030e-08
2.32062417e-06	1.364274e-08
2.32064273e-06	1.402777e-08
2.32066130e-06	1.413034e-08
2.32067986e-06	1.414025e-08
2.32069843e-06	1.420419e-08
2.32071699e-06	1.423027e-08
2.32073556e-06	1.359995e-08
2.32075413e-06	1.374437e-08
2.32077269e-06	1.410136e-08
2.32079126e-06	1.432455e-08
2.32080982e-06	1.436086e-08
2.32082839e-06	1.437975e-08
2.32084696e-06	1.434370e-08
2.32086552e-06	1.413835e-08
2.32088409e-06	1.356388e-08
2.32090266e-06	1.376147e-08
2.32092123e-06	1.395777e-08
2.32093979e-06	1.376487e-08
2.32095836e-06	1.379077e-08
2.32097693e-06	1.423793e-08
2.32099550e-06	1.420118e-08
2.32101406e-06	1.391351e-08
2.32103263e-06	1.392217e-08
2.32105120e-06	1.371288e-08
2.32106977e-06	1.424653e-08
2.32108834e-06	1.438620e-08
2.32110691e-06	1.437637e-08
2.32112547e-06	1.424429e-08
2.32114404e-06	1.394762e-08
2.32116261e-06	1.424305e-08
2.32118118e-06	1.397336e-08
2.32119975e-06	1.359611e-08
2.32121832e-06	1.402430e-08
2.32123689e-06	1.432529e-08
2.32125546e-06	1.437290e-08
2.32127403e-06	1.425101e-08
2.32129260e-06	1.428017e-08
2.32131117e-06	1.411568e-08
2.32132974e-06	1.380749e-08
2.32134831e-06	1.392890e-08
2.32136688e-06	1.413669e-08
2.32138545e-06	1.435731e-08
2.32140403e-06	1.435212e-08
2.32142260e-06	1.434264e-08
2.32144117e-06	1.420386e-08
2.32145974e-06	1.435233e-08
2.32147831e-06	1.434655e-08
2.32149688e-06	1.405148e-08
2.32151545e-06	1.392919e-08
2.32153403e-06	1.405704e-08
2.32155260e-06	1.427726e-08
2.32157117e-06	1.436498e-08
2.32158974e-06	1.435938e-08
2.32160832e-06	1.434873e-08
2.32162689e-06	1.427206e-08
2.32164546e-06	1.380042e-08
2.32166404e-06	1.400049e-08
2.32168261e-06	1.431307e-08
2.32170118e-06	1.434858e-08
2.32171976e-06	1.433999e-08
2.32173833e-06	1.433820e-08
2.32175690e-06	1.431937e-08
2.32177548e-06	1.422181e-08
2.32179405e-06	1.410832e-08
2.32181263e-06	1.420844e-08
2.32183120e-06	1.403524e-08
2.32184978e-06	1.416383e-08
2.32186835e-06	1.422935e-08
2.32188692e-06	1.425277e-08
2.32190550e-06	1.418006e-08
2.32192408e-06	1.430866e-08
2.32194265e-06	1.384583e-08
2.32196123e-06	1.378496e-08
2.32197980e-06	1.423179e-08
2.32199838e-06	1.423052e-08
2.32201695e-06	1.421037e-08
2.32203553e-06	1.431785e-08
2.32205411e-06	1.428632e-08
2.32207268e-06	1.398508e-08
2.32209126e-06	1.429269e-08
2.32210984e-06	1.402736e-08
2.32212841e-06	1.441807e-08
2.32214699e-06	1.437913e-08
2.32216557e-06	1.418363e-08
2.32218414e-06	1.361078e-08
2.32220272e-06	1.379070e-08
2.32222130e-06	1.426195e-08
2.32223988e-06	1.415509e-08
2.32225846e-06	1.406490e-08
2.32227703e-06	1.434691e-08
2.32229561e-06	1.429700e-08
2.32231419e-06	1.405182e-08
2.32233277e-06	1.418417e-08
2.32235135e-06	1.413672e-08
2.32236993e-06	1.356943e-08
2.32238850e-06	1.367378e-08
2.32240708e-06	1.420685e-08
2.32242566e-06	1.430545e-08
2.32244424e-06	1.433885e-08
2.32246282e-06	1.398150e-08
2.32248140e-06	1.387552e-08
2.32249998e-06	1.402403e-08
2.32251856e-06	1.435253e-08
2.32253714e-06	1.415197e-08
2.32255572e-06	1.412367e-08
2.32257430e-06	1.426955e-08
2.32259288e-06	1.439493e-08
2.32261146e-06	1.436938e-08
2.32263005e-06	1.405178e-08
2.32264863e-06	1.407277e-08
2.32266721e-06	1.433321e-08
2.32268579e-06	1.428397e-08
2.32270437e-06	1.372936e-08
2.32272295e-06	1.412850e-08
2.32274153e-06	1.410973e-08
2.32276012e-06	1.419608e-08
2.32277870e-06	1.406446e-08
2.32279728e-06	1.418178e-08
2.32281586e-06	1.402964e-08
2.32283444e-06	1.371911e-08
2.32285303e-06	1.374041e-08
2.32287161e-06	1.422223e-08
2.32289019e-06	1.377991e-08
2.32290878e-06	1.371733e-08
2.32292736e-06	1.358136e-08
2.32294594e-06	1.359738e-08
2.32296453e-06	1.401049e-08
2.32298311e-06	1.409523e-08
2.32300169e-06	1.368172e-08
2.32302028e-06	1.427676e-08
2.32303886e-06	1.360981e-08
2.32305745e-06	1.438427e-08
2.32307603e-06	1.423080e-08
2.32309462e-06	1.397910e-08
2.32311320e-06	1.408900e-08
2.32313179e-06	1.380615e-08
2.32315037e-06	1.381499e-08
2.32316896e-06	1.362534e-08
2.32318754e-06	1.375482e-08
2.32320613e-06	1.403631e-08
2.32322471e-06	1.409076e-08
2.32324330e-06	1.426785e-08
2.32326188e-06	1.425941e-08
2.32328047e-06	1.418418e-08
2.32329906e-06	1.437216e-08
2.32331764e-06	1.439326e-08
2.32333623e-06	1.411572e-08
2.32335482e-06	1.375644e-08
2.32337340e-06	1.381591e-08
2.32339199e-06	1.415634e-08
2.32341058e-06	1.431829e-08
2.32342916e-06	1.395227e-08
2.32344775e-06	1.426128e-08
2.32346634e-06	1.371599e-08
2.32348493e-06	1.442222e-08
2.32350352e-06	1.442905e-08
2.32352210e-06	1.441949e-08
2.32354069e-06	1.416647e-08
2.32355928e-06	1.391974e-08
2.32357787e-06	1.423559e-08
2.32359646e-06	1.400541e-08
2.32361504e-06	1.423360e-08
2.32363363e-06	1.427532e-08
2.32365222e-06	1.397320e-08
2.32367081e-06	1.435402e-08
2.32368940e-06	1.445109e-08
2.32370799e-06	1.389183e-08
2.32372658e-06	1.424248e-08
2.32374517e-06	1.367986e-08
2.32376376e-06	1.390291e-08
2.32378235e-06	1.427637e-08
2.32380094e-06	1.400273e-08
2.32381953e-06	1.401320e-08
2.32383812e-06	1.431558e-08
2.32385671e-06	1.433098e-08
2.32387530e-06	1.432931e-08
2.32389389e-06	1.414157e-08
2.32391249e-06	1.411561e-08
2.32393108e-06	1.383487e-08
2.32394967e-06	1.361392e-08
2.32396826e-06	1.430884e-08
2.32398685e-06	1.424772e-08
2.32400544e-06	1.373746e-08
2.32402404e-06	1.350057e-08
2.32404263e-06	1.421986e-08
2.32406122e-06	1.395759e-08
2.32407981e-06	1.435762e-08
2.32409840e-06	1.423658e-08
2.32411700e-06	1.431368e-08
2.32413559e-06	1.435832e-08
2.32415418e-06	1.437351e-08
2.32417278e-06	1.434942e-08
2.32419137e-06	1.432132e-08
2.32420996e-06	1.431056e-08
2.32422856e-06	1.432908e-08
2.32424715e-06	1.436095e-08
2.32426575e-06	1.410470e-08
2.32428434e-06	1.391501e-08
2.32430293e-06	1.362679e-08
2.32432153e-06	1.434794e-08
2.32434012e-06	1.396483e-08
2.32435872e-06	1.398160e-08
2.32437731e-06	1.422996e-08
2.32439591e-06	1.371606e-08
2.32441450e-06	1.425312e-08
2.32443310e-06	1.394059e-08
2.32445169e-06	1.438151e-08
2.32447029e-06	1.419722e-08
2.32448888e-06	1.431247e-08
2.32450748e-06	1.437628e-08
2.32452608e-06	1.419557e-08
2.32454467e-06	1.409274e-08
2.32456327e-06	1.422922e-08
2.32458187e-06	1.432775e-08
2.32460046e-06	1.434585e-08
2.32461906e-06	1.433497e-08
2.32463766e-06	1.434353e-08
2.32465625e-06	1.428012e-08
2.32467485e-06	1.376970e-08
2.32469345e-06	1.363754e-08
2.32471205e-06	1.435156e-08
2.32473064e-06	1.362709e-08
2.32474924e-06	1.348243e-08
2.32476784e-06	1.413218e-08
2.32478644e-06	1.405499e-08
2.32480504e-06	1.421635e-08
2.32482363e-06	1.398995e-08
2.32484223e-06	1.381181e-08
2.32486083e-06	1.347668e-08
2.32487943e-06	1.358519e-08
2.32489803e-06	1.374529e-08
2.32491663e-06	1.410451e-08
2.32493523e-06	1.431461e-08
2.32495383e-06	1.428962e-08
2.32497243e-06	1.428146e-08
2.32499103e-06	1.389028e-08
2.32500963e-06	1.414510e-08
2.32502823e-06	1.433222e-08
2.32504683e-06	1.437036e-08
2.32506543e-06	1.437477e-08
2.32508403e-06	1.436896e-08
2.32510263e-06	1.377145e-08
2.32512123e-06	1.390109e-08
2.32513983e-06	1.405583e-08
2.32515843e-06	1.411292e-08
2.32517703e-06	1.391054e-08
2.32519563e-06	1.419274e-08
2.32521424e-06	1.404021e-08
2.32523284e-06	1.353175e-08
2.32525144e-06	1.428549e-08
2.32527004e-06	1.369601e-08
2.32528864e-06	1.433801e-08
2.32530725e-06	1.417465e-08
2.32532585e-06	1.414545e-08
2.32534445e-06	1.426592e-08
2.32536305e-06	1.435101e-08
2.32538166e-06	1.434505e-08
2.32540026e-06	1.430918e-08
2.32541886e-06	1.429575e-08
2.32543747e-06	1.425891e-08
2.32545607e-06	1.422760e-08
2.32547467e-06	1.435748e-08
2.32549328e-06	1.416968e-08
2.32551188e-06	1.406488e-08
2.32553048e-06	1.408742e-08
2.32554909e-06	1.419728e-08
2.32556769e-06	1.426773e-08
2.32558630e-06	1.361282e-08
2.32560490e-06	1.373653e-08
2.32562351e-06	1.409404e-08
2.32564211e-06	1.422885e-08
2.32566072e-06	1.384126e-08
2.32567932e-06	1.410651e-08
2.32569793e-06	1.438678e-08
2.32571654e-06	1.396009e-08
2.32573514e-06	1.429245e-08
2.32575375e-06	1.377973e-08
2.32577235e-06	1.434803e-08
2.32579096e-06	1.434152e-08
2.32580956e-06	1.438502e-08
2.32582817e-06	1.434169e-08
2.32584678e-06	1.397246e-08
2.32586538e-06	1.380580e-08
2.32588399e-06	1.370260e-08
2.32590260e-06	1.392730e-08
2.32592121e-06	1.401693e-08
2.32593981e-06	1.399230e-08
2.32595842e-06	1.360695e-08
2.32597703e-06	1.345473e-08
2.32599564e-06	1.347216e-08
2.32601424e-06	1.415869e-08
2.32603285e-06	1.425370e-08
2.32605146e-06	1.400851e-08
2.32607007e-06	1.406237e-08
2.32608868e-06	1.358475e-08
2.32610729e-06	1.350924e-08
2.32612590e-06	1.370265e-08
2.32614450e-06	1.436237e-08
2.32616311e-06	1.425971e-08
2.32618172e-06	1.409621e-08
2.32620033e-06	1.427854e-08
2.32621894e-06	1.425700e-08
2.32623755e-06	1.408056e-08
2.32625616e-06	1.418797e-08
2.32627477e-06	1.409519e-08
2.32629338e-06	1.379151e-08
2.32631199e-06	1.355633e-08
2.32633060e-06	1.378186e-08
2.32634921e-06	1.374228e-08
2.32636782e-06	1.382345e-08
2.32638643e-06	1.410418e-08
2.32640505e-06	1.410518e-08
2.32642366e-06	1.408568e-08
2.32644227e-06	1.412717e-08
2.32646088e-06	1.425983e-08
2.32647949e-06	1.422765e-08
2.32649810e-06	1.426108e-08
2.32651671e-06	1.427763e-08
2.32653533e-06	1.435521e-08
2.32655394e-06	1.429745e-08
2.32657255e-06	1.431323e-08
2.32659116e-06	1.431255e-08
2.32660978e-06	1.427325e-08
2.32662839e-06	1.418302e-08
2.32664700e-06	1.420355e-08
2.32666562e-06	1.406655e-08
2.32668423e-06	1.380650e-08
2.32670284e-06	1.399182e-08
2.32672146e-06	1.408006e-08
2.32674007e-06	1.412890e-08
2.32675869e-06	1.438406e-08
2.32677730e-06	1.440357e-08
2.32679591e-06	1.406788e-08
2.32681453e-06	1.415518e-08
2.32683314e-06	1.434437e-08
2.32685176e-06	1.357676e-08
2.32687037e-06	1.429052e-08
2.32688899e-06	1.424248e-08
2.32690760e-06	1.419624e-08
2.32692622e-06	1.427105e-08
2.32694483e-06	1.420099e-08
2.32696345e-06	1.421691e-08
2.32698206e-06	1.426929e-08
2.32700068e-06	1.420300e-08
2.32701930e-06	1.395674e-08
2.32703791e-06	1.420948e-08
2.32705653e-06	1.437991e-08
2.32707514e-06	1.422113e-08
2.32709376e-06	1.399437e-08
2.32711238e-06	1.388798e-08
2.32713099e-06	1.369366e-08
2.32714961e-06	1.388595e-08
2.32716823e-06	1.419407e-08
2.32718685e-06	1.407575e-08
2.32720546e-06	1.419806e-08
2.32722408e-06	1.421196e-08
2.32724270e-06	1.410028e-08
2.32726132e-06	1.437098e-08
2.32727993e-06	1.395367e-08
2.32729855e-06	1.373745e-08
2.32731717e-06	1.402430e-08
2.32733579e-06	1.434195e-08
2.32735441e-06	1.438830e-08
2.32737303e-06	1.427015e-08
2.32739165e-06	1.415407e-08
2.32741027e-06	1.394698e-08
2.32742888e-06	1.410269e-08
2.32744750e-06	1.419951e-08
2.32746612e-06	1.390678e-08
2.32748474e-06	1.428830e-08
2.32750336e-06	1.435128e-08
2.32752198e-06	1.426717e-08
2.32754060e-06	1.429389e-08
2.32755922e-06	1.428835e-08
2.32757784e-06	1.436729e-08
2.32759646e-06	1.415488e-08
2.32761509e-06	1.366518e-08
2.32763371e-06	1.417186e-08
2.32765233e-06	1.435077e-08
2.32767095e-06	1.429453e-08
2.32768957e-06	1.424627e-08
2.32770819e-06	1.427203e-08
2.32772681e-06	1.425727e-08
2.32774544e-06	1.430358e-08
2.32776406e-06	1.431745e-08
2.32778268e-06	1.432224e-08
2.32780130e-06	1.430742e-08
2.32781992e-06	1.427223e-08
2.32783855e-06	1.393931e-08
2.32785717e-06	1.386407e-08
2.32787579e-06	1.416064e-08
2.32789442e-06	1.420579e-08
2.32791304e-06	1.358235e-08
2.32793166e-06	1.354970e-08
2.32795028e-06	1.370930e-08
2.32796891e-06	1.368415e-08
2.32798753e-06	1.425288e-08
2.32800616e-06	1.434059e-08
2.32802478e-06	1.437137e-08
2.32804340e-06	1.436170e-08
2.32806203e-06	1.405388e-08
2.32808065e-06	1.420804e-08
2.32809928e-06	1.414004e-08
2.32811790e-06	1.404002e-08
2.32813653e-06	1.411081e-08
2.32815515e-06	1.409588e-08
2.32817378e-06	1.434986e-08
2.32819240e-06	1.427177e-08
2.32821103e-06	1.413767e-08
2.32822965e-06	1.390080e-08
2.32824828e-06	1.416891e-08
2.32826691e-06	1.431807e-08
2.32828553e-06	1.428267e-08
2.32830416e-06	1.365783e-08
2.32832279e-06	1.363328e-08
2.32834141e-06	1.425129e-08
2.32836004e-06	1.431936e-08
2.32837867e-06	1.425802e-08
2.32839729e-06	1.391785e-08
2.32841592e-06	1.369954e-08
2.32843455e-06	1.421145e-08
2.32845317e-06	1.423334e-08
2.32847180e-06	1.370511e-08
2.32849043e-06	1.424224e-08
2.32850906e-06	1.394761e-08
2.32852769e-06	1.418507e-08
2.32854631e-06	1.418341e-08
2.32856494e-06	1.433732e-08
2.32858357e-06	1.436830e-08
2.32860220e-06	1.435045e-08
2.32862083e-06	1.418423e-08
2.32863946e-06	1.368951e-08
2.32865809e-06	1.356279e-08
2.32867672e-06	1.380239e-08
2.32869535e-06	1.397337e-08
2.32871397e-06	1.374242e-08
2.32873260e-06	1.366912e-08
2.32875123e-06	1.401340e-08
2.32876987e-06	1.422729e-08
2.32878849e-06	1.410633e-08
2.32880712e-06	1.368387e-08
2.32882576e-06	1.397048e-08
2.32884439e-06	1.434796e-08
2.32886302e-06	1.434193e-08
2.32888165e-06	1.419567e-08
2.32890028e-06	1.417957e-08
2.32891891e-06	1.408367e-08
2.32893754e-06	1.380842e-08
2.32895617e-06	1.390526e-08
2.32897481e-06	1.419398e-08
2.32899344e-06	1.392408e-08
2.32901207e-06	1.404281e-08
2.32903070e-06	1.428687e-08
2.32904933e-06	1.425352e-08
2.32906797e-06	1.406654e-08
2.32908660e-06	1.348926e-08
2.32910523e-06	1.382156e-08
2.32912386e-06	1.439135e-08
2.32914250e-06	1.433549e-08
2.32916113e-06	1.429552e-08
2.32917976e-06	1.419331e-08
2.32919840e-06	1.377604e-08
2.32921703e-06	1.385006e-08
2.32923566e-06	1.430891e-08
2.32925430e-06	1.434448e-08
2.32927293e-06	1.415222e-08
2.32929157e-06	1.427369e-08
2.32931020e-06	1.435028e-08
2.32932883e-06	1.435090e-08
2.32934747e-06	1.419825e-08
2.32936610e-06	1.379341e-08
2.32938474e-06	1.367491e-08
2.32940337e-06	1.408401e-08
2.32942201e-06	1.383712e-08
2.32944065e-06	1.417872e-08
2.32945928e-06	1.393037e-08
2.32947792e-06	1.351513e-08
2.32949655e-06	1.387128e-08
2.32951519e-06	1.429983e-08
2.32953382e-06	1.384635e-08
2.32955246e-06	1.417111e-08
2.32957110e-06	1.432376e-08
2.32958973e-06	1.433785e-08
2.32960837e-06	1.435428e-08
2.32962701e-06	1.431321e-08
2.32964564e-06	1.424278e-08
2.32966428e-06	1.429080e-08
2.32968292e-06	1.429701e-08
2.32970156e-06	1.426948e-08
2.32972019e-06	1.426606e-08
2.32973883e-06	1.433470e-08
2.32975747e-06	1.427907e-08
2.32977611e-06	1.430201e-08
2.32979475e-06	1.377882e-08
2.32981338e-06	1.385871e-08
2.32983202e-06	1.435370e-08
2.32985066e-06	1.430069e-08
2.32986930e-06	1.416729e-08
2.32988794e-06	1.425027e-08
2.32990658e-06	1.428606e-08
2.32992522e-06	1.415630e-08
2.32994386e-06	1.416792e-08
2.32996250e-06	1.416833e-08
2.32998113e-06	1.425954e-08
2.32999977e-06	1.429900e-08
2.33001842e-06	1.380726e-08
2.33003706e-06	1.373847e-08
2.33005570e-06	1.427017e-08
2.33007434e-06	1.428913e-08
2.33009298e-06	1.393504e-08
2.33011162e-06	1.385177e-08
2.33013026e-06	1.407083e-08
2.33014890e-06	1.409006e-08
2.33016754e-06	1.383312e-08
2.33018618e-06	1.426920e-08
2.33020482e-06	1.350544e-08
2.33022347e-06	1.412881e-08
2.33024211e-06	1.415658e-08
2.33026075e-06	1.355241e-08
2.33027939e-06	1.432137e-08
2.33029803e-06	1.359147e-08
2.33031667e-06	1.432259e-08
2.33033532e-06	1.433701e-08
2.33035396e-06	1.432760e-08
2.33037260e-06	1.427618e-08
2.33039125e-06	1.360333e-08
2.33040989e-06	1.382473e-08
2.33042853e-06	1.434928e-08
2.33044718e-06	1.373884e-08
2.33046582e-06	1.344044e-08
2.33048446e-06	1.389242e-08
2.33050311e-06	1.412103e-08
2.33052175e-06	1.352841e-08
2.33054040e-06	1.372710e-08
2.33055904e-06	1.429025e-08
2.33057768e-06	1.406663e-08
2.33059633e-06	1.372307e-08
2.33061497e-06	1.389351e-08
2.33063362e-06	1.379955e-08
2.33065226e-06	1.349705e-08
2.33067091e-06	1.343396e-08
2.33068955e-06	1.364718e-08
2.33070820e-06	1.381132e-08
2.33072685e-06	1.392213e-08
2.33074549e-06	1.364156e-08
2.33076414e-06	1.396075e-08
2.33078278e-06	1.412667e-08
2.33080143e-06	1.399359e-08
2.33082008e-06	1.410023e-08
2.33083872e-06	1.421526e-08
2.33085737e-06	1.427172e-08
2.33087602e-06	1.419212e-08
2.33089466e-06	1.409289e-08
2.33091331e-06	1.426320e-08
2.33093196e-06	1.419537e-08
2.33095061e-06	1.404463e-08
2.33096925e-06	1.418574e-08
2.33098790e-06	1.360745e-08
2.33100655e-06	1.369518e-08
2.33102520e-06	1.372219e-08
2.33104384e-06	1.405222e-08
2.33106249e-06	1.436595e-08
2.33108114e-06	1.386209e-08
2.33109979e-06	1.428643e-08
2.33111844e-06	1.376723e-08
2.33113709e-06	1.416927e-08
2.33115574e-06	1.380090e-08
2.33117439e-06	1.412136e-08
2.33119304e-06	1.409968e-08
2.33121169e-06	1.372095e-08
2.33123033e-06	1.393407e-08
2.33124898e-06	1.406558e-08
2.33126763e-06	1.400688e-08
2.33128629e-06	1.431051e-08
2.33130493e-06	1.418676e-08
2.33132359e-06	1.406025e-08
2.33134224e-06	1.432149e-08
2.33136089e-06	1.422115e-08
2.33137954e-06	1.354902e-08
2.33139819e-06	1.382229e-08
2.33141684e-06	1.414827e-08
2.33143549e-06	1.409278e-08
2.33145414e-06	1.416026e-08
2.33147280e-06	1.428748e-08
2.33149145e-06	1.423409e-08
2.33151010e-06	1.427211e-08
2.33152875e-06	1.412598e-08
2.33154740e-06	1.369950e-08
2.33156606e-06	1.405315e-08
2.33158471e-06	1.392939e-08
2.33160336e-06	1.345383e-08
2.33162201e-06	1.374794e-08
2.33164067e-06	1.404861e-08
2.33165932e-06	1.401448e-08
2.33167797e-06	1.432458e-08
2.33169663e-06	1.427910e-08
2.33171528e-06	1.395649e-08
2.33173393e-06	1.375776e-08
2.33175259e-06	1.425444e-08
2.33177124e-06	1.408610e-08
2.33178990e-06	1.371544e-08
2.33180855e-06	1.418540e-08
2.33182720e-06	1.427323e-08
2.33184586e-06	1.429961e-08
2.33186451e-06	1.362085e-08
2.33188317e-06	1.379673e-08
2.33190182e-06	1.370098e-08
2.33192048e-06	1.385176e-08
2.33193913e-06	1.432002e-08
2.33195779e-06	1.425187e-08
2.33197644e-06	1.355929e-08
2.33199510e-06	1.398005e-08
2.33201376e-06	1.413049e-08
2.33203241e-06	1.434918e-08
2.33205107e-06	1.434021e-08
2.33206973e-06	1.429963e-08
2.33208838e-06	1.430525e-08
2.33210704e-06	1.390045e-08
2.33212570e-06	1.419188e-08
2.33214435e-06	1.433243e-08
2.33216301e-06	1.426357e-08
2.33218167e-06	1.426760e-08
2.33220033e-06	1.432166e-08
2.33221898e-06	1.393813e-08
2.33223764e-06	1.383702e-08
2.33225630e-06	1.380625e-08
2.33227496e-06	1.414484e-08
2.33229361e-06	1.431007e-08
2.33231227e-06	1.432685e-08
2.33233093e-06	1.428093e-08
2.33234959e-06	1.428795e-08
2.33236825e-06	1.430120e-08
2.33238691e-06	1.416542e-08
2.33240557e-06	1.419975e-08
2.33242423e-06	1.429502e-08
2.33244288e-06	1.428322e-08
2.33246154e-06	1.416689e-08
2.33248020e-06	1.412006e-08
2.33249886e-06	1.418699e-08
2.33251752e-06	1.428047e-08
2.33253618e-06	1.430952e-08
2.33255485e-06	1.391801e-08
2.33257350e-06	1.382327e-08
2.33259217e-06	1.414035e-08
2.33261083e-06	1.419730e-08
2.33262949e-06	1.430792e-08
2.33264815e-06	1.429977e-08
2.33266681e-06	1.425922e-08
2.33268547e-06	1.432780e-08
2.33270413e-06	1.432335e-08
2.33272279e-06	1.423958e-08
2.33274146e-06	1.411291e-08
2.33276012e-06	1.415582e-08
2.33277878e-06	1.357319e-08
2.33279744e-06	1.377321e-08
2.33281610e-06	1.390513e-08
2.33283477e-06	1.416259e-08
2.33285343e-06	1.424412e-08
2.33287209e-06	1.391134e-08
2.33289075e-06	1.368604e-08
2.33290942e-06	1.354658e-08
2.33292808e-06	1.421082e-08
2.33294675e-06	1.429380e-08
2.33296541e-06	1.427424e-08
2.33298407e-06	1.415066e-08
2.33300274e-06	1.423445e-08
2.33302140e-06	1.430961e-08
2.33304006e-06	1.425236e-08
2.33305873e-06	1.424440e-08
2.33307739e-06	1.426908e-08
2.33309606e-06	1.422490e-08
2.33311472e-06	1.403671e-08
2.33313339e-06	1.411480e-08
2.33315205e-06	1.376005e-08
2.33317072e-06	1.376197e-08
2.33318938e-06	1.424509e-08
2.33320805e-06	1.429009e-08
2.33322671e-06	1.380234e-08
2.33324538e-06	1.367810e-08
2.33326405e-06	1.406544e-08
2.33328271e-06	1.380687e-08
2.33330138e-06	1.421167e-08
2.33332004e-06	1.428469e-08
2.33333871e-06	1.427380e-08
2.33335738e-06	1.410426e-08
2.33337604e-06	1.395875e-08
2.33339471e-06	1.410543e-08
2.33341338e-06	1.413318e-08
2.33343205e-06	1.430462e-08
2.33345071e-06	1.430304e-08
2.33346938e-06	1.431374e-08
2.33348805e-06	1.427229e-08
2.33350672e-06	1.403927e-08
2.33352538e-06	1.378298e-08
2.33354405e-06	1.395568e-08
2.33356272e-06	1.387008e-08
2.33358139e-06	1.372990e-08
2.33360006e-06	1.421822e-08
2.33361873e-06	1.429284e-08
2.33363740e-06	1.410160e-08
2.33365607e-06	1.414656e-08
2.33367473e-06	1.430221e-08
2.33369340e-06	1.383724e-08
2.33371207e-06	1.414172e-08
2.33373074e-06	1.387549e-08
2.33374941e-06	1.358951e-08
2.33376808e-06	1.397219e-08
2.33378675e-06	1.429740e-08
2.33380542e-06	1.379455e-08
2.33382410e-06	1.438982e-08
2.33384277e-06	1.420133e-08
2.33386144e-06	1.425641e-08
2.33388011e-06	1.433818e-08
2.33389878e-06	1.428647e-08
2.33391745e-06	1.428113e-08
2.33393612e-06	1.419570e-08
2.33395479e-06	1.401465e-08
2.33397346e-06	1.425029e-08
2.33399213e-06	1.432232e-08
2.33401081e-06	1.431453e-08
2.33402948e-06	1.425213e-08
2.33404815e-06	1.416499e-08
2.33406682e-06	1.427715e-08
2.33408550e-06	1.430483e-08
2.33410417e-06	1.432279e-08
2.33412284e-06	1.428832e-08
2.33414152e-06	1.375984e-08
2.33416019e-06	1.353995e-08
2.33417886e-06	1.369003e-08
2.33419754e-06	1.352595e-08
2.33421621e-06	1.347102e-08
2.33423488e-06	1.401154e-08
2.33425356e-06	1.425887e-08
2.33427223e-06	1.414715e-08
2.33429090e-06	1.357633e-08
2.33430958e-06	1.341475e-08
2.33432825e-06	1.359746e-08
2.33434693e-06	1.384920e-08
2.33436560e-06	1.397771e-08
2.33438428e-06	1.420658e-08
2.33440295e-06	1.431534e-08
2.33442163e-06	1.402485e-08
2.33444030e-06	1.360029e-08
2.33445898e-06	1.387198e-08
2.33447765e-06	1.405118e-08
2.33449633e-06	1.408378e-08
2.33451501e-06	1.395591e-08
2.33453368e-06	1.420342e-08
2.33455236e-06	1.422340e-08
2.33457104e-06	1.381033e-08
2.33458971e-06	1.417417e-08
2.33460839e-06	1.435410e-08
2.33462706e-06	1.397361e-08
2.33464574e-06	1.383169e-08
2.33466442e-06	1.419179e-08
2.33468310e-06	1.438046e-08
2.33470177e-06	1.432875e-08
2.33472045e-06	1.425903e-08
2.33473913e-06	1.351655e-08
2.33475781e-06	1.430497e-08
2.33477648e-06	1.363185e-08
2.33479516e-06	1.369103e-08
2.33481384e-06	1.395647e-08
2.33483252e-06	1.386109e-08
2.33485120e-06	1.370967e-08
2.33486988e-06	1.375604e-08
2.33488856e-06	1.408424e-08
2.33490724e-06	1.432521e-08
2.33492591e-06	1.431673e-08
2.33494460e-06	1.430578e-08
2.33496327e-06	1.427395e-08
2.33498195e-06	1.396218e-08
2.33500063e-06	1.398060e-08
2.33501931e-06	1.432520e-08
2.33503799e-06	1.432577e-08
2.33505667e-06	1.432782e-08
2.33507535e-06	1.433891e-08
2.33509404e-06	1.415303e-08
2.33511272e-06	1.368709e-08
2.33513140e-06	1.386530e-08
2.33515008e-06	1.430948e-08
2.33516876e-06	1.411072e-08
2.33518744e-06	1.358530e-08
2.33520612e-06	1.375774e-08
2.33522480e-06	1.413186e-08
2.33524348e-06	1.392244e-08
2.33526217e-06	1.385537e-08
2.33528085e-06	1.412768e-08
2.33529953e-06	1.419206e-08
2.33531821e-06	1.402928e-08
2.33533690e-06	1.396443e-08
2.33535558e-06	1.401244e-08
2.33537426e-06	1.353660e-08
2.33539294e-06	1.348438e-08
2.33541163e-06	1.406990e-08
2.33543031e-06	1.407144e-08
2.33544900e-06	1.383856e-08
2.33546768e-06	1.346107e-08
2.33548636e-06	1.364596e-08
2.33550505e-06	1.359512e-08
2.33552373e-06	1.369884e-08
2.33554242e-06	1.415962e-08
2.33556110e-06	1.350863e-08
2.33557978e-06	1.419108e-08
2.33559847e-06	1.422182e-08
2.33561715e-06	1.419366e-08
2.33563584e-06	1.422854e-08
2.33565452e-06	1.399848e-08
2.33567321e-06	1.373325e-08
2.33569189e-06	1.401830e-08
2.33571058e-06	1.391652e-08
2.33572927e-06	1.399098e-08
2.33574795e-06	1.402624e-08
2.33576664e-06	1.402998e-08
2.33578532e-06	1.428436e-08
2.33580401e-06	1.359277e-08
2.33582269e-06	1.415521e-08
2.33584138e-06	1.430706e-08
2.33586007e-06	1.433014e-08
2.33587876e-06	1.422947e-08
2.33589744e-06	1.397251e-08
2.33591613e-06	1.411900e-08
2.33593482e-06	1.429772e-08
2.33595350e-06	1.423381e-08
2.33597219e-06	1.367347e-08
2.33599088e-06	1.382362e-08
2.33600957e-06	1.412400e-08
2.33602826e-06	1.415712e-08
2.33604694e-06	1.422614e-08
2.33606563e-06	1.428703e-08
2.33608432e-06	1.431259e-08
2.33610301e-06	1.431399e-08
2.33612170e-06	1.432334e-08
2.33614039e-06	1.430276e-08
2.33615908e-06	1.424473e-08
2.33617777e-06	1.427380e-08
2.33619646e-06	1.413820e-08
2.33621514e-06	1.414678e-08
2.33623383e-06	1.430277e-08
2.33625253e-06	1.417639e-08
2.33627121e-06	1.418251e-08
2.33628990e-06	1.419239e-08
2.33630860e-06	1.424881e-08
2.33632729e-06	1.374104e-08
2.33634598e-06	1.347768e-08
2.33636467e-06	1.359388e-08
2.33638336e-06	1.421691e-08
2.33640205e-06	1.402560e-08
2.33642074e-06	1.399006e-08
2.33643943e-06	1.427805e-08
2.33645812e-06	1.409020e-08
2.33647681e-06	1.425711e-08
2.33649551e-06	1.425435e-08
2.33651420e-06	1.423896e-08
2.33653289e-06	1.431656e-08
2.33655158e-06	1.426921e-08
2.33657028e-06	1.416791e-08
2.33658897e-06	1.427847e-08
2.33660766e-06	1.419768e-08
2.33662635e-06	1.416768e-08
2.33664505e-06	1.422724e-08
2.33666374e-06	1.430040e-08
2.33668243e-06	1.426048e-08
2.33670113e-06	1.345410e-08
2.33671982e-06	1.341138e-08
2.33673851e-06	1.367682e-08
2.33675721e-06	1.390666e-08
2.33677590e-06	1.421715e-08
2.33679460e-06	1.431579e-08
2.33681329e-06	1.390569e-08
2.33683198e-06	1.426994e-08
2.33685068e-06	1.397657e-08
2.33686937e-06	1.366202e-08
2.33688807e-06	1.365149e-08
2.33690676e-06	1.366948e-08
2.33692546e-06	1.405079e-08
2.33694415e-06	1.406268e-08
2.33696285e-06	1.397527e-08
2.33698155e-06	1.341485e-08
2.33700024e-06	1.345697e-08
2.33701894e-06	1.387938e-08
2.33703763e-06	1.411752e-08
2.33705633e-06	1.414457e-08
2.33707503e-06	1.423929e-08
2.33709372e-06	1.424964e-08
2.33711242e-06	1.419750e-08
2.33713112e-06	1.425010e-08
2.33714981e-06	1.413288e-08
2.33716851e-06	1.420298e-08
2.33718721e-06	1.432071e-08
2.33720591e-06	1.417100e-08
2.33722460e-06	1.403217e-08
2.33724330e-06	1.416727e-08
2.33726200e-06	1.414504e-08
2.33728070e-06	1.359799e-08
2.33729940e-06	1.363561e-08
2.33731809e-06	1.426601e-08
2.33733679e-06	1.430734e-08
2.33735549e-06	1.432381e-08
2.33737419e-06	1.434611e-08
2.33739289e-06	1.386876e-08
2.33741159e-06	1.411111e-08
2.33743029e-06	1.357991e-08
2.33744899e-06	1.414087e-08
2.33746769e-06	1.420554e-08
2.33748639e-06	1.387700e-08
2.33750509e-06	1.396045e-08
2.33752379e-06	1.408314e-08
2.33754249e-06	1.421651e-08
2.33756119e-06	1.425916e-08
2.33757989e-06	1.427938e-08
2.33759859e-06	1.428431e-08
2.33761729e-06	1.427332e-08
2.33763599e-06	1.404917e-08
2.33765469e-06	1.421107e-08
2.33767339e-06	1.416065e-08
2.33769209e-06	1.419107e-08
2.33771079e-06	1.415125e-08
2.33772950e-06	1.370822e-08
2.33774820e-06	1.342148e-08
2.33776690e-06	1.376973e-08
2.33778560e-06	1.430857e-08
2.33780431e-06	1.428128e-08
2.33782301e-06	1.429091e-08
2.33784171e-06	1.416188e-08
2.33786041e-06	1.415963e-08
2.33787912e-06	1.433947e-08
2.33789782e-06	1.430479e-08
2.33791652e-06	1.367825e-08
2.33793523e-06	1.426784e-08
2.33795393e-06	1.386888e-08
2.33797263e-06	1.403440e-08
2.33799134e-06	1.425989e-08
2.33801004e-06	1.430402e-08
2.33802874e-06	1.386649e-08
2.33804745e-06	1.353047e-08
2.33806615e-06	1.408306e-08
2.33808486e-06	1.406906e-08
2.33810356e-06	1.423425e-08
2.33812227e-06	1.410759e-08
2.33814097e-06	1.425575e-08
2.33815968e-06	1.427898e-08
2.33817838e-06	1.402537e-08
2.33819709e-06	1.385418e-08
2.33821579e-06	1.415044e-08
2.33823450e-06	1.394429e-08
2.33825321e-06	1.421335e-08
2.33827191e-06	1.417501e-08
2.33829062e-06	1.415103e-08
2.33830932e-06	1.413636e-08
2.33832803e-06	1.348162e-08
2.33834674e-06	1.348997e-08
2.33836544e-06	1.427389e-08
2.33838415e-06	1.419654e-08
2.33840286e-06	1.434629e-08
2.33842156e-06	1.432302e-08
2.33844027e-06	1.407181e-08
2.33845898e-06	1.378207e-08
2.33847769e-06	1.396258e-08
2.33849639e-06	1.392196e-08
2.33851510e-06	1.354378e-08
2.33853381e-06	1.349314e-08
2.33855252e-06	1.388099e-08
2.33857123e-06	1.337427e-08
2.33858994e-06	1.346102e-08
2.33860864e-06	1.370387e-08
2.33862735e-06	1.413309e-08
2.33864606e-06	1.417250e-08
2.33866477e-06	1.413103e-08
2.33868348e-06	1.387273e-08
2.33870219e-06	1.394288e-08
2.33872090e-06	1.357482e-08
2.33873961e-06	1.346165e-08
2.33875832e-06	1.392647e-08
2.33877703e-06	1.405803e-08
2.33879574e-06	1.422724e-08
2.33881445e-06	1.429243e-08
2.33883316e-06	1.436701e-08
2.33885187e-06	1.438187e-08
2.33887058e-06	1.430079e-08
2.33888929e-06	1.421222e-08
2.33890800e-06	1.412514e-08
2.33892672e-06	1.404356e-08
2.33894543e-06	1.351505e-08
2.33896414e-06	1.346074e-08
2.33898285e-06	1.411254e-08
2.33900156e-06	1.423347e-08
2.33902027e-06	1.419383e-08
2.33903899e-06	1.424310e-08
2.33905770e-06	1.373890e-08
2.33907641e-06	1.427075e-08
2.33909512e-06	1.398757e-08
2.33911384e-06	1.393003e-08
2.33913255e-06	1.419891e-08
2.33915126e-06	1.401147e-08
2.33916998e-06	1.406049e-08
2.33918869e-06	1.391854e-08
2.33920740e-06	1.401977e-08
2.33922612e-06	1.366433e-08
2.33924483e-06	1.418744e-08
2.33926354e-06	1.435620e-08
2.33928226e-06	1.416322e-08
2.33930097e-06	1.351933e-08
2.33931969e-06	1.400687e-08
2.33933840e-06	1.344920e-08
2.33935712e-06	1.426336e-08
2.33937583e-06	1.431895e-08
2.33939455e-06	1.427787e-08
2.33941326e-06	1.426978e-08
2.33943198e-06	1.429077e-08
2.33945069e-06	1.414433e-08
2.33946941e-06	1.356900e-08
2.33948812e-06	1.371639e-08
2.33950684e-06	1.421589e-08
2.33952556e-06	1.426786e-08
2.33954427e-06	1.427807e-08
2.33956299e-06	1.420662e-08
2.33958171e-06	1.420641e-08
2.33960042e-06	1.379131e-08
2.33961914e-06	1.350187e-08
2.33963785e-06	1.396214e-08
2.33965657e-06	1.384046e-08
2.33967529e-06	1.380303e-08
2.33969401e-06	1.429332e-08
2.33971272e-06	1.425832e-08
2.33973144e-06	1.413704e-08
2.33975016e-06	1.385003e-08
2.33976888e-06	1.412137e-08
2.33978760e-06	1.419150e-08
2.33980631e-06	1.421914e-08
2.33982503e-06	1.429570e-08
2.33984375e-06	1.428135e-08
2.33986247e-06	1.381601e-08
2.33988119e-06	1.354029e-08
2.33989991e-06	1.369566e-08
2.33991863e-06	1.417920e-08
2.33993735e-06	1.430084e-08
2.33995607e-06	1.411866e-08
2.33997479e-06	1.427547e-08
2.33999351e-06	1.432182e-08
2.34001223e-06	1.399634e-08
2.34003095e-06	1.360703e-08
2.34004967e-06	1.383409e-08
2.34006839e-06	1.370443e-08
2.34008711e-06	1.388212e-08
2.34010583e-06	1.420748e-08
2.34012455e-06	1.382180e-08
2.34014327e-06	1.409296e-08
2.34016199e-06	1.416067e-08
2.34018071e-06	1.387231e-08
2.34019943e-06	1.398647e-08
2.34021815e-06	1.431682e-08
2.34023688e-06	1.418267e-08
2.34025560e-06	1.410478e-08
2.34027432e-06	1.423342e-08
2.34029304e-06	1.342419e-08
2.34031177e-06	1.403627e-08
2.34033049e-06	1.422345e-08
2.34034921e-06	1.376805e-08
2.34036793e-06	1.357651e-08
2.34038666e-06	1.344302e-08
2.34040538e-06	1.341268e-08
2.34042410e-06	1.357526e-08
2.34044283e-06	1.364109e-08
2.34046155e-06	1.366164e-08
2.34048027e-06	1.431510e-08
2.34049900e-06	1.428167e-08
2.34051772e-06	1.365417e-08
2.34053644e-06	1.372376e-08
2.34055517e-06	1.408116e-08
2.34057389e-06	1.390562e-08
2.34059262e-06	1.412949e-08
2.34061134e-06	1.363116e-08
2.34063007e-06	1.343295e-08
2.34064879e-06	1.401829e-08
2.34066752e-06	1.395998e-08
2.34068624e-06	1.414057e-08
2.34070497e-06	1.428933e-08
2.34072369e-06	1.427387e-08
2.34074242e-06	1.425204e-08
2.34076115e-06	1.427705e-08
2.34077987e-06	1.419342e-08
2.34079860e-06	1.424007e-08
2.34081733e-06	1.421137e-08
2.34083605e-06	1.409898e-08
2.34085478e-06	1.421596e-08
2.34087350e-06	1.415964e-08
2.34089223e-06	1.414545e-08
2.34091096e-06	1.422427e-08
2.34092969e-06	1.421317e-08
2.34094841e-06	1.429507e-08
2.34096714e-06	1.425108e-08
2.34098587e-06	1.416333e-08
2.34100460e-06	1.420872e-08
2.34102333e-06	1.425464e-08
2.34104205e-06	1.420544e-08
2.34106078e-06	1.345405e-08
2.34107951e-06	1.344056e-08
2.34109824e-06	1.359545e-08
2.34111697e-06	1.401805e-08
2.34113570e-06	1.388810e-08
2.34115443e-06	1.362905e-08
2.34117315e-06	1.396950e-08
2.34119188e-06	1.419324e-08
2.34121061e-06	1.430384e-08
2.34122934e-06	1.428008e-08
2.34124807e-06	1.420544e-08
2.34126680e-06	1.359532e-08
2.34128553e-06	1.355484e-08
2.34130426e-06	1.437171e-08
2.34132299e-06	1.432610e-08
2.34134172e-06	1.402143e-08
2.34136045e-06	1.363542e-08
2.34137919e-06	1.417271e-08
2.34139792e-06	1.427296e-08
2.34141665e-06	1.408347e-08
2.34143538e-06	1.397371e-08
2.34145411e-06	1.358243e-08
2.34147284e-06	1.346461e-08
2.34149158e-06	1.428264e-08
2.34151031e-06	1.349181e-08
2.34152904e-06	1.406404e-08
2.34154777e-06	1.381020e-08
2.34156650e-06	1.385366e-08
2.34158524e-06	1.399258e-08
2.34160397e-06	1.431142e-08
2.34162270e-06	1.429530e-08
2.34164143e-06	1.430149e-08
2.34166017e-06	1.432768e-08
2.34167890e-06	1.403873e-08
2.34169763e-06	1.339821e-08
2.34171637e-06	1.341220e-08
2.34173510e-06	1.366214e-08
2.34175384e-06	1.390164e-08
2.34177257e-06	1.430786e-08
2.34179130e-06	1.423461e-08
2.34181004e-06	1.427079e-08
2.34182877e-06	1.427481e-08
2.34184751e-06	1.413286e-08
2.34186624e-06	1.376024e-08
2.34188498e-06	1.356349e-08
2.34190371e-06	1.410203e-08
2.34192245e-06	1.411669e-08
2.34194118e-06	1.388122e-08
2.34195992e-06	1.391460e-08
2.34197865e-06	1.406334e-08
2.34199739e-06	1.420487e-08
2.34201613e-06	1.426592e-08
2.34203486e-06	1.385989e-08
2.34205360e-06	1.350782e-08
2.34207233e-06	1.369394e-08
2.34209107e-06	1.382045e-08
2.34210981e-06	1.423504e-08
2.34212855e-06	1.430086e-08
2.34214728e-06	1.425499e-08
2.34216602e-06	1.377221e-08
2.34218476e-06	1.386481e-08
2.34220349e-06	1.422203e-08
2.34222223e-06	1.428195e-08
2.34224097e-06	1.425606e-08
2.34225971e-06	1.424489e-08
2.34227844e-06	1.421230e-08
2.34229718e-06	1.413767e-08
2.34231592e-06	1.419012e-08
2.34233466e-06	1.422578e-08
2.34235340e-06	1.426055e-08
2.34237214e-06	1.421493e-08
2.34239088e-06	1.416399e-08
2.34240962e-06	1.418948e-08
2.34242835e-06	1.420723e-08
2.34244709e-06	1.403906e-08
2.34246583e-06	1.415988e-08
2.34248457e-06	1.424250e-08
2.34250331e-06	1.427409e-08
2.34252205e-06	1.429669e-08
2.34254079e-06	1.416092e-08
2.34255953e-06	1.375743e-08
2.34257827e-06	1.369278e-08
2.34259702e-06	1.369921e-08
2.34261576e-06	1.400415e-08
2.34263450e-06	1.428399e-08
2.34265324e-06	1.430138e-08
2.34267198e-06	1.424415e-08
2.34269072e-06	1.408190e-08
2.34270946e-06	1.435139e-08
2.34272820e-06	1.417335e-08
2.34274695e-06	1.399348e-08
2.34276569e-06	1.423563e-08
2.34278443e-06	1.375045e-08
2.34280317e-06	1.425993e-08
2.34282191e-06	1.427419e-08
2.34284066e-06	1.394091e-08
2.34285940e-06	1.390724e-08
2.34287814e-06	1.392142e-08
2.34289689e-06	1.402300e-08
2.34291563e-06	1.418918e-08
2.34293437e-06	1.426004e-08
2.34295312e-06	1.425726e-08
2.34297186e-06	1.418066e-08
2.34299060e-06	1.399357e-08
2.34300935e-06	1.418862e-08
2.34302809e-06	1.427731e-08
2.34304684e-06	1.418895e-08
2.34306558e-06	1.369671e-08
2.34308432e-06	1.417918e-08
2.34310307e-06	1.426078e-08
2.34312181e-06	1.423793e-08
2.34314056e-06	1.424646e-08
2.34315930e-06	1.400274e-08
2.34317805e-06	1.415167e-08
2.34319679e-06	1.427384e-08
2.34321554e-06	1.413596e-08
2.34323429e-06	1.375527e-08
2.34325303e-06	1.376097e-08
2.34327178e-06	1.373715e-08
2.34329052e-06	1.394118e-08
2.34330927e-06	1.407455e-08
2.34332802e-06	1.427135e-08
2.34334676e-06	1.428255e-08
2.34336551e-06	1.429474e-08
2.34338426e-06	1.410509e-08
2.34340300e-06	1.421851e-08
2.34342175e-06	1.411207e-08
2.34344050e-06	1.401403e-08
2.34345925e-06	1.403533e-08
2.34347799e-06	1.346361e-08
2.34349674e-06	1.339489e-08
2.34351549e-06	1.398626e-08
2.34353424e-06	1.419924e-08
2.34355299e-06	1.408059e-08
2.34357173e-06	1.415480e-08
2.34359048e-06	1.389955e-08
2.34360923e-06	1.342057e-08
2.34362798e-06	1.345231e-08
2.34364673e-06	1.405342e-08
2.34366548e-06	1.384113e-08
2.34368423e-06	1.351098e-08
2.34370298e-06	1.343313e-08
2.34372173e-06	1.365133e-08
2.34374048e-06	1.427902e-08
2.34375923e-06	1.414997e-08
2.34377798e-06	1.422681e-08
2.34379673e-06	1.431065e-08
2.34381548e-06	1.352839e-08
2.34383423e-06	1.339074e-08
2.34385298e-06	1.376300e-08
2.34387173e-06	1.397453e-08
2.34389048e-06	1.424919e-08
2.34390923e-06	1.411050e-08
2.34392798e-06	1.407773e-08
2.34394673e-06	1.430254e-08
2.34396549e-06	1.427157e-08
2.34398424e-06	1.405698e-08
2.34400299e-06	1.420391e-08
2.34402174e-06	1.408924e-08
2.34404049e-06	1.365846e-08
2.34405925e-06	1.419143e-08
2.34407800e-06	1.405422e-08
2.34409675e-06	1.408423e-08
2.34411550e-06	1.421699e-08
2.34413426e-06	1.406954e-08
2.34415301e-06	1.418523e-08
2.34417176e-06	1.426937e-08
2.34419052e-06	1.424986e-08
2.34420927e-06	1.418676e-08
2.34422802e-06	1.421721e-08
2.34424678e-06	1.423292e-08
2.34426553e-06	1.427207e-08
2.34428429e-06	1.407114e-08
2.34430304e-06	1.405862e-08
2.34432179e-06	1.389591e-08
2.34434055e-06	1.397604e-08
2.34435930e-06	1.419489e-08
2.34437806e-06	1.407976e-08
2.34439681e-06	1.398641e-08
2.34441557e-06	1.403738e-08
2.34443432e-06	1.379385e-08
2.34445308e-06	1.340314e-08
2.34447183e-06	1.337523e-08
2.34449059e-06	1.377535e-08
2.34450935e-06	1.358463e-08
2.34452810e-06	1.375938e-08
2.34454686e-06	1.411584e-08
2.34456562e-06	1.402299e-08
2.34458437e-06	1.392030e-08
2.34460313e-06	1.419914e-08
2.34462189e-06	1.428403e-08
2.34464064e-06	1.421590e-08
2.34465940e-06	1.417343e-08
2.34467816e-06	1.393818e-08
2.34469691e-06	1.342831e-08
2.34471567e-06	1.343452e-08
2.34473443e-06	1.407753e-08
2.34475319e-06	1.411807e-08
2.34477195e-06	1.376085e-08
2.34479070e-06	1.348988e-08
2.34480946e-06	1.369896e-08
2.34482822e-06	1.389598e-08
2.34484698e-06	1.423777e-08
2.34486574e-06	1.417893e-08
2.34488450e-06	1.355125e-08
2.34490326e-06	1.363416e-08
2.34492202e-06	1.395904e-08
2.34494077e-06	1.403798e-08
2.34495953e-06	1.358514e-08
2.34497829e-06	1.394430e-08
2.34499705e-06	1.420871e-08
2.34501581e-06	1.404245e-08
2.34503457e-06	1.350541e-08
2.34505333e-06	1.359661e-08
2.34507209e-06	1.398264e-08
2.34509086e-06	1.390852e-08
2.34510962e-06	1.414678e-08
2.34512838e-06	1.427002e-08
2.34514714e-06	1.427776e-08
2.34516590e-06	1.422552e-08
2.34518466e-06	1.418047e-08
2.34520342e-06	1.420606e-08
2.34522218e-06	1.361923e-08
2.34524094e-06	1.338760e-08
2.34525971e-06	1.380191e-08
2.34527847e-06	1.388813e-08
2.34529723e-06	1.345547e-08
2.34531599e-06	1.353085e-08
2.34533476e-06	1.404453e-08
2.34535352e-06	1.407410e-08
2.34537228e-06	1.355167e-08
2.34539104e-06	1.363609e-08
2.34540981e-06	1.422951e-08
2.34542857e-06	1.396667e-08
2.34544733e-06	1.338575e-08
2.34546610e-06	1.354549e-08
2.34548486e-06	1.338723e-08
2.34550363e-06	1.345745e-08
2.34552239e-06	1.424530e-08
2.34554115e-06	1.425407e-08
2.34555992e-06	1.405656e-08
2.34557868e-06	1.421898e-08
2.34559745e-06	1.426297e-08
2.34561621e-06	1.404255e-08
2.34563498e-06	1.400604e-08
2.34565374e-06	1.417492e-08
2.34567251e-06	1.427047e-08
2.34569127e-06	1.421396e-08
2.34571004e-06	1.417728e-08
2.34572880e-06	1.426024e-08
2.34574757e-06	1.407538e-08
2.34576634e-06	1.406502e-08
2.34578510e-06	1.423833e-08
2.34580387e-06	1.420157e-08
2.34582263e-06	1.424588e-08
2.34584140e-06	1.406541e-08
2.34586017e-06	1.378619e-08
2.34587894e-06	1.430202e-08
2.34589770e-06	1.425120e-08
2.34591647e-06	1.425850e-08
2.34593524e-06	1.425008e-08
2.34595400e-06	1.421830e-08
2.34597277e-06	1.398190e-08
2.34599154e-06	1.387361e-08
2.34601031e-06	1.426837e-08
2.34602908e-06	1.425232e-08
2.34604784e-06	1.414026e-08
2.34606661e-06	1.384504e-08
2.34608538e-06	1.416801e-08
2.34610415e-06	1.407027e-08
2.34612292e-06	1.409209e-08
2.34614169e-06	1.422789e-08
2.34616046e-06	1.415183e-08
2.34617923e-06	1.394604e-08
2.34619800e-06	1.419757e-08
2.34621676e-06	1.423267e-08
2.34623553e-06	1.421084e-08
2.34625430e-06	1.419369e-08
2.34627307e-06	1.422797e-08
2.34629184e-06	1.426889e-08
2.34631061e-06	1.405008e-08
2.34632938e-06	1.400354e-08
2.34634816e-06	1.415015e-08
2.34636693e-06	1.419379e-08
2.34638570e-06	1.424435e-08
2.34640447e-06	1.416476e-08
2.34642324e-06	1.413728e-08
2.34644201e-06	1.346441e-08
2.34646078e-06	1.343930e-08
2.34647955e-06	1.387490e-08
2.34649833e-06	1.420868e-08
2.34651710e-06	1.423862e-08
2.34653587e-06	1.413349e-08
2.34655464e-06	1.423889e-08
2.34657341e-06	1.427629e-08
2.34659219e-06	1.422312e-08
2.34661096e-06	1.415629e-08
2.34662973e-06	1.415938e-08
2.34664851e-06	1.390046e-08
2.34666728e-06	1.399296e-08
2.34668605e-06	1.427215e-08
2.34670483e-06	1.429326e-08
2.34672360e-06	1.428043e-08
2.34674237e-06	1.430834e-08
2.34676115e-06	1.423749e-08
2.34677992e-06	1.387259e-08
2.34679870e-06	1.414447e-08
2.34681747e-06	1.406332e-08
2.34683625e-06	1.410279e-08
2.34685502e-06	1.426082e-08
2.34687379e-06	1.416905e-08
2.34689257e-06	1.344905e-08
2.34691134e-06	1.339230e-08
2.34693012e-06	1.349630e-08
2.34694889e-06	1.377871e-08
2.34696767e-06	1.405139e-08
2.34698645e-06	1.425481e-08
2.34700522e-06	1.413727e-08
2.34702400e-06	1.407404e-08
2.34704277e-06	1.425323e-08
2.34706155e-06	1.420030e-08
2.34708033e-06	1.426199e-08
2.34709910e-06	1.423813e-08
2.34711788e-06	1.424229e-08
2.34713666e-06	1.423554e-08
2.34715543e-06	1.394092e-08
2.34717421e-06	1.386780e-08
2.34719299e-06	1.401788e-08
2.34721177e-06	1.410274e-08
2.34723054e-06	1.396963e-08
2.34724932e-06	1.394370e-08
2.34726810e-06	1.413236e-08
2.34728688e-06	1.410510e-08
2.34730566e-06	1.414159e-08
2.34732444e-06	1.372124e-08
2.34734321e-06	1.411271e-08
2.34736199e-06	1.422867e-08
2.34738077e-06	1.424225e-08
2.34739955e-06	1.390278e-08
2.34741833e-06	1.341002e-08
2.34743711e-06	1.360787e-08
2.34745589e-06	1.423769e-08
2.34747467e-06	1.425108e-08
2.34749345e-06	1.376496e-08
2.34751223e-06	1.340202e-08
2.34753101e-06	1.357453e-08
2.34754979e-06	1.340008e-08
2.34756857e-06	1.350236e-08
2.34758735e-06	1.408084e-08
2.34760613e-06	1.424889e-08
2.34762491e-06	1.424124e-08
2.34764369e-06	1.414207e-08
2.34766247e-06	1.401257e-08
2.34768125e-06	1.372812e-08
2.34770004e-06	1.375213e-08
2.34771882e-06	1.361613e-08
2.34773760e-06	1.352344e-08
2.34775638e-06	1.391387e-08
2.34777516e-06	1.401209e-08
2.34779395e-06	1.408343e-08
2.34781273e-06	1.405887e-08
2.34783151e-06	1.404656e-08
2.34785029e-06	1.427237e-08
2.34786908e-06	1.421665e-08
2.34788786e-06	1.417245e-08
2.34790664e-06	1.425571e-08
2.34792542e-06	1.424010e-08
2.34794421e-06	1.422658e-08
2.34796299e-06	1.419322e-08
2.34798178e-06	1.421547e-08
2.34800056e-06	1.423102e-08
2.34801934e-06	1.416821e-08
2.34803813e-06	1.422993e-08
2.34805691e-06	1.422403e-08
2.34807570e-06	1.418752e-08
2.34809448e-06	1.414679e-08
2.34811327e-06	1.407488e-08
2.34813205e-06	1.375755e-08
2.34815084e-06	1.366631e-08
2.34816962e-06	1.420650e-08
2.34818841e-06	1.430589e-08
2.34820719e-06	1.428574e-08
2.34822598e-06	1.375243e-08
2.34824476e-06	1.422004e-08
2.34826355e-06	1.362862e-08
2.34828234e-06	1.414667e-08
2.34830112e-06	1.426864e-08
2.34831991e-06	1.431053e-08
2.34833869e-06	1.414897e-08
2.34835748e-06	1.414657e-08
2.34837627e-06	1.411909e-08
2.34839506e-06	1.422275e-08
2.34841384e-06	1.400708e-08
2.34843263e-06	1.407862e-08
2.34845142e-06	1.413302e-08
2.34847021e-06	1.422051e-08
2.34848899e-06	1.419983e-08
2.34850778e-06	1.419716e-08
2.34852657e-06	1.383474e-08
2.34854536e-06	1.372726e-08
2.34856415e-06	1.397446e-08
2.34858293e-06	1.416877e-08
2.34860172e-06	1.417320e-08
2.34862051e-06	1.424627e-08
2.34863930e-06	1.424538e-08
2.34865809e-06	1.416881e-08
2.34867688e-06	1.376998e-08
2.34869567e-06	1.390983e-08
2.34871446e-06	1.400587e-08
2.34873325e-06	1.399844e-08
2.34875204e-06	1.425374e-08
2.34877083e-06	1.427410e-08
2.34878962e-06	1.411122e-08
2.34880841e-06	1.386135e-08
2.34882720e-06	1.373156e-08
2.34884599e-06	1.358592e-08
2.34886478e-06	1.413295e-08
2.34888357e-06	1.415683e-08
2.34890236e-06	1.419721e-08
2.34892115e-06	1.426379e-08
2.34893994e-06	1.422100e-08
2.34895873e-06	1.412235e-08
2.34897753e-06	1.408249e-08
2.34899632e-06	1.385637e-08
2.34901511e-06	1.375276e-08
2.34903390e-06	1.418447e-08
2.34905269e-06	1.415057e-08
2.34907149e-06	1.417145e-08
2.34909028e-06	1.405089e-08
2.34910907e-06	1.407915e-08
2.34912787e-06	1.419999e-08
2.34914666e-06	1.415406e-08
2.34916545e-06	1.402941e-08
2.34918425e-06	1.408994e-08
2.34920304e-06	1.393940e-08
2.34922183e-06	1.400777e-08
2.34924063e-06	1.386217e-08
2.34925942e-06	1.418278e-08
2.34927821e-06	1.425288e-08
2.34929701e-06	1.404591e-08
2.34931580e-06	1.406473e-08
2.34933460e-06	1.394883e-08
2.34935339e-06	1.375086e-08
2.34937219e-06	1.346897e-08
2.34939098e-06	1.378686e-08
2.34940978e-06	1.406417e-08
2.34942857e-06	1.379246e-08
2.34944737e-06	1.412881e-08
2.34946616e-06	1.405242e-08
2.34948496e-06	1.390079e-08
2.34950375e-06	1.352152e-08
2.34952255e-06	1.375303e-08
2.34954135e-06	1.424926e-08
2.34956014e-06	1.425460e-08
2.34957894e-06	1.415210e-08
2.34959774e-06	1.429001e-08
2.34961653e-06	1.397257e-08
2.34963533e-06	1.375568e-08
2.34965413e-06	1.403138e-08
2.34967292e-06	1.370380e-08
2.34969172e-06	1.354860e-08
2.34971052e-06	1.421895e-08
2.34972932e-06	1.366121e-08
2.34974812e-06	1.407468e-08
2.34976691e-06	1.395539e-08
2.34978571e-06	1.381382e-08
2.34980451e-06	1.385448e-08
2.34982331e-06	1.360123e-08
2.34984211e-06	1.339766e-08
2.34986090e-06	1.361408e-08
2.34987970e-06	1.367616e-08
2.34989850e-06	1.381264e-08
2.34991730e-06	1.428570e-08
2.34993610e-06	1.418162e-08
2.34995490e-06	1.425036e-08
2.34997370e-06	1.388072e-08
