2.30001633e-06	8.160546e-09
2.30003473e-06	6.255456e-09
2.30005313e-06	7.758008e-09
2.30007153e-06	6.549911e-09
2.30008993e-06	6.268625e-09
2.30010833e-06	8.554142e-09
2.30012673e-06	8.865752e-09
2.30014513e-06	8.683303e-09
2.30016353e-06	8.234555e-09
2.30018194e-06	8.514283e-09
2.30020034e-06	8.629812e-09
2.30021874e-06	9.223006e-09
2.30023714e-06	8.662834e-09
2.30025554e-06	7.894145e-09
2.30027395e-06	7.680460e-09
2.30029235e-06	7.022015e-09
2.30031075e-06	7.709022e-09
2.30032915e-06	8.250138e-09
2.30034756e-06	8.784774e-09
2.30036596e-06	7.586691e-09
2.30038436e-06	6.711410e-09
2.30040276e-06	7.336221e-09
2.30042117e-06	7.281701e-09
2.30043957e-06	7.748455e-09
2.30045797e-06	7.888585e-09
2.30047638e-06	6.801415e-09
2.30049478e-06	5.177336e-09
2.30051319e-06	4.774653e-09
2.30053159e-06	2.912679e-09
2.30054999e-06	2.332032e-09
2.30056840e-06	5.599158e-09
2.30058680e-06	6.121017e-09
2.30060521e-06	3.082189e-09
2.30062361e-06	5.051402e-09
2.30064202e-06	6.779676e-09
2.30066042e-06	7.007003e-09
2.30067883e-06	7.541606e-09
2.30069723e-06	7.593832e-09
2.30071564e-06	6.637309e-09
2.30073404e-06	2.635974e-09
2.30075245e-06	3.093747e-09
2.30077086e-06	6.995488e-09
2.30078926e-06	7.631969e-09
2.30080767e-06	7.832563e-09
2.30082608e-06	7.772727e-09
2.30084448e-06	7.894270e-09
2.30086289e-06	7.881968e-09
2.30088129e-06	7.882046e-09
2.30089970e-06	7.783080e-09
2.30091811e-06	8.001294e-09
2.30093652e-06	8.092984e-09
2.30095492e-06	8.133178e-09
2.30097333e-06	6.565244e-09
2.30099174e-06	6.327599e-09
2.30101015e-06	6.709110e-09
2.30102856e-06	6.598817e-09
2.30104696e-06	7.626900e-09
2.30106537e-06	7.458069e-09
2.30108378e-06	4.732493e-09
2.30110219e-06	3.091075e-09
2.30112060e-06	6.682934e-09
2.30113901e-06	8.009376e-09
2.30115742e-06	8.519378e-09
2.30117583e-06	8.283486e-09
2.30119423e-06	6.957229e-09
2.30121265e-06	6.194309e-09
2.30123105e-06	7.475725e-09
2.30124946e-06	7.479559e-09
2.30126787e-06	7.153950e-09
2.30128628e-06	4.953110e-09
2.30130469e-06	2.449841e-09
2.30132310e-06	2.328760e-09
2.30134152e-06	3.736712e-09
2.30135993e-06	5.286047e-09
2.30137834e-06	5.861056e-09
2.30139675e-06	2.862470e-09
2.30141516e-06	4.728537e-09
2.30143357e-06	8.020953e-09
2.30145198e-06	8.344037e-09
2.30147039e-06	6.920237e-09
2.30148881e-06	3.472513e-09
2.30150722e-06	2.784871e-09
2.30152563e-06	6.657821e-09
2.30154404e-06	7.937111e-09
2.30156245e-06	8.015990e-09
2.30158087e-06	7.700454e-09
2.30159928e-06	8.350502e-09
2.30161769e-06	8.414143e-09
2.30163611e-06	7.215437e-09
2.30165452e-06	6.790621e-09
2.30167293e-06	7.026803e-09
2.30169135e-06	7.912779e-09
2.30170976e-06	8.377534e-09
2.30172817e-06	8.809121e-09
2.30174659e-06	8.400034e-09
2.30176500e-06	7.392349e-09
2.30178341e-06	8.641707e-09
2.30180183e-06	8.283878e-09
2.30182024e-06	7.286420e-09
2.30183866e-06	8.122610e-09
2.30185707e-06	7.654058e-09
2.30187549e-06	7.119553e-09
2.30189390e-06	7.728545e-09
2.30191232e-06	8.616314e-09
2.30193073e-06	8.279453e-09
2.30194915e-06	8.156255e-09
2.30196756e-06	8.744135e-09
2.30198598e-06	8.484679e-09
2.30200440e-06	7.843606e-09
2.30202281e-06	6.404973e-09
2.30204123e-06	6.594072e-09
2.30205964e-06	7.336025e-09
2.30207806e-06	7.486300e-09
2.30209648e-06	6.469304e-09
2.30211489e-06	2.586471e-09
2.30213331e-06	2.327255e-09
2.30215173e-06	5.436090e-09
2.30217014e-06	7.431525e-09
2.30218856e-06	7.970125e-09
2.30220698e-06	8.276498e-09
2.30222540e-06	8.023340e-09
2.30224381e-06	8.100231e-09
2.30226223e-06	6.952818e-09
2.30228065e-06	6.269534e-09
2.30229907e-06	7.709797e-09
2.30231749e-06	7.933913e-09
2.30233591e-06	8.225012e-09
2.30235433e-06	8.718005e-09
2.30237274e-06	8.870025e-09
2.30239116e-06	8.989587e-09
2.30240958e-06	8.355382e-09
2.30242800e-06	8.007951e-09
2.30244642e-06	8.395280e-09
2.30246484e-06	8.516358e-09
2.30248326e-06	8.549538e-09
2.30250168e-06	8.394805e-09
2.30252010e-06	8.185475e-09
2.30253852e-06	7.600856e-09
2.30255694e-06	8.185997e-09
2.30257536e-06	8.568709e-09
2.30259378e-06	8.529057e-09
2.30261220e-06	8.205251e-09
2.30263062e-06	8.200242e-09
2.30264904e-06	8.017108e-09
2.30266747e-06	8.045413e-09
2.30268589e-06	8.807042e-09
2.30270431e-06	8.458673e-09
2.30272273e-06	7.867456e-09
2.30274115e-06	6.954294e-09
2.30275957e-06	3.144786e-09
2.30277800e-06	3.843114e-09
2.30279642e-06	5.786389e-09
2.30281484e-06	5.618885e-09
2.30283326e-06	7.632785e-09
2.30285168e-06	7.796020e-09
2.30287011e-06	8.247912e-09
2.30288853e-06	8.117988e-09
2.30290695e-06	7.359565e-09
2.30292538e-06	6.712912e-09
2.30294380e-06	6.743847e-09
2.30296222e-06	3.651021e-09
2.30298065e-06	2.351862e-09
2.30299907e-06	2.856110e-09
2.30301750e-06	5.026666e-09
2.30303592e-06	6.048348e-09
2.30305434e-06	7.711315e-09
2.30307277e-06	7.940113e-09
2.30309119e-06	7.975467e-09
2.30310962e-06	7.564318e-09
2.30312804e-06	6.465574e-09
2.30314647e-06	8.041232e-09
2.30316489e-06	8.546168e-09
2.30318332e-06	7.795330e-09
2.30320174e-06	5.273297e-09
2.30322017e-06	6.191882e-09
2.30323860e-06	8.771903e-09
2.30325702e-06	8.783237e-09
2.30327545e-06	8.223602e-09
2.30329387e-06	7.269477e-09
2.30331230e-06	5.048167e-09
2.30333073e-06	4.559577e-09
2.30334915e-06	5.374357e-09
2.30336758e-06	6.913173e-09
2.30338601e-06	8.559870e-09
2.30340443e-06	8.961978e-09
2.30342286e-06	9.593050e-09
2.30344129e-06	9.144303e-09
2.30345972e-06	8.479922e-09
2.30347814e-06	8.532160e-09
2.30349657e-06	8.761313e-09
2.30351500e-06	8.822737e-09
2.30353343e-06	7.970670e-09
2.30355186e-06	7.573419e-09
2.30357028e-06	7.031398e-09
2.30358871e-06	5.542320e-09
2.30360714e-06	5.869803e-09
2.30362557e-06	7.145433e-09
2.30364400e-06	7.645215e-09
2.30366243e-06	8.560123e-09
2.30368086e-06	8.270264e-09
2.30369929e-06	8.191766e-09
2.30371772e-06	7.616837e-09
2.30373615e-06	6.239376e-09
2.30375458e-06	5.961876e-09
2.30377301e-06	5.473016e-09
2.30379144e-06	6.483155e-09
2.30380987e-06	5.830931e-09
2.30382830e-06	5.799575e-09
2.30384673e-06	5.298776e-09
2.30386516e-06	2.315707e-09
2.30388359e-06	2.367717e-09
2.30390202e-06	5.138832e-09
2.30392045e-06	5.255615e-09
2.30393888e-06	6.863826e-09
2.30395731e-06	6.714932e-09
2.30397575e-06	7.401581e-09
2.30399418e-06	8.119518e-09
2.30401261e-06	8.134629e-09
2.30403104e-06	8.715719e-09
2.30404947e-06	8.406000e-09
2.30406791e-06	7.867622e-09
2.30408634e-06	7.818199e-09
2.30410477e-06	8.028097e-09
2.30412321e-06	8.783168e-09
2.30414164e-06	8.948843e-09
2.30416007e-06	8.356327e-09
2.30417850e-06	8.190370e-09
2.30419694e-06	8.198594e-09
2.30421537e-06	7.378117e-09
2.30423381e-06	7.465481e-09
2.30425224e-06	8.485597e-09
2.30427067e-06	7.957408e-09
2.30428911e-06	7.948862e-09
2.30430754e-06	8.120192e-09
2.30432598e-06	7.365338e-09
2.30434441e-06	8.062594e-09
2.30436285e-06	8.849361e-09
2.30438128e-06	9.653655e-09
2.30439971e-06	9.301784e-09
2.30441815e-06	9.273602e-09
2.30443659e-06	9.096629e-09
2.30445502e-06	8.042358e-09
2.30447346e-06	8.125730e-09
2.30449189e-06	8.007884e-09
2.30451033e-06	8.297773e-09
2.30452877e-06	8.328676e-09
2.30454720e-06	8.870972e-09
2.30456564e-06	8.499062e-09
2.30458407e-06	8.632804e-09
2.30460251e-06	8.627605e-09
2.30462095e-06	7.907101e-09
2.30463938e-06	7.331936e-09
2.30465782e-06	7.982450e-09
2.30467626e-06	8.588775e-09
2.30469470e-06	7.940173e-09
2.30471313e-06	6.984376e-09
2.30473157e-06	5.079397e-09
2.30475001e-06	5.701235e-09
2.30476845e-06	6.639967e-09
2.30478688e-06	3.298771e-09
2.30480532e-06	2.347114e-09
2.30482376e-06	4.093574e-09
2.30484220e-06	6.814495e-09
2.30486064e-06	6.487597e-09
2.30487908e-06	6.562089e-09
2.30489752e-06	7.286251e-09
2.30491596e-06	7.011022e-09
2.30493440e-06	4.016618e-09
2.30495284e-06	5.501871e-09
2.30497128e-06	5.264356e-09
2.30498972e-06	4.481365e-09
2.30500815e-06	6.356890e-09
2.30502660e-06	7.918310e-09
2.30504504e-06	6.933686e-09
2.30506347e-06	7.159347e-09
2.30508192e-06	7.299651e-09
2.30510036e-06	7.412425e-09
2.30511880e-06	7.697551e-09
2.30513724e-06	8.145748e-09
2.30515568e-06	7.758621e-09
2.30517412e-06	7.878466e-09
2.30519256e-06	8.225238e-09
2.30521100e-06	7.343402e-09
2.30522944e-06	7.741130e-09
2.30524789e-06	7.881315e-09
2.30526633e-06	7.858157e-09
2.30528477e-06	8.099079e-09
2.30530321e-06	8.286506e-09
2.30532166e-06	7.047918e-09
2.30534010e-06	7.363281e-09
2.30535854e-06	7.880158e-09
2.30537698e-06	7.720458e-09
2.30539543e-06	6.509818e-09
2.30541387e-06	2.717755e-09
2.30543231e-06	5.213600e-09
2.30545076e-06	7.107813e-09
2.30546920e-06	6.101220e-09
2.30548764e-06	3.749442e-09
2.30550609e-06	6.227578e-09
2.30552453e-06	8.169136e-09
2.30554298e-06	8.632458e-09
2.30556142e-06	8.387702e-09
2.30557987e-06	8.033228e-09
2.30559831e-06	7.997368e-09
2.30561675e-06	7.417886e-09
2.30563520e-06	3.363233e-09
2.30565365e-06	2.200872e-09
2.30567209e-06	5.697627e-09
2.30569054e-06	6.787069e-09
2.30570898e-06	7.460108e-09
2.30572743e-06	6.715758e-09
2.30574587e-06	6.089210e-09
2.30576432e-06	2.332735e-09
2.30578276e-06	2.308254e-09
2.30580121e-06	4.941949e-09
2.30581966e-06	7.266910e-09
2.30583810e-06	7.884632e-09
2.30585655e-06	6.934416e-09
2.30587500e-06	5.428763e-09
2.30589344e-06	4.923727e-09
2.30591189e-06	6.746447e-09
2.30593034e-06	7.601461e-09
2.30594879e-06	6.995643e-09
2.30596723e-06	7.088268e-09
2.30598568e-06	6.776781e-09
2.30600413e-06	7.861444e-09
2.30602258e-06	8.552406e-09
2.30604102e-06	8.833758e-09
2.30605947e-06	8.995394e-09
2.30607792e-06	8.709257e-09
2.30609637e-06	8.459493e-09
2.30611482e-06	8.143264e-09
2.30613327e-06	6.892205e-09
2.30615172e-06	6.801806e-09
2.30617017e-06	7.888669e-09
2.30618862e-06	7.197173e-09
2.30620707e-06	6.612876e-09
2.30622551e-06	7.305013e-09
2.30624396e-06	8.286269e-09
2.30626241e-06	8.241777e-09
2.30628087e-06	8.107283e-09
2.30629932e-06	8.506674e-09
2.30631777e-06	9.147918e-09
2.30633622e-06	8.542766e-09
2.30635467e-06	7.687104e-09
2.30637312e-06	8.168413e-09
2.30639157e-06	7.954630e-09
2.30641002e-06	7.568037e-09
2.30642847e-06	8.382064e-09
2.30644692e-06	7.007964e-09
2.30646537e-06	6.535160e-09
2.30648383e-06	6.835863e-09
2.30650228e-06	6.054205e-09
2.30652073e-06	5.841024e-09
2.30653918e-06	6.043891e-09
2.30655763e-06	6.692683e-09
2.30657609e-06	7.188442e-09
2.30659454e-06	7.643278e-09
2.30661299e-06	7.959098e-09
2.30663144e-06	6.211653e-09
2.30664990e-06	4.779701e-09
2.30666835e-06	2.761524e-09
2.30668681e-06	5.746552e-09
2.30670526e-06	6.844751e-09
2.30672371e-06	6.622587e-09
2.30674217e-06	7.007597e-09
2.30676062e-06	4.615551e-09
2.30677907e-06	2.275599e-09
2.30679753e-06	2.291231e-09
2.30681598e-06	5.820135e-09
2.30683444e-06	6.602345e-09
2.30685289e-06	5.800904e-09
2.30687135e-06	7.344780e-09
2.30688980e-06	7.628001e-09
2.30690826e-06	6.556637e-09
2.30692671e-06	6.152297e-09
2.30694517e-06	7.547674e-09
2.30696362e-06	7.849199e-09
2.30698208e-06	8.224815e-09
2.30700053e-06	8.603635e-09
2.30701899e-06	8.876830e-09
2.30703745e-06	8.336676e-09
2.30705590e-06	7.734368e-09
2.30707436e-06	8.616911e-09
2.30709282e-06	8.619671e-09
2.30711127e-06	8.815619e-09
2.30712973e-06	8.939623e-09
2.30714819e-06	9.007117e-09
2.30716664e-06	8.873453e-09
2.30718510e-06	8.951403e-09
2.30720356e-06	8.946042e-09
2.30722202e-06	8.304380e-09
2.30724047e-06	7.619071e-09
2.30725893e-06	7.774546e-09
2.30727739e-06	8.285420e-09
2.30729585e-06	6.712109e-09
2.30731431e-06	6.149051e-09
2.30733277e-06	7.970056e-09
2.30735122e-06	8.584965e-09
2.30736968e-06	8.128529e-09
2.30738814e-06	6.597281e-09
2.30740660e-06	7.148767e-09
2.30742506e-06	8.332602e-09
2.30744352e-06	8.887217e-09
2.30746198e-06	8.766179e-09
2.30748044e-06	8.026926e-09
2.30749890e-06	7.606628e-09
2.30751736e-06	6.309995e-09
2.30753582e-06	7.159598e-09
2.30755428e-06	7.825647e-09
2.30757274e-06	7.540305e-09
2.30759120e-06	6.972676e-09
2.30760966e-06	5.684315e-09
2.30762812e-06	3.201864e-09
2.30764658e-06	2.046164e-09
2.30766504e-06	4.801537e-09
2.30768351e-06	5.961564e-09
2.30770197e-06	7.573363e-09
2.30772043e-06	8.562493e-09
2.30773889e-06	8.480642e-09
2.30775735e-06	8.363720e-09
2.30777581e-06	7.928457e-09
2.30779428e-06	6.291260e-09
2.30781274e-06	5.300243e-09
2.30783120e-06	2.276639e-09
2.30784966e-06	2.267582e-09
2.30786813e-06	5.489365e-09
2.30788659e-06	7.183392e-09
2.30790505e-06	7.929255e-09
2.30792352e-06	7.907990e-09
2.30794198e-06	7.753659e-09
2.30796044e-06	8.347566e-09
2.30797891e-06	8.468125e-09
2.30799737e-06	8.108901e-09
2.30801583e-06	6.907946e-09
2.30803430e-06	6.635099e-09
2.30805276e-06	4.892965e-09
2.30807123e-06	6.627290e-09
2.30808969e-06	8.127823e-09
2.30810816e-06	8.210482e-09
2.30812662e-06	8.067974e-09
2.30814509e-06	8.592090e-09
2.30816355e-06	8.995612e-09
2.30818202e-06	8.599074e-09
2.30820048e-06	7.449916e-09
2.30821895e-06	7.714705e-09
2.30823741e-06	8.397517e-09
2.30825588e-06	8.625375e-09
2.30827434e-06	7.494109e-09
2.30829281e-06	6.845222e-09
2.30831128e-06	7.969099e-09
2.30832974e-06	8.296996e-09
2.30834821e-06	8.028685e-09
2.30836668e-06	7.708926e-09
2.30838514e-06	7.839070e-09
2.30840361e-06	8.442375e-09
2.30842208e-06	8.704353e-09
2.30844055e-06	8.837967e-09
2.30845901e-06	8.395531e-09
2.30847748e-06	7.560341e-09
2.30849595e-06	6.787653e-09
2.30851442e-06	6.038887e-09
2.30853288e-06	7.218190e-09
2.30855135e-06	8.053210e-09
2.30856982e-06	8.165564e-09
2.30858829e-06	8.234838e-09
2.30860676e-06	8.596646e-09
2.30862523e-06	8.922649e-09
2.30864370e-06	8.393668e-09
2.30866217e-06	8.486814e-09
2.30868063e-06	8.962218e-09
2.30869911e-06	8.417944e-09
2.30871757e-06	7.901773e-09
2.30873604e-06	7.497482e-09
2.30875451e-06	7.710166e-09
2.30877298e-06	8.507064e-09
2.30879145e-06	7.920732e-09
2.30880992e-06	6.808079e-09
2.30882840e-06	6.956092e-09
2.30884687e-06	8.021264e-09
2.30886534e-06	7.980414e-09
2.30888381e-06	6.802042e-09
2.30890228e-06	4.972575e-09
2.30892075e-06	2.305888e-09
2.30893922e-06	2.317305e-09
2.30895769e-06	4.549815e-09
2.30897616e-06	6.011733e-09
2.30899464e-06	4.664530e-09
2.30901311e-06	6.221958e-09
2.30903158e-06	7.692524e-09
2.30905005e-06	7.703577e-09
2.30906852e-06	6.996069e-09
2.30908700e-06	5.590631e-09
2.30910547e-06	5.643157e-09
2.30912394e-06	6.052280e-09
2.30914242e-06	7.253054e-09
2.30916089e-06	6.670489e-09
2.30917936e-06	7.394727e-09
2.30919784e-06	5.283268e-09
2.30921631e-06	5.582400e-09
2.30923478e-06	7.321359e-09
2.30925326e-06	8.026915e-09
2.30927173e-06	8.589377e-09
2.30929021e-06	8.385068e-09
2.30930868e-06	8.808964e-09
2.30932715e-06	8.386684e-09
2.30934563e-06	7.473800e-09
2.30936410e-06	4.751182e-09
2.30938258e-06	6.456255e-09
2.30940105e-06	8.295469e-09
2.30941953e-06	7.990235e-09
2.30943800e-06	7.599630e-09
2.30945648e-06	7.033501e-09
2.30947495e-06	6.642180e-09
2.30949343e-06	7.409011e-09
2.30951191e-06	7.250660e-09
2.30953038e-06	6.609923e-09
2.30954886e-06	7.209848e-09
2.30956733e-06	8.010872e-09
2.30958581e-06	8.321500e-09
2.30960429e-06	7.949350e-09
2.30962277e-06	7.877273e-09
2.30964124e-06	7.537752e-09
2.30965972e-06	3.941734e-09
2.30967820e-06	1.975341e-09
2.30969667e-06	4.532028e-09
2.30971515e-06	7.632335e-09
2.30973363e-06	8.316149e-09
2.30975211e-06	6.644434e-09
2.30977059e-06	3.247999e-09
2.30978906e-06	4.189412e-09
2.30980754e-06	4.509350e-09
2.30982602e-06	4.764124e-09
2.30984450e-06	3.587680e-09
2.30986298e-06	7.450144e-09
2.30988146e-06	8.032071e-09
2.30989994e-06	7.543266e-09
2.30991842e-06	7.247862e-09
2.30993689e-06	5.545680e-09
2.30995537e-06	6.689839e-09
2.30997385e-06	7.801257e-09
2.30999233e-06	7.032031e-09
2.31001081e-06	6.411981e-09
2.31002929e-06	6.843502e-09
2.31004777e-06	3.727753e-09
2.31006625e-06	2.345435e-09
2.31008473e-06	2.862340e-09
2.31010321e-06	6.432007e-09
2.31012170e-06	6.521495e-09
2.31014018e-06	3.821717e-09
2.31015866e-06	6.160731e-09
2.31017714e-06	8.054895e-09
2.31019562e-06	8.403893e-09
2.31021410e-06	7.087724e-09
2.31023258e-06	7.537501e-09
2.31025107e-06	8.811300e-09
2.31026955e-06	9.137061e-09
2.31028803e-06	8.804130e-09
2.31030651e-06	8.664552e-09
2.31032499e-06	7.787670e-09
2.31034348e-06	6.835467e-09
2.31036196e-06	7.495613e-09
2.31038044e-06	6.313762e-09
2.31039893e-06	5.744113e-09
2.31041741e-06	6.837491e-09
2.31043589e-06	7.650965e-09
2.31045438e-06	6.252587e-09
2.31047286e-06	5.793837e-09
2.31049134e-06	6.745671e-09
2.31050983e-06	5.747516e-09
2.31052831e-06	7.335356e-09
2.31054680e-06	8.080497e-09
2.31056528e-06	7.793850e-09
2.31058377e-06	6.796336e-09
2.31060225e-06	7.853143e-09
2.31062073e-06	9.101875e-09
2.31063922e-06	8.614350e-09
2.31065770e-06	7.999411e-09
2.31067619e-06	8.484652e-09
2.31069467e-06	7.773638e-09
2.31071316e-06	7.598925e-09
2.31073165e-06	6.925977e-09
2.31075013e-06	7.177361e-09
2.31076862e-06	6.968722e-09
2.31078710e-06	7.426500e-09
2.31080559e-06	6.900040e-09
2.31082408e-06	7.577979e-09
2.31084256e-06	8.090996e-09
2.31086105e-06	7.779502e-09
2.31087954e-06	7.915633e-09
2.31089802e-06	6.839265e-09
2.31091651e-06	5.563031e-09
2.31093500e-06	6.439477e-09
2.31095349e-06	7.101628e-09
2.31097197e-06	5.346493e-09
2.31099046e-06	5.310980e-09
2.31100895e-06	6.075938e-09
2.31102744e-06	6.239597e-09
2.31104593e-06	8.205358e-09
2.31106441e-06	8.627646e-09
2.31108290e-06	7.781824e-09
2.31110139e-06	7.947973e-09
2.31111988e-06	8.245539e-09
2.31113837e-06	8.319781e-09
2.31115686e-06	7.654202e-09
2.31117535e-06	4.670506e-09
2.31119384e-06	2.096657e-09
2.31121233e-06	3.313584e-09
2.31123082e-06	2.205287e-09
2.31124931e-06	2.260957e-09
2.31126780e-06	5.323525e-09
2.31128629e-06	6.106907e-09
2.31130478e-06	6.497477e-09
2.31132327e-06	5.877256e-09
2.31134176e-06	5.819498e-09
2.31136025e-06	6.929578e-09
2.31137874e-06	7.731505e-09
2.31139723e-06	8.136025e-09
2.31141572e-06	7.301454e-09
2.31143421e-06	6.715113e-09
2.31145270e-06	7.227910e-09
2.31147120e-06	5.724132e-09
2.31148969e-06	6.922594e-09
2.31150818e-06	7.433525e-09
2.31152667e-06	6.534691e-09
2.31154516e-06	5.735016e-09
2.31156366e-06	2.636276e-09
2.31158215e-06	5.743366e-09
2.31160064e-06	8.113571e-09
2.31161913e-06	6.192680e-09
2.31163763e-06	3.497442e-09
2.31165612e-06	2.685242e-09
2.31167461e-06	4.901069e-09
2.31169311e-06	7.309449e-09
2.31171160e-06	8.008457e-09
2.31173009e-06	6.909341e-09
2.31174859e-06	7.131375e-09
2.31176708e-06	7.785683e-09
2.31178558e-06	6.602923e-09
2.31180407e-06	7.637291e-09
2.31182257e-06	7.856442e-09
2.31184106e-06	6.971294e-09
2.31185955e-06	7.244471e-09
2.31187805e-06	8.163363e-09
2.31189654e-06	5.195268e-09
2.31191504e-06	4.840663e-09
2.31193353e-06	7.333590e-09
2.31195203e-06	6.401664e-09
2.31197052e-06	7.625148e-09
2.31198902e-06	8.462005e-09
2.31200752e-06	7.843545e-09
2.31202601e-06	7.210474e-09
2.31204451e-06	5.415923e-09
2.31206301e-06	6.265723e-09
2.31208150e-06	6.974435e-09
2.31210000e-06	8.120434e-09
2.31211850e-06	8.111707e-09
2.31213699e-06	7.186220e-09
2.31215549e-06	8.057719e-09
2.31217399e-06	7.889758e-09
2.31219248e-06	6.548793e-09
2.31221098e-06	6.550141e-09
2.31222948e-06	6.777389e-09
2.31224798e-06	7.214176e-09
2.31226648e-06	7.436611e-09
2.31228497e-06	6.496724e-09
2.31230347e-06	5.718245e-09
2.31232197e-06	7.987287e-09
2.31234047e-06	7.318462e-09
2.31235897e-06	6.371082e-09
2.31237747e-06	6.052260e-09
2.31239596e-06	6.366306e-09
2.31241446e-06	6.673279e-09
2.31243296e-06	4.209563e-09
2.31245146e-06	2.332603e-09
2.31246996e-06	2.612108e-09
2.31248846e-06	5.916375e-09
2.31250696e-06	6.955793e-09
2.31252546e-06	7.477870e-09
2.31254396e-06	6.375845e-09
2.31256246e-06	7.353966e-09
2.31258096e-06	7.226449e-09
2.31259946e-06	6.650179e-09
2.31261796e-06	8.128426e-09
2.31263647e-06	8.130366e-09
2.31265497e-06	8.022200e-09
2.31267347e-06	8.743643e-09
2.31269197e-06	8.486827e-09
2.31271047e-06	7.241662e-09
2.31272897e-06	7.541698e-09
2.31274748e-06	7.603006e-09
2.31276598e-06	7.555963e-09
2.31278448e-06	8.622423e-09
2.31280298e-06	8.395986e-09
2.31282148e-06	8.129621e-09
2.31283999e-06	6.459802e-09
2.31285849e-06	5.556792e-09
2.31287699e-06	7.505292e-09
2.31289550e-06	7.906936e-09
2.31291400e-06	7.150956e-09
2.31293250e-06	6.891949e-09
2.31295100e-06	7.638569e-09
2.31296951e-06	7.111041e-09
2.31298801e-06	8.451158e-09
2.31300652e-06	7.759471e-09
2.31302502e-06	7.177587e-09
2.31304352e-06	7.334944e-09
2.31306203e-06	6.625261e-09
2.31308053e-06	6.677310e-09
2.31309904e-06	5.905854e-09
2.31311754e-06	4.421062e-09
2.31313605e-06	4.815638e-09
2.31315455e-06	6.669603e-09
2.31317306e-06	5.720077e-09
2.31319156e-06	6.991275e-09
2.31321007e-06	7.308152e-09
2.31322857e-06	5.413035e-09
2.31324708e-06	4.592368e-09
2.31326559e-06	7.751150e-09
2.31328409e-06	8.015659e-09
2.31330260e-06	7.664783e-09
2.31332111e-06	8.376903e-09
2.31333961e-06	8.950921e-09
2.31335812e-06	8.121662e-09
2.31337662e-06	7.603673e-09
2.31339513e-06	7.221447e-09
2.31341364e-06	7.274725e-09
2.31343215e-06	8.477257e-09
2.31345065e-06	8.948212e-09
2.31346916e-06	8.053083e-09
2.31348767e-06	8.027723e-09
2.31350618e-06	8.356759e-09
2.31352469e-06	8.191055e-09
2.31354319e-06	8.337107e-09
2.31356170e-06	7.832284e-09
2.31358021e-06	7.870811e-09
2.31359872e-06	6.341369e-09
2.31361723e-06	6.415823e-09
2.31363574e-06	7.400875e-09
2.31365425e-06	6.989395e-09
2.31367275e-06	6.166650e-09
2.31369127e-06	2.944849e-09
2.31370977e-06	2.325213e-09
2.31372828e-06	3.885277e-09
2.31374679e-06	6.866836e-09
2.31376530e-06	6.882085e-09
2.31378381e-06	6.539433e-09
2.31380232e-06	7.140848e-09
2.31382083e-06	5.569418e-09
2.31383935e-06	5.751167e-09
2.31385786e-06	7.065333e-09
2.31387637e-06	7.515141e-09
2.31389488e-06	7.093993e-09
2.31391339e-06	7.669327e-09
2.31393190e-06	7.766404e-09
2.31395041e-06	6.278411e-09
2.31396892e-06	6.822823e-09
2.31398744e-06	7.191157e-09
2.31400595e-06	6.004338e-09
2.31402446e-06	6.759850e-09
2.31404297e-06	3.213562e-09
2.31406148e-06	3.150875e-09
2.31408000e-06	6.611238e-09
2.31409851e-06	8.067895e-09
2.31411702e-06	7.739865e-09
2.31413553e-06	8.306560e-09
2.31415405e-06	7.804056e-09
2.31417256e-06	8.360467e-09
2.31419107e-06	8.061206e-09
2.31420959e-06	8.647983e-09
2.31422810e-06	8.355684e-09
2.31424662e-06	7.184057e-09
2.31426513e-06	7.704931e-09
2.31428364e-06	8.245821e-09
2.31430216e-06	8.830345e-09
2.31432067e-06	7.572506e-09
2.31433919e-06	7.581135e-09
2.31435770e-06	7.764734e-09
2.31437622e-06	6.304563e-09
2.31439473e-06	5.482721e-09
2.31441325e-06	7.422640e-09
2.31443176e-06	7.149486e-09
2.31445028e-06	7.744645e-09
2.31446879e-06	6.914517e-09
2.31448731e-06	6.855791e-09
2.31450582e-06	7.684688e-09
2.31452434e-06	7.079466e-09
2.31454286e-06	5.687961e-09
2.31456137e-06	7.291397e-09
2.31457989e-06	8.378032e-09
2.31459841e-06	8.314453e-09
2.31461692e-06	8.195348e-09
2.31463544e-06	8.457862e-09
2.31465396e-06	7.015477e-09
2.31467247e-06	2.605351e-09
2.31469099e-06	2.155051e-09
2.31470951e-06	5.342446e-09
2.31472803e-06	5.688413e-09
2.31474654e-06	5.033586e-09
2.31476506e-06	6.724546e-09
2.31478358e-06	7.615549e-09
2.31480210e-06	5.854461e-09
2.31482062e-06	5.778353e-09
2.31483913e-06	7.603530e-09
2.31485765e-06	6.219537e-09
2.31487617e-06	4.868197e-09
2.31489469e-06	7.014985e-09
2.31491321e-06	6.026057e-09
2.31493173e-06	6.165304e-09
2.31495025e-06	6.154627e-09
2.31496877e-06	3.114291e-09
2.31498729e-06	2.049870e-09
2.31500581e-06	2.315090e-09
2.31502433e-06	4.169629e-09
2.31504285e-06	6.615342e-09
2.31506137e-06	5.648003e-09
2.31507989e-06	6.267588e-09
2.31509841e-06	7.398846e-09
2.31511693e-06	6.163642e-09
2.31513545e-06	6.528501e-09
2.31515397e-06	7.782524e-09
2.31517250e-06	8.006147e-09
2.31519102e-06	8.588003e-09
2.31520954e-06	8.178418e-09
2.31522806e-06	7.159439e-09
2.31524658e-06	7.200805e-09
2.31526510e-06	7.791489e-09
2.31528362e-06	5.826227e-09
2.31530215e-06	2.637709e-09
2.31532067e-06	4.859185e-09
2.31533919e-06	7.269236e-09
2.31535771e-06	8.309279e-09
2.31537624e-06	8.623735e-09
2.31539476e-06	8.757799e-09
2.31541328e-06	7.753274e-09
2.31543181e-06	6.852342e-09
2.31545033e-06	7.295750e-09
2.31546885e-06	7.749267e-09
2.31548738e-06	7.464321e-09
2.31550590e-06	7.839627e-09
2.31552443e-06	7.608182e-09
2.31554295e-06	7.745079e-09
2.31556148e-06	7.887380e-09
2.31558000e-06	9.055863e-09
2.31559852e-06	7.542407e-09
2.31561705e-06	7.576943e-09
2.31563557e-06	8.715420e-09
2.31565410e-06	8.800783e-09
2.31567262e-06	8.604492e-09
2.31569115e-06	6.592237e-09
2.31570967e-06	5.896166e-09
2.31572820e-06	7.001860e-09
2.31574673e-06	7.054694e-09
2.31576525e-06	6.136534e-09
2.31578378e-06	6.570494e-09
2.31580231e-06	7.076110e-09
2.31582083e-06	5.972179e-09
2.31583936e-06	7.694964e-09
2.31585788e-06	6.675033e-09
2.31587641e-06	5.492766e-09
2.31589494e-06	7.735872e-09
2.31591347e-06	8.606860e-09
2.31593199e-06	8.806836e-09
2.31595052e-06	8.024333e-09
2.31596905e-06	7.256655e-09
2.31598758e-06	7.528895e-09
2.31600610e-06	6.728276e-09
2.31602463e-06	7.834707e-09
2.31604316e-06	8.845073e-09
2.31606169e-06	9.053020e-09
2.31608022e-06	8.212843e-09
2.31609875e-06	7.576024e-09
2.31611727e-06	6.678310e-09
2.31613580e-06	6.336801e-09
2.31615433e-06	6.284247e-09
2.31617286e-06	5.369763e-09
2.31619139e-06	7.366843e-09
2.31620992e-06	7.763828e-09
2.31622845e-06	6.650670e-09
2.31624698e-06	3.867865e-09
2.31626551e-06	4.503111e-09
2.31628404e-06	3.936541e-09
2.31630257e-06	4.416850e-09
2.31632110e-06	2.908007e-09
2.31633963e-06	2.330219e-09
2.31635816e-06	3.755104e-09
2.31637669e-06	6.329100e-09
2.31639522e-06	6.576767e-09
2.31641375e-06	5.275133e-09
2.31643229e-06	4.697966e-09
2.31645082e-06	6.404250e-09
2.31646935e-06	6.245311e-09
2.31648788e-06	7.386465e-09
2.31650641e-06	7.875551e-09
2.31652494e-06	7.845777e-09
2.31654348e-06	7.715546e-09
2.31656201e-06	3.688586e-09
2.31658054e-06	4.042990e-09
2.31659908e-06	6.850242e-09
2.31661761e-06	6.236475e-09
2.31663614e-06	6.835745e-09
2.31665467e-06	7.559454e-09
2.31667321e-06	7.455766e-09
2.31669174e-06	6.287360e-09
2.31671027e-06	7.692203e-09
2.31672881e-06	8.143178e-09
2.31674734e-06	8.187517e-09
2.31676587e-06	6.864072e-09
2.31678441e-06	8.072175e-09
2.31680294e-06	8.788923e-09
2.31682148e-06	6.837286e-09
2.31684001e-06	4.406298e-09
2.31685855e-06	6.881035e-09
2.31687708e-06	7.963613e-09
2.31689562e-06	7.934452e-09
2.31691415e-06	8.341951e-09
2.31693269e-06	7.735787e-09
2.31695122e-06	8.495052e-09
2.31696976e-06	8.755194e-09
2.31698830e-06	6.673362e-09
2.31700683e-06	6.062917e-09
2.31702537e-06	6.478367e-09
2.31704390e-06	5.322800e-09
2.31706244e-06	6.870460e-09
2.31708098e-06	7.921902e-09
2.31709951e-06	8.710827e-09
2.31711805e-06	8.434582e-09
2.31713659e-06	7.630953e-09
2.31715512e-06	3.469849e-09
2.31717366e-06	4.183502e-09
2.31719220e-06	7.710731e-09
2.31721073e-06	8.222318e-09
2.31722927e-06	7.743434e-09
2.31724781e-06	8.082929e-09
2.31726635e-06	8.499584e-09
2.31728489e-06	7.981415e-09
2.31730342e-06	8.214620e-09
2.31732196e-06	7.723447e-09
2.31734050e-06	7.531510e-09
2.31735904e-06	8.382194e-09
2.31737758e-06	8.401268e-09
2.31739612e-06	7.375769e-09
2.31741466e-06	7.000639e-09
2.31743320e-06	7.394215e-09
2.31745174e-06	5.603396e-09
2.31747028e-06	6.985672e-09
2.31748882e-06	5.499068e-09
2.31750736e-06	3.316692e-09
2.31752590e-06	6.468182e-09
2.31754444e-06	7.332182e-09
2.31756298e-06	7.515040e-09
2.31758152e-06	6.309616e-09
2.31760006e-06	2.239200e-09
2.31761860e-06	2.106485e-09
2.31763714e-06	6.043097e-09
2.31765568e-06	7.147694e-09
2.31767422e-06	6.418639e-09
2.31769276e-06	4.049620e-09
2.31771131e-06	2.293727e-09
2.31772985e-06	2.589343e-09
2.31774839e-06	5.349974e-09
2.31776693e-06	6.500177e-09
2.31778547e-06	4.235823e-09
2.31780401e-06	5.989791e-09
2.31782256e-06	7.402952e-09
2.31784110e-06	8.260328e-09
2.31785964e-06	8.357083e-09
2.31787819e-06	6.858154e-09
2.31789673e-06	6.324766e-09
2.31791527e-06	8.186805e-09
2.31793381e-06	8.139133e-09
2.31795236e-06	7.307038e-09
2.31797090e-06	7.869145e-09
2.31798945e-06	8.255604e-09
2.31800799e-06	6.606312e-09
2.31802653e-06	6.148234e-09
2.31804508e-06	7.066024e-09
2.31806362e-06	7.409815e-09
2.31808217e-06	7.404984e-09
2.31810071e-06	6.557756e-09
2.31811926e-06	8.064900e-09
2.31813780e-06	7.555153e-09
2.31815635e-06	5.386064e-09
2.31817489e-06	6.024921e-09
2.31819344e-06	8.537556e-09
2.31821198e-06	8.294474e-09
2.31823053e-06	6.468734e-09
2.31824907e-06	6.102897e-09
2.31826762e-06	4.206201e-09
2.31828617e-06	6.181361e-09
2.31830471e-06	8.142683e-09
2.31832326e-06	8.964721e-09
2.31834181e-06	8.350352e-09
2.31836035e-06	7.584977e-09
2.31837890e-06	7.698050e-09
2.31839745e-06	8.247748e-09
2.31841599e-06	8.720997e-09
2.31843454e-06	8.800181e-09
2.31845309e-06	6.993434e-09
2.31847164e-06	4.362347e-09
2.31849018e-06	2.481793e-09
2.31850873e-06	5.379063e-09
2.31852728e-06	7.086932e-09
2.31854583e-06	7.895823e-09
2.31856438e-06	8.460485e-09
2.31858292e-06	8.092732e-09
2.31860147e-06	7.339757e-09
2.31862002e-06	7.445993e-09
2.31863857e-06	6.883201e-09
2.31865712e-06	8.023032e-09
2.31867567e-06	7.832439e-09
2.31869422e-06	7.288405e-09
2.31871277e-06	7.567083e-09
2.31873132e-06	8.086345e-09
2.31874987e-06	8.067992e-09
2.31876842e-06	8.544578e-09
2.31878697e-06	8.988620e-09
2.31880552e-06	8.777148e-09
2.31882407e-06	7.780252e-09
2.31884262e-06	8.011225e-09
2.31886117e-06	7.164218e-09
2.31887972e-06	6.466841e-09
2.31889827e-06	7.123818e-09
2.31891682e-06	7.791611e-09
2.31893538e-06	7.488181e-09
2.31895393e-06	7.631205e-09
2.31897248e-06	7.951771e-09
2.31899103e-06	7.397668e-09
2.31900958e-06	7.340667e-09
2.31902813e-06	7.041192e-09
2.31904669e-06	7.177616e-09
2.31906524e-06	6.240229e-09
2.31908379e-06	6.780543e-09
2.31910234e-06	5.559276e-09
2.31912090e-06	2.197671e-09
2.31913945e-06	2.227710e-09
2.31915800e-06	5.621965e-09
2.31917656e-06	6.942411e-09
2.31919511e-06	7.739052e-09
2.31921366e-06	8.026384e-09
2.31923222e-06	7.880762e-09
2.31925077e-06	7.258557e-09
2.31926932e-06	7.522315e-09
2.31928788e-06	7.469993e-09
2.31930643e-06	7.005249e-09
2.31932499e-06	7.525084e-09
2.31934354e-06	6.230003e-09
2.31936210e-06	6.950006e-09
2.31938065e-06	7.556795e-09
2.31939921e-06	8.307375e-09
2.31941776e-06	8.413104e-09
2.31943632e-06	8.793348e-09
2.31945487e-06	7.804480e-09
2.31947343e-06	5.718430e-09
2.31949198e-06	6.308815e-09
2.31951054e-06	5.474221e-09
2.31952910e-06	4.799151e-09
2.31954765e-06	4.962380e-09
2.31956621e-06	4.063610e-09
2.31958477e-06	5.579066e-09
2.31960332e-06	8.262429e-09
2.31962188e-06	9.084317e-09
2.31964044e-06	9.088015e-09
2.31965899e-06	8.849459e-09
2.31967755e-06	7.597650e-09
2.31969611e-06	4.716220e-09
2.31971466e-06	6.229977e-09
2.31973322e-06	7.447563e-09
2.31975178e-06	8.586189e-09
2.31977034e-06	8.940348e-09
2.31978890e-06	8.763042e-09
2.31980746e-06	9.096996e-09
2.31982601e-06	8.889395e-09
2.31984457e-06	8.774261e-09
2.31986313e-06	8.251470e-09
2.31988169e-06	7.491569e-09
2.31990025e-06	8.204029e-09
2.31991881e-06	8.827776e-09
2.31993737e-06	8.989596e-09
2.31995593e-06	7.831072e-09
2.31997449e-06	7.451029e-09
2.31999305e-06	6.142601e-09
2.32001161e-06	3.431234e-09
2.32003017e-06	6.821839e-09
2.32004873e-06	8.457041e-09
2.32006729e-06	7.251997e-09
2.32008585e-06	6.886088e-09
2.32010441e-06	7.857104e-09
2.32012297e-06	8.576088e-09
2.32014153e-06	8.149608e-09
2.32016009e-06	8.524342e-09
2.32017865e-06	7.989506e-09
2.32019721e-06	8.084350e-09
2.32021577e-06	7.695479e-09
2.32023434e-06	7.851312e-09
2.32025290e-06	7.155185e-09
2.32027146e-06	4.075373e-09
2.32029002e-06	7.268705e-09
2.32030858e-06	8.816868e-09
2.32032715e-06	9.122852e-09
2.32034571e-06	8.119751e-09
2.32036427e-06	5.690789e-09
2.32038284e-06	5.240899e-09
2.32040140e-06	6.925515e-09
2.32041996e-06	3.946155e-09
2.32043853e-06	2.853802e-09
2.32045709e-06	7.053463e-09
2.32047565e-06	7.793191e-09
2.32049422e-06	6.953213e-09
2.32051278e-06	6.627235e-09
2.32053135e-06	5.499722e-09
2.32054991e-06	5.139922e-09
2.32056847e-06	3.103187e-09
2.32058704e-06	2.318716e-09
2.32060560e-06	3.053855e-09
2.32062417e-06	4.291193e-09
2.32064273e-06	6.242835e-09
2.32066130e-06	6.580769e-09
2.32067986e-06	6.716136e-09
2.32069843e-06	7.103934e-09
2.32071699e-06	7.373578e-09
2.32073556e-06	5.109405e-09
2.32075413e-06	5.622777e-09
2.32077269e-06	6.298007e-09
2.32079126e-06	7.954603e-09
2.32080982e-06	8.479457e-09
2.32082839e-06	8.604294e-09
2.32084696e-06	8.213123e-09
2.32086552e-06	7.180787e-09
2.32088409e-06	4.878062e-09
2.32090266e-06	5.813688e-09
2.32092123e-06	6.473025e-09
2.32093979e-06	5.445484e-09
2.32095836e-06	5.547623e-09
2.32097693e-06	7.498403e-09
2.32099550e-06	7.553398e-09
2.32101406e-06	6.727915e-09
2.32103263e-06	6.584308e-09
2.32105120e-06	5.860874e-09
2.32106977e-06	7.745301e-09
2.32108834e-06	8.866416e-09
2.32110691e-06	8.840562e-09
2.32112547e-06	7.399580e-09
2.32114404e-06	5.859306e-09
2.32116261e-06	7.129518e-09
2.32118118e-06	5.353821e-09
2.32119975e-06	2.577658e-09
2.32121832e-06	5.634432e-09
2.32123689e-06	7.769054e-09
2.32125546e-06	8.460984e-09
2.32127403e-06	7.622539e-09
2.32129260e-06	7.656476e-09
2.32131117e-06	6.236165e-09
2.32132974e-06	4.075510e-09
2.32134831e-06	4.885483e-09
2.32136688e-06	6.551477e-09
2.32138545e-06	8.634442e-09
2.32140403e-06	8.863086e-09
2.32142260e-06	8.666895e-09
2.32144117e-06	8.440240e-09
2.32145974e-06	8.721987e-09
2.32147831e-06	8.457921e-09
2.32149688e-06	6.569381e-09
2.32151545e-06	6.324436e-09
2.32153403e-06	7.092872e-09
2.32155260e-06	7.985331e-09
2.32157117e-06	8.747548e-09
2.32158974e-06	8.788160e-09
2.32160832e-06	8.532953e-09
2.32162689e-06	7.373705e-09
2.32164546e-06	4.508885e-09
2.32166404e-06	5.866170e-09
2.32168261e-06	7.973504e-09
2.32170118e-06	8.728138e-09
2.32171976e-06	8.675443e-09
2.32173833e-06	8.434025e-09
2.32175690e-06	8.285198e-09
2.32177548e-06	7.341791e-09
2.32179405e-06	5.827742e-09
2.32181263e-06	7.543148e-09
2.32183120e-06	7.143138e-09
2.32184978e-06	6.987026e-09
2.32186835e-06	7.134411e-09
2.32188692e-06	7.516712e-09
2.32190550e-06	7.100747e-09
2.32192408e-06	7.550936e-09
2.32194265e-06	3.783721e-09
2.32196123e-06	2.730583e-09
2.32197980e-06	6.872580e-09
2.32199838e-06	7.300339e-09
2.32201695e-06	7.054899e-09
2.32203553e-06	7.019076e-09
2.32205411e-06	6.060011e-09
2.32207268e-06	2.181363e-09
2.32209126e-06	2.249874e-09
2.32210984e-06	5.148068e-09
2.32212841e-06	7.074494e-09
2.32214699e-06	7.498553e-09
2.32216557e-06	6.995167e-09
2.32218414e-06	4.347319e-09
2.32220272e-06	4.425871e-09
2.32222130e-06	7.032810e-09
2.32223988e-06	6.838784e-09
2.32225846e-06	6.497661e-09
2.32227703e-06	8.197468e-09
2.32229561e-06	7.998376e-09
2.32231419e-06	6.782511e-09
2.32233277e-06	7.240882e-09
2.32235135e-06	6.917838e-09
2.32236993e-06	4.170129e-09
2.32238850e-06	4.899914e-09
2.32240708e-06	7.316295e-09
2.32242566e-06	7.722253e-09
2.32244424e-06	7.971977e-09
2.32246282e-06	5.815980e-09
2.32248140e-06	5.609747e-09
2.32249998e-06	6.403193e-09
2.32251856e-06	8.147777e-09
2.32253714e-06	7.358638e-09
2.32255572e-06	6.024363e-09
2.32257430e-06	6.181806e-09
2.32259288e-06	8.056014e-09
2.32261146e-06	7.764407e-09
2.32263005e-06	6.321199e-09
2.32264863e-06	2.715791e-09
2.32266721e-06	2.570181e-09
2.32268579e-06	3.007625e-09
2.32270437e-06	4.974179e-09
2.32272295e-06	3.696361e-09
2.32274153e-06	3.810333e-09
2.32276012e-06	3.278260e-09
2.32277870e-06	6.912406e-09
2.32279728e-06	7.379593e-09
2.32281586e-06	3.912382e-09
2.32283444e-06	5.195336e-09
2.32285303e-06	4.927899e-09
2.32287161e-06	3.152925e-09
2.32289019e-06	6.067198e-09
2.32290878e-06	5.264745e-09
2.32292736e-06	3.423228e-09
2.32294594e-06	5.568246e-09
2.32296453e-06	4.217010e-09
2.32298311e-06	7.228058e-09
2.32300169e-06	6.223028e-09
2.32302028e-06	2.879480e-09
2.32303886e-06	5.694312e-09
2.32305745e-06	7.904660e-09
2.32307603e-06	5.891562e-09
2.32309462e-06	3.883062e-09
2.32311320e-06	5.654500e-09
2.32313179e-06	4.736939e-09
2.32315037e-06	3.153843e-09
2.32316896e-06	2.563104e-09
2.32318754e-06	3.465208e-09
2.32320613e-06	3.755351e-09
2.32322471e-06	3.573779e-09
2.32324330e-06	7.229788e-09
2.32326188e-06	5.759304e-09
2.32328047e-06	4.524904e-09
2.32329906e-06	8.072023e-09
2.32331764e-06	8.201363e-09
2.32333623e-06	5.674312e-09
2.32335482e-06	4.301117e-09
2.32337340e-06	4.836189e-09
2.32339199e-06	7.114355e-09
2.32341058e-06	7.720117e-09
2.32342916e-06	6.806953e-09
2.32344775e-06	2.871325e-09
2.32346634e-06	4.632597e-09
2.32348493e-06	7.835372e-09
2.32350352e-06	8.335053e-09
2.32352210e-06	8.250568e-09
2.32354069e-06	6.220374e-09
2.32355928e-06	4.167417e-09
2.32357787e-06	6.310600e-09
2.32359646e-06	5.453461e-09
2.32361504e-06	2.219356e-09
2.32363363e-06	2.272967e-09
2.32365222e-06	5.412692e-09
2.32367081e-06	6.921388e-09
2.32368940e-06	7.590627e-09
2.32370799e-06	6.168004e-09
2.32372658e-06	2.928467e-09
2.32374517e-06	3.820018e-09
2.32376376e-06	5.998086e-09
2.32378235e-06	7.387735e-09
2.32380094e-06	4.772908e-09
2.32381953e-06	4.964178e-09
2.32383812e-06	7.705144e-09
2.32385671e-06	8.104290e-09
2.32387530e-06	8.146683e-09
2.32389389e-06	7.292645e-09
2.32391249e-06	7.251113e-09
2.32393108e-06	4.905589e-09
2.32394967e-06	5.400991e-09
2.32396826e-06	7.591097e-09
2.32398685e-06	7.077567e-09
2.32400544e-06	3.932129e-09
2.32402404e-06	2.018808e-09
2.32404263e-06	2.859768e-09
2.32406122e-06	3.854199e-09
2.32407981e-06	7.307731e-09
2.32409840e-06	6.913484e-09
2.32411700e-06	7.792250e-09
2.32413559e-06	8.435847e-09
2.32415418e-06	8.843901e-09
2.32417278e-06	8.545672e-09
2.32419137e-06	7.910239e-09
2.32420996e-06	8.106287e-09
2.32422856e-06	8.283257e-09
2.32424715e-06	8.395094e-09
2.32426575e-06	7.214578e-09
2.32428434e-06	4.428398e-09
2.32430293e-06	6.161387e-09
2.32432153e-06	8.038245e-09
2.32434012e-06	6.355346e-09
2.32435872e-06	6.220165e-09
2.32437731e-06	7.031129e-09
2.32439591e-06	4.546199e-09
2.32441450e-06	2.837591e-09
2.32443310e-06	6.676459e-09
2.32445169e-06	7.942282e-09
2.32447029e-06	6.776069e-09
2.32448888e-06	7.944493e-09
2.32450748e-06	8.636665e-09
2.32452608e-06	7.108622e-09
2.32454467e-06	6.428737e-09
2.32456327e-06	7.220210e-09
2.32458187e-06	8.285146e-09
2.32460046e-06	8.503212e-09
2.32461906e-06	7.776464e-09
2.32463766e-06	8.329226e-09
2.32465625e-06	7.787306e-09
2.32467485e-06	5.146157e-09
2.32469345e-06	5.826157e-09
2.32471205e-06	7.976546e-09
2.32473064e-06	5.385510e-09
2.32474924e-06	4.402931e-09
2.32476784e-06	7.051310e-09
2.32478644e-06	6.744254e-09
2.32480504e-06	2.760640e-09
2.32482363e-06	3.556350e-09
2.32484223e-06	5.975074e-09
2.32486083e-06	4.348371e-09
2.32487943e-06	5.340425e-09
2.32489803e-06	5.474383e-09
2.32491663e-06	6.410676e-09
2.32493523e-06	7.949384e-09
2.32495383e-06	7.880811e-09
2.32497243e-06	7.964143e-09
2.32499103e-06	6.702004e-09
2.32500963e-06	7.389236e-09
2.32502823e-06	8.039483e-09
2.32504683e-06	8.629608e-09
2.32506543e-06	8.589027e-09
2.32508403e-06	8.103622e-09
2.32510263e-06	6.521800e-09
2.32512123e-06	4.643850e-09
2.32513983e-06	6.781722e-09
2.32515843e-06	6.401001e-09
2.32517703e-06	5.051575e-09
2.32519563e-06	2.179823e-09
2.32521424e-06	2.184280e-09
2.32523284e-06	4.486487e-09
2.32525144e-06	2.641770e-09
2.32527004e-06	4.227989e-09
2.32528864e-06	7.130104e-09
2.32530725e-06	6.933314e-09
2.32532585e-06	6.680161e-09
2.32534445e-06	7.302456e-09
2.32536305e-06	8.441283e-09
2.32538166e-06	8.667721e-09
2.32540026e-06	8.280112e-09
2.32541886e-06	7.813318e-09
2.32543747e-06	7.672921e-09
2.32545607e-06	7.329148e-09
2.32547467e-06	8.374025e-09
2.32549328e-06	7.432091e-09
2.32551188e-06	6.914961e-09
2.32553048e-06	7.016137e-09
2.32554909e-06	7.403947e-09
2.32556769e-06	7.596408e-09
2.32558630e-06	6.265392e-09
2.32560490e-06	5.243425e-09
2.32562351e-06	6.652593e-09
2.32564211e-06	7.400560e-09
2.32566072e-06	5.822182e-09
2.32567932e-06	7.050057e-09
2.32569793e-06	7.965311e-09
2.32571654e-06	6.559565e-09
2.32573514e-06	2.552144e-09
2.32575375e-06	4.047111e-09
2.32577235e-06	7.460511e-09
2.32579096e-06	7.906292e-09
2.32580956e-06	8.461142e-09
2.32582817e-06	7.973856e-09
2.32584678e-06	4.925209e-09
2.32586538e-06	4.176050e-09
2.32588399e-06	4.071862e-09
2.32590260e-06	6.230758e-09
2.32592121e-06	6.875003e-09
2.32593981e-06	6.633238e-09
2.32595842e-06	5.132370e-09
2.32597703e-06	4.425912e-09
2.32599564e-06	4.277954e-09
2.32601424e-06	7.071006e-09
2.32603285e-06	7.320852e-09
2.32605146e-06	6.573933e-09
2.32607007e-06	7.009822e-09
2.32608868e-06	5.249804e-09
2.32610729e-06	5.033936e-09
2.32612590e-06	5.496936e-09
2.32614450e-06	8.098131e-09
2.32616311e-06	7.744479e-09
2.32618172e-06	6.961242e-09
2.32620033e-06	7.652795e-09
2.32621894e-06	7.500938e-09
2.32623755e-06	6.989503e-09
2.32625616e-06	2.881843e-09
2.32627477e-06	3.183809e-09
2.32629338e-06	4.817941e-09
2.32631199e-06	3.539167e-09
2.32633060e-06	5.423052e-09
2.32634921e-06	5.460376e-09
2.32636782e-06	6.576870e-09
2.32638643e-06	6.990918e-09
2.32640505e-06	6.830718e-09
2.32642366e-06	6.781597e-09
2.32644227e-06	6.375706e-09
2.32646088e-06	7.385998e-09
2.32647949e-06	7.610809e-09
2.32649810e-06	7.886888e-09
2.32651671e-06	7.982907e-09
2.32653533e-06	8.916860e-09
2.32655394e-06	8.065850e-09
2.32657255e-06	8.228628e-09
2.32659116e-06	8.268372e-09
2.32660978e-06	7.647146e-09
2.32662839e-06	6.343703e-09
2.32664700e-06	6.240228e-09
2.32666562e-06	6.867924e-09
2.32668423e-06	5.190693e-09
2.32670284e-06	7.234806e-09
2.32672146e-06	6.514379e-09
2.32674007e-06	6.680939e-09
2.32675869e-06	7.718765e-09
2.32677730e-06	7.209230e-09
2.32679591e-06	5.496066e-09
2.32681453e-06	2.218057e-09
2.32683314e-06	2.386072e-09
2.32685176e-06	4.710468e-09
2.32687037e-06	6.782539e-09
2.32688899e-06	6.896139e-09
2.32690760e-06	6.864828e-09
2.32692622e-06	7.325374e-09
2.32694483e-06	6.570546e-09
2.32696345e-06	6.885584e-09
2.32698206e-06	7.515361e-09
2.32700068e-06	7.531684e-09
2.32701930e-06	6.796545e-09
2.32703791e-06	7.707599e-09
2.32705653e-06	8.659485e-09
2.32707514e-06	7.699897e-09
2.32709376e-06	6.460943e-09
2.32711238e-06	5.418965e-09
2.32713099e-06	4.021476e-09
2.32714961e-06	5.578584e-09
2.32716823e-06	7.206224e-09
2.32718685e-06	6.556796e-09
2.32720546e-06	7.637708e-09
2.32722408e-06	7.841854e-09
2.32724270e-06	6.960209e-09
2.32726132e-06	8.555792e-09
2.32727993e-06	7.654782e-09
2.32729855e-06	5.459921e-09
2.32731717e-06	6.457409e-09
2.32733579e-06	8.266078e-09
2.32735441e-06	8.764992e-09
2.32737303e-06	7.743674e-09
2.32739165e-06	7.125216e-09
2.32741027e-06	6.365135e-09
2.32742888e-06	3.008987e-09
2.32744750e-06	2.841503e-09
2.32746612e-06	6.296640e-09
2.32748474e-06	7.637312e-09
2.32750336e-06	8.176826e-09
2.32752198e-06	7.813290e-09
2.32754060e-06	8.022979e-09
2.32755922e-06	7.965244e-09
2.32757784e-06	8.629731e-09
2.32759646e-06	7.053865e-09
2.32761509e-06	4.649662e-09
2.32763371e-06	7.282277e-09
2.32765233e-06	8.597143e-09
2.32767095e-06	8.075535e-09
2.32768957e-06	7.775588e-09
2.32770819e-06	8.137587e-09
2.32772681e-06	7.963663e-09
2.32774544e-06	8.325842e-09
2.32776406e-06	8.494947e-09
2.32778268e-06	8.514658e-09
2.32780130e-06	8.255235e-09
2.32781992e-06	7.398744e-09
2.32783855e-06	3.683728e-09
2.32785717e-06	3.041389e-09
2.32787579e-06	5.131570e-09
2.32789442e-06	6.596575e-09
2.32791304e-06	4.641415e-09
2.32793166e-06	5.069672e-09
2.32795028e-06	3.266254e-09
2.32796891e-06	3.035999e-09
2.32798753e-06	7.126825e-09
2.32800616e-06	8.061577e-09
2.32802478e-06	8.312938e-09
2.32804340e-06	7.769724e-09
2.32806203e-06	6.248323e-09
2.32808065e-06	2.612164e-09
2.32809928e-06	2.994739e-09
2.32811790e-06	6.325889e-09
2.32813653e-06	6.589380e-09
2.32815515e-06	6.947153e-09
2.32817378e-06	8.210860e-09
2.32819240e-06	7.517215e-09
2.32821103e-06	7.204476e-09
2.32822965e-06	6.400422e-09
2.32824828e-06	7.453613e-09
2.32826691e-06	8.120377e-09
2.32828553e-06	7.601382e-09
2.32830416e-06	5.256806e-09
2.32832279e-06	5.468548e-09
2.32834141e-06	7.476059e-09
2.32836004e-06	7.948895e-09
2.32837867e-06	7.584896e-09
2.32839729e-06	5.374046e-09
2.32841592e-06	3.417974e-09
2.32843455e-06	6.346599e-09
2.32845317e-06	5.916418e-09
2.32847180e-06	2.117379e-09
2.32849043e-06	2.223032e-09
2.32850906e-06	4.881523e-09
2.32852769e-06	6.340269e-09
2.32854631e-06	6.665101e-09
2.32856494e-06	7.845736e-09
2.32858357e-06	8.559317e-09
2.32860220e-06	8.229389e-09
2.32862083e-06	7.482098e-09
2.32863946e-06	5.550648e-09
2.32865809e-06	5.439408e-09
2.32867672e-06	5.983223e-09
2.32869535e-06	6.535805e-09
2.32871397e-06	3.663320e-09
2.32873260e-06	4.934265e-09
2.32875123e-06	6.570646e-09
2.32876987e-06	2.639644e-09
2.32878849e-06	3.002057e-09
2.32880712e-06	5.125975e-09
2.32882576e-06	6.014936e-09
2.32884439e-06	7.887361e-09
2.32886302e-06	8.171033e-09
2.32888165e-06	7.064831e-09
2.32890028e-06	6.710956e-09
2.32891891e-06	6.545459e-09
2.32893754e-06	6.234364e-09
2.32895617e-06	6.747372e-09
2.32897481e-06	7.649054e-09
2.32899344e-06	6.429623e-09
2.32901207e-06	6.481364e-09
2.32903070e-06	7.922081e-09
2.32904933e-06	7.855273e-09
2.32906797e-06	6.975915e-09
2.32908660e-06	4.262396e-09
2.32910523e-06	5.964463e-09
2.32912386e-06	8.514551e-09
2.32914250e-06	8.388644e-09
2.32916113e-06	7.954303e-09
2.32917976e-06	6.852678e-09
2.32919840e-06	3.383958e-09
2.32921703e-06	3.587935e-09
2.32923566e-06	7.672119e-09
2.32925430e-06	8.475786e-09
2.32927293e-06	7.796958e-09
2.32929157e-06	8.198818e-09
2.32931020e-06	8.900918e-09
2.32932883e-06	8.708605e-09
2.32934747e-06	7.630687e-09
2.32936610e-06	6.659764e-09
2.32938474e-06	5.781204e-09
2.32940337e-06	7.354282e-09
2.32942201e-06	6.495894e-09
2.32944065e-06	7.472591e-09
2.32945928e-06	6.451355e-09
2.32947792e-06	4.686819e-09
2.32949655e-06	3.336073e-09
2.32951519e-06	2.494742e-09
2.32953382e-06	6.196141e-09
2.32955246e-06	7.234474e-09
2.32957110e-06	7.972752e-09
2.32958973e-06	8.473780e-09
2.32960837e-06	8.906957e-09
2.32962701e-06	8.738817e-09
2.32964564e-06	7.836539e-09
2.32966428e-06	8.736056e-09
2.32968292e-06	9.168507e-09
2.32970156e-06	9.529278e-09
2.32972019e-06	9.457852e-09
2.32973883e-06	9.060745e-09
2.32975747e-06	8.229111e-09
2.32977611e-06	8.146091e-09
2.32979475e-06	6.111733e-09
2.32981338e-06	6.425295e-09
2.32983202e-06	8.573610e-09
2.32985066e-06	8.211312e-09
2.32986930e-06	7.065542e-09
2.32988794e-06	8.216294e-09
2.32990658e-06	8.144155e-09
2.32992522e-06	7.151575e-09
2.32994386e-06	7.117997e-09
2.32996250e-06	6.856282e-09
2.32998113e-06	7.678309e-09
2.32999977e-06	7.792380e-09
2.33001842e-06	4.601778e-09
2.33003706e-06	3.748681e-09
2.33005570e-06	7.377573e-09
2.33007434e-06	7.636609e-09
2.33009298e-06	6.008256e-09
2.33011162e-06	5.829158e-09
2.33013026e-06	6.473802e-09
2.33014890e-06	6.591504e-09
2.33016754e-06	3.534068e-09
2.33018618e-06	2.250389e-09
2.33020482e-06	2.971973e-09
2.33022347e-06	5.973806e-09
2.33024211e-06	6.230111e-09
2.33026075e-06	4.877764e-09
2.33027939e-06	2.443992e-09
2.33029803e-06	3.668073e-09
2.33031667e-06	7.134120e-09
2.33033532e-06	7.668114e-09
2.33035396e-06	7.835917e-09
2.33037260e-06	7.421912e-09
2.33039125e-06	4.619498e-09
2.33040989e-06	5.758244e-09
2.33042853e-06	7.792426e-09
2.33044718e-06	5.591233e-09
2.33046582e-06	3.885403e-09
2.33048446e-06	6.072779e-09
2.33050311e-06	6.562417e-09
2.33052175e-06	2.505107e-09
2.33054040e-06	3.140732e-09
2.33055904e-06	6.999907e-09
2.33057768e-06	5.643898e-09
2.33059633e-06	2.300652e-09
2.33061497e-06	4.523297e-09
2.33063362e-06	4.676693e-09
2.33065226e-06	4.157086e-09
2.33067091e-06	4.162463e-09
2.33068955e-06	5.039974e-09
2.33070820e-06	3.841820e-09
2.33072685e-06	5.741585e-09
2.33074549e-06	4.155217e-09
2.33076414e-06	5.998057e-09
2.33078278e-06	6.657720e-09
2.33080143e-06	5.607146e-09
2.33082008e-06	7.100278e-09
2.33083872e-06	7.809437e-09
2.33085737e-06	8.029994e-09
2.33087602e-06	7.474431e-09
2.33089466e-06	6.955395e-09
2.33091331e-06	7.779259e-09
2.33093196e-06	7.401970e-09
2.33095061e-06	6.773104e-09
2.33096925e-06	7.352696e-09
2.33098790e-06	6.352712e-09
2.33100655e-06	6.532059e-09
2.33102520e-06	5.054367e-09
2.33104384e-06	6.505727e-09
2.33106249e-06	7.368304e-09
2.33108114e-06	3.437148e-09
2.33109979e-06	2.485815e-09
2.33111844e-06	5.744897e-09
2.33113709e-06	6.904720e-09
2.33115574e-06	5.857907e-09
2.33117439e-06	6.035453e-09
2.33119304e-06	5.543243e-09
2.33121169e-06	2.335804e-09
2.33123033e-06	4.113885e-09
2.33124898e-06	5.888901e-09
2.33126763e-06	6.011038e-09
2.33128629e-06	7.933481e-09
2.33130493e-06	7.374570e-09
2.33132359e-06	7.130355e-09
2.33134224e-06	8.265592e-09
2.33136089e-06	7.690861e-09
2.33137954e-06	5.192994e-09
2.33139819e-06	6.429664e-09
2.33141684e-06	7.464008e-09
2.33143549e-06	7.158597e-09
2.33145414e-06	7.102281e-09
2.33147280e-06	8.057446e-09
2.33149145e-06	7.694361e-09
2.33151010e-06	7.686190e-09
2.33152875e-06	7.026892e-09
2.33154740e-06	5.047101e-09
2.33156606e-06	6.481871e-09
2.33158471e-06	6.178239e-09
2.33160336e-06	3.891224e-09
2.33162201e-06	5.369445e-09
2.33164067e-06	4.526793e-09
2.33165932e-06	3.870605e-09
2.33167797e-06	7.847436e-09
2.33169663e-06	7.907026e-09
2.33171528e-06	5.918180e-09
2.33173393e-06	4.155310e-09
2.33175259e-06	7.346198e-09
2.33177124e-06	6.751263e-09
2.33178990e-06	5.349412e-09
2.33180855e-06	7.158300e-09
2.33182720e-06	7.267437e-09
2.33184586e-06	7.610579e-09
2.33186451e-06	5.927055e-09
2.33188317e-06	6.052631e-09
2.33190182e-06	5.059487e-09
2.33192048e-06	2.155185e-09
2.33193913e-06	2.346927e-09
2.33195779e-06	2.475147e-09
2.33197644e-06	4.962111e-09
2.33199510e-06	5.871233e-09
2.33201376e-06	6.492531e-09
2.33203241e-06	7.974771e-09
2.33205107e-06	8.234258e-09
2.33206973e-06	7.992990e-09
2.33208838e-06	8.031189e-09
2.33210704e-06	6.293786e-09
2.33212570e-06	7.428256e-09
2.33214435e-06	8.333872e-09
2.33216301e-06	7.779695e-09
2.33218167e-06	7.978751e-09
2.33220033e-06	8.317705e-09
2.33221898e-06	6.348462e-09
2.33223764e-06	6.009780e-09
2.33225630e-06	5.131861e-09
2.33227496e-06	6.993276e-09
2.33229361e-06	8.454502e-09
2.33231227e-06	8.968758e-09
2.33233093e-06	8.418903e-09
2.33234959e-06	8.485402e-09
2.33236825e-06	8.429997e-09
2.33238691e-06	6.856111e-09
2.33240557e-06	6.589007e-09
2.33242423e-06	8.154328e-09
2.33244288e-06	8.241184e-09
2.33246154e-06	7.124237e-09
2.33248020e-06	6.286074e-09
2.33249886e-06	6.961585e-09
2.33251752e-06	8.194135e-09
2.33253618e-06	8.248053e-09
2.33255485e-06	5.512830e-09
2.33257350e-06	5.066247e-09
2.33259217e-06	7.046844e-09
2.33261083e-06	7.385121e-09
2.33262949e-06	8.578289e-09
2.33264815e-06	8.562308e-09
2.33266681e-06	7.996206e-09
2.33268547e-06	8.799200e-09
2.33270413e-06	8.708104e-09
2.33272279e-06	7.645976e-09
2.33274146e-06	6.470342e-09
2.33276012e-06	7.093119e-09
2.33277878e-06	5.937142e-09
2.33279744e-06	6.387684e-09
2.33281610e-06	6.279780e-09
2.33283477e-06	2.634762e-09
2.33285343e-06	2.487061e-09
2.33287209e-06	6.008465e-09
2.33289075e-06	3.469215e-09
2.33290942e-06	2.240529e-09
2.33292808e-06	6.500971e-09
2.33294675e-06	7.648558e-09
2.33296541e-06	7.934308e-09
2.33298407e-06	7.307016e-09
2.33300274e-06	7.552358e-09
2.33302140e-06	8.458556e-09
2.33304006e-06	8.018146e-09
2.33305873e-06	7.808253e-09
2.33307739e-06	7.960683e-09
2.33309606e-06	7.777957e-09
2.33311472e-06	6.926770e-09
2.33313339e-06	7.260754e-09
2.33315205e-06	5.925982e-09
2.33317072e-06	5.092338e-09
2.33318938e-06	7.454082e-09
2.33320805e-06	7.852282e-09
2.33322671e-06	5.774693e-09
2.33324538e-06	5.190283e-09
2.33326405e-06	6.812071e-09
2.33328271e-06	5.455702e-09
2.33330138e-06	7.552690e-09
2.33332004e-06	8.087177e-09
2.33333871e-06	8.001319e-09
2.33335738e-06	7.245445e-09
2.33337604e-06	6.404570e-09
2.33339471e-06	6.981764e-09
2.33341338e-06	6.877095e-09
2.33343205e-06	8.495937e-09
2.33345071e-06	8.636045e-09
2.33346938e-06	8.604130e-09
2.33348805e-06	8.018455e-09
2.33350672e-06	6.729507e-09
2.33352538e-06	5.332304e-09
2.33354405e-06	6.043517e-09
2.33356272e-06	5.245917e-09
2.33358139e-06	3.546434e-09
2.33360006e-06	7.172013e-09
2.33361873e-06	7.982429e-09
2.33363740e-06	7.102677e-09
2.33365607e-06	7.072336e-09
2.33367473e-06	7.037764e-09
2.33369340e-06	4.804346e-09
2.33371207e-06	2.159123e-09
2.33373074e-06	2.351124e-09
2.33374941e-06	5.164702e-09
2.33376808e-06	3.267811e-09
2.33378675e-06	2.429149e-09
2.33380542e-06	5.800167e-09
2.33382410e-06	7.625445e-09
2.33384277e-06	7.268241e-09
2.33386144e-06	7.725541e-09
2.33388011e-06	8.508606e-09
2.33389878e-06	8.052586e-09
2.33391745e-06	8.120012e-09
2.33393612e-06	7.417595e-09
2.33395479e-06	5.960989e-09
2.33397346e-06	7.814861e-09
2.33399213e-06	9.028738e-09
2.33401081e-06	8.680395e-09
2.33402948e-06	8.097032e-09
2.33404815e-06	7.641593e-09
2.33406682e-06	8.176784e-09
2.33408550e-06	9.032361e-09
2.33410417e-06	9.085033e-09
2.33412284e-06	7.746543e-09
2.33414152e-06	4.241997e-09
2.33416019e-06	2.726225e-09
2.33417886e-06	5.539549e-09
2.33419754e-06	4.864620e-09
2.33421621e-06	4.505347e-09
2.33423488e-06	6.588025e-09
2.33425356e-06	7.486159e-09
2.33427223e-06	7.237232e-09
2.33429090e-06	5.739451e-09
2.33430958e-06	3.654085e-09
2.33432825e-06	5.079233e-09
2.33434693e-06	5.786118e-09
2.33436560e-06	6.396823e-09
2.33438428e-06	7.619726e-09
2.33440295e-06	8.218041e-09
2.33442163e-06	6.532993e-09
2.33444030e-06	4.433006e-09
2.33445898e-06	5.887482e-09
2.33447765e-06	6.588185e-09
2.33449633e-06	6.990453e-09
2.33451501e-06	5.880713e-09
2.33453368e-06	6.951039e-09
2.33455236e-06	7.558524e-09
2.33457104e-06	6.404082e-09
2.33458971e-06	7.717064e-09
2.33460839e-06	8.287103e-09
2.33462706e-06	6.014862e-09
2.33464574e-06	5.622296e-09
2.33466442e-06	7.302317e-09
2.33468310e-06	8.327828e-09
2.33470177e-06	7.824601e-09
2.33472045e-06	7.147888e-09
2.33473913e-06	4.637736e-09
2.33475781e-06	2.427993e-09
2.33477648e-06	2.331353e-09
2.33479516e-06	4.671227e-09
2.33481384e-06	5.940449e-09
2.33483252e-06	5.320442e-09
2.33485120e-06	5.285933e-09
2.33486988e-06	5.051097e-09
2.33488856e-06	6.181104e-09
2.33490724e-06	8.450046e-09
2.33492591e-06	8.900331e-09
2.33494460e-06	8.538340e-09
2.33496327e-06	7.930924e-09
2.33498195e-06	5.340048e-09
2.33500063e-06	5.878677e-09
2.33501931e-06	8.454164e-09
2.33503799e-06	8.732308e-09
2.33505667e-06	8.892691e-09
2.33507535e-06	8.640160e-09
2.33509404e-06	6.868062e-09
2.33511272e-06	3.219065e-09
2.33513140e-06	3.371432e-09
2.33515008e-06	7.182995e-09
2.33516876e-06	7.211506e-09
2.33518744e-06	5.461722e-09
2.33520612e-06	5.978517e-09
2.33522480e-06	7.037923e-09
2.33524348e-06	5.804731e-09
2.33526217e-06	5.643077e-09
2.33528085e-06	6.915697e-09
2.33529953e-06	7.236235e-09
2.33531821e-06	6.768365e-09
2.33533690e-06	6.368567e-09
2.33535558e-06	6.659192e-09
2.33537426e-06	4.833881e-09
2.33539294e-06	4.472984e-09
2.33541163e-06	7.099007e-09
2.33543031e-06	7.401113e-09
2.33544900e-06	7.394331e-09
2.33546768e-06	6.648637e-09
2.33548636e-06	6.389088e-09
2.33550505e-06	6.501361e-09
2.33552373e-06	4.541415e-09
2.33554242e-06	2.167863e-09
2.33556110e-06	3.278109e-09
2.33557978e-06	6.579200e-09
2.33559847e-06	7.160343e-09
2.33561715e-06	6.909863e-09
2.33563584e-06	6.607347e-09
2.33565452e-06	5.039296e-09
2.33567321e-06	2.889604e-09
2.33569189e-06	5.513442e-09
2.33571058e-06	5.530085e-09
2.33572927e-06	5.464722e-09
2.33574795e-06	5.572187e-09
2.33576664e-06	2.558391e-09
2.33578532e-06	2.439720e-09
2.33580401e-06	5.467804e-09
2.33582269e-06	6.896563e-09
2.33584138e-06	7.798765e-09
2.33586007e-06	8.238709e-09
2.33587876e-06	7.705024e-09
2.33589744e-06	6.147489e-09
2.33591613e-06	6.416053e-09
2.33593482e-06	8.119007e-09
2.33595350e-06	7.844401e-09
2.33597219e-06	5.978302e-09
2.33599088e-06	6.657538e-09
2.33600957e-06	7.472946e-09
2.33602826e-06	7.546674e-09
2.33604694e-06	7.875959e-09
2.33606563e-06	8.499726e-09
2.33608432e-06	9.011030e-09
2.33610301e-06	9.147994e-09
2.33612170e-06	9.228222e-09
2.33614039e-06	8.762118e-09
2.33615908e-06	8.166642e-09
2.33617777e-06	8.291535e-09
2.33619646e-06	7.428651e-09
2.33621514e-06	7.502499e-09
2.33623383e-06	8.467746e-09
2.33625253e-06	7.682533e-09
2.33627121e-06	7.436516e-09
2.33628990e-06	7.165496e-09
2.33630860e-06	7.642373e-09
2.33632729e-06	5.941110e-09
2.33634598e-06	3.797634e-09
2.33636467e-06	4.557608e-09
2.33638336e-06	7.514902e-09
2.33640205e-06	6.889379e-09
2.33642074e-06	6.864104e-09
2.33643943e-06	8.142459e-09
2.33645812e-06	6.876629e-09
2.33647681e-06	8.068053e-09
2.33649551e-06	8.109816e-09
2.33651420e-06	8.004253e-09
2.33653289e-06	8.941759e-09
2.33655158e-06	8.244959e-09
2.33657028e-06	7.177582e-09
2.33658897e-06	8.241698e-09
2.33660766e-06	7.652217e-09
2.33662635e-06	7.368824e-09
2.33664505e-06	7.677301e-09
2.33666374e-06	8.044032e-09
2.33668243e-06	7.482413e-09
2.33670113e-06	4.416118e-09
2.33671982e-06	3.604297e-09
2.33673851e-06	5.296686e-09
2.33675721e-06	5.432236e-09
2.33677590e-06	7.129459e-09
2.33679460e-06	7.488033e-09
2.33681329e-06	6.003640e-09
2.33683198e-06	2.424475e-09
2.33685068e-06	2.890414e-09
2.33686937e-06	5.712256e-09
2.33688807e-06	6.039358e-09
2.33690676e-06	5.972539e-09
2.33692546e-06	6.280059e-09
2.33694415e-06	6.293527e-09
2.33696285e-06	6.626651e-09
2.33698155e-06	3.905721e-09
2.33700024e-06	4.676788e-09
2.33701894e-06	6.422803e-09
2.33703763e-06	7.160035e-09
2.33705633e-06	6.935717e-09
2.33707503e-06	7.625412e-09
2.33709372e-06	7.874187e-09
2.33711242e-06	7.723560e-09
2.33713112e-06	7.938009e-09
2.33714981e-06	7.127951e-09
2.33716851e-06	7.688093e-09
2.33718721e-06	8.756060e-09
2.33720591e-06	7.270411e-09
2.33722460e-06	6.397604e-09
2.33724330e-06	7.238284e-09
2.33726200e-06	7.114877e-09
2.33728070e-06	5.222715e-09
2.33729940e-06	5.309998e-09
2.33731809e-06	7.553491e-09
2.33733679e-06	7.975356e-09
2.33735549e-06	7.881279e-09
2.33737419e-06	7.347620e-09
2.33739289e-06	4.593785e-09
2.33741159e-06	2.137115e-09
2.33743029e-06	3.480409e-09
2.33744899e-06	6.690793e-09
2.33746769e-06	7.308988e-09
2.33748639e-06	6.366712e-09
2.33750509e-06	6.822538e-09
2.33752379e-06	7.452182e-09
2.33754249e-06	7.651261e-09
2.33756119e-06	7.885161e-09
2.33757989e-06	8.876756e-09
2.33759859e-06	8.903932e-09
2.33761729e-06	8.063291e-09
2.33763599e-06	6.498775e-09
2.33765469e-06	7.858097e-09
2.33767339e-06	7.724774e-09
2.33769209e-06	7.593651e-09
2.33771079e-06	7.076258e-09
2.33772950e-06	5.535964e-09
2.33774820e-06	3.192603e-09
2.33776690e-06	5.792638e-09
2.33778560e-06	7.808353e-09
2.33780431e-06	7.976496e-09
2.33782301e-06	8.073902e-09
2.33784171e-06	7.415559e-09
2.33786041e-06	7.568294e-09
2.33787912e-06	8.001996e-09
2.33789782e-06	7.299908e-09
2.33791652e-06	5.130794e-09
2.33793523e-06	2.415909e-09
2.33795393e-06	3.023827e-09
2.33797263e-06	5.621998e-09
2.33799134e-06	7.084547e-09
2.33801004e-06	7.692019e-09
2.33802874e-06	6.919178e-09
2.33804745e-06	5.862147e-09
2.33806615e-06	7.320791e-09
2.33808486e-06	7.253718e-09
2.33810356e-06	7.886755e-09
2.33812227e-06	6.976036e-09
2.33814097e-06	7.509852e-09
2.33815968e-06	7.687615e-09
2.33817838e-06	6.678716e-09
2.33819709e-06	5.655380e-09
2.33821579e-06	6.508769e-09
2.33823450e-06	4.095818e-09
2.33825321e-06	6.914073e-09
2.33827191e-06	7.203774e-09
2.33829062e-06	7.106640e-09
2.33830932e-06	6.911464e-09
2.33832803e-06	4.647521e-09
2.33834674e-06	4.728684e-09
2.33836544e-06	7.711779e-09
2.33838415e-06	7.360276e-09
2.33840286e-06	8.122746e-09
2.33842156e-06	7.937151e-09
2.33844027e-06	6.605431e-09
2.33845898e-06	4.551863e-09
2.33847769e-06	6.139631e-09
2.33849639e-06	7.035824e-09
2.33851510e-06	6.840895e-09
2.33853381e-06	5.742057e-09
2.33855252e-06	6.234756e-09
2.33857123e-06	6.306139e-09
2.33858994e-06	5.548185e-09
2.33860864e-06	6.155711e-09
2.33862735e-06	7.569116e-09
2.33864606e-06	7.432320e-09
2.33866477e-06	7.175640e-09
2.33868348e-06	5.915455e-09
2.33870219e-06	5.851708e-09
2.33872090e-06	3.801338e-09
2.33873961e-06	3.074115e-09
2.33875832e-06	5.442672e-09
2.33877703e-06	6.085427e-09
2.33879574e-06	7.709109e-09
2.33881445e-06	8.069148e-09
2.33883316e-06	8.573423e-09
2.33885187e-06	8.750157e-09
2.33887058e-06	7.333330e-09
2.33888929e-06	7.448591e-09
2.33890800e-06	7.278174e-09
2.33892672e-06	6.795808e-09
2.33894543e-06	4.597202e-09
2.33896414e-06	4.201464e-09
2.33898285e-06	7.131406e-09
2.33900156e-06	7.370942e-09
2.33902027e-06	7.026649e-09
2.33903899e-06	6.937732e-09
2.33905770e-06	5.556552e-09
2.33907641e-06	2.399452e-09
2.33909512e-06	2.727472e-09
2.33911384e-06	6.075895e-09
2.33913255e-06	7.304674e-09
2.33915126e-06	7.048737e-09
2.33916998e-06	6.960241e-09
2.33918869e-06	5.405026e-09
2.33920740e-06	5.958134e-09
2.33922612e-06	6.555179e-09
2.33924483e-06	7.529160e-09
2.33926354e-06	8.090828e-09
2.33928226e-06	6.727046e-09
2.33930097e-06	4.221195e-09
2.33931969e-06	2.087239e-09
2.33933840e-06	3.029404e-09
2.33935712e-06	6.929586e-09
2.33937583e-06	7.791649e-09
2.33939455e-06	7.811222e-09
2.33941326e-06	8.017775e-09
2.33943198e-06	8.029980e-09
2.33945069e-06	6.990892e-09
2.33946941e-06	4.407056e-09
2.33948812e-06	5.497447e-09
2.33950684e-06	7.774822e-09
2.33952556e-06	8.308579e-09
2.33954427e-06	8.330145e-09
2.33956299e-06	7.608475e-09
2.33958171e-06	7.195345e-09
2.33960042e-06	4.666763e-09
2.33961914e-06	3.968326e-09
2.33963785e-06	6.581649e-09
2.33965657e-06	5.405767e-09
2.33967529e-06	4.732162e-09
2.33969401e-06	8.056493e-09
2.33971272e-06	7.995420e-09
2.33973144e-06	6.865413e-09
2.33975016e-06	5.495654e-09
2.33976888e-06	7.088711e-09
2.33978760e-06	7.470254e-09
2.33980631e-06	7.509592e-09
2.33982503e-06	8.429888e-09
2.33984375e-06	7.791661e-09
2.33986247e-06	4.643817e-09
2.33988119e-06	2.070333e-09
2.33989991e-06	2.350155e-09
2.33991863e-06	5.973325e-09
2.33993735e-06	8.054568e-09
2.33995607e-06	7.064344e-09
2.33997479e-06	8.213985e-09
2.33999351e-06	8.493436e-09
2.34001223e-06	6.975755e-09
2.34003095e-06	4.513640e-09
2.34004967e-06	4.957656e-09
2.34006839e-06	4.834201e-09
2.34008711e-06	5.885746e-09
2.34010583e-06	7.507490e-09
2.34012455e-06	5.489222e-09
2.34014327e-06	6.759896e-09
2.34016199e-06	6.271272e-09
2.34018071e-06	6.130794e-09
2.34019943e-06	6.928820e-09
2.34021815e-06	7.668005e-09
2.34023688e-06	6.687635e-09
2.34025560e-06	2.508251e-09
2.34027432e-06	2.403357e-09
2.34029304e-06	3.921907e-09
2.34031177e-06	6.483538e-09
2.34033049e-06	7.266728e-09
2.34034921e-06	5.228093e-09
2.34036793e-06	3.864510e-09
2.34038666e-06	3.851020e-09
2.34040538e-06	3.660680e-09
2.34042410e-06	3.996398e-09
2.34044283e-06	3.632432e-09
2.34046155e-06	6.607868e-09
2.34048027e-06	8.111502e-09
2.34049900e-06	7.744959e-09
2.34051772e-06	4.025361e-09
2.34053644e-06	4.659889e-09
2.34055517e-06	6.499384e-09
2.34057389e-06	5.098429e-09
2.34059262e-06	6.282256e-09
2.34061134e-06	5.108420e-09
2.34063007e-06	4.356051e-09
2.34064879e-06	6.821851e-09
2.34066752e-06	5.683538e-09
2.34068624e-06	6.878675e-09
2.34070497e-06	8.797831e-09
2.34072369e-06	8.645852e-09
2.34074242e-06	8.487150e-09
2.34076115e-06	8.748449e-09
2.34077987e-06	7.740000e-09
2.34079860e-06	8.410944e-09
2.34081733e-06	7.827735e-09
2.34083605e-06	7.003138e-09
2.34085478e-06	7.905644e-09
2.34087350e-06	7.582473e-09
2.34089223e-06	7.483919e-09
2.34091096e-06	7.927701e-09
2.34092969e-06	7.741234e-09
2.34094841e-06	8.784587e-09
2.34096714e-06	8.184500e-09
2.34098587e-06	7.697287e-09
2.34100460e-06	7.776539e-09
2.34102333e-06	7.784934e-09
2.34104205e-06	7.109652e-09
2.34106078e-06	3.874854e-09
2.34107951e-06	2.190550e-09
2.34109824e-06	4.562557e-09
2.34111697e-06	6.394848e-09
2.34113570e-06	4.684161e-09
2.34115443e-06	2.108509e-09
2.34117315e-06	5.657025e-09
2.34119188e-06	7.472802e-09
2.34121061e-06	7.743921e-09
2.34122934e-06	7.364287e-09
2.34124807e-06	6.516176e-09
2.34126680e-06	2.170354e-09
2.34128553e-06	2.250882e-09
2.34130426e-06	7.193677e-09
2.34132299e-06	7.811433e-09
2.34134172e-06	5.787829e-09
2.34136045e-06	2.999633e-09
2.34137919e-06	6.673448e-09
2.34139792e-06	7.731013e-09
2.34141665e-06	7.037554e-09
2.34143538e-06	6.681905e-09
2.34145411e-06	5.230225e-09
2.34147284e-06	4.236913e-09
2.34149158e-06	2.387639e-09
2.34151031e-06	4.055288e-09
2.34152904e-06	6.487903e-09
2.34154777e-06	5.694593e-09
2.34156650e-06	6.326721e-09
2.34158524e-06	6.955870e-09
2.34160397e-06	8.264574e-09
2.34162270e-06	8.403796e-09
2.34164143e-06	8.459480e-09
2.34166017e-06	8.202145e-09
2.34167890e-06	6.711880e-09
2.34169763e-06	3.459217e-09
2.34171637e-06	3.486513e-09
2.34173510e-06	6.065179e-09
2.34175384e-06	7.093974e-09
2.34177257e-06	8.377967e-09
2.34179130e-06	7.791393e-09
2.34181004e-06	8.340867e-09
2.34182877e-06	8.282357e-09
2.34184751e-06	6.681197e-09
2.34186624e-06	4.689173e-09
2.34188498e-06	3.684981e-09
2.34190371e-06	6.734467e-09
2.34192245e-06	6.367111e-09
2.34194118e-06	5.122055e-09
2.34195992e-06	5.861833e-09
2.34197865e-06	6.819060e-09
2.34199739e-06	7.469145e-09
2.34201613e-06	7.267307e-09
2.34203486e-06	3.740929e-09
2.34205360e-06	1.929836e-09
2.34207233e-06	4.920153e-09
2.34209107e-06	6.407613e-09
2.34210981e-06	7.958216e-09
2.34212855e-06	8.468731e-09
2.34214728e-06	7.708202e-09
2.34216602e-06	6.186504e-09
2.34218476e-06	6.571950e-09
2.34220349e-06	8.118886e-09
2.34222223e-06	8.781971e-09
2.34224097e-06	8.869150e-09
2.34225971e-06	8.978561e-09
2.34227844e-06	9.323117e-09
2.34229718e-06	9.613762e-09
2.34231592e-06	8.973493e-09
2.34233466e-06	8.349138e-09
2.34235340e-06	8.907849e-09
2.34237214e-06	7.923756e-09
2.34239088e-06	7.459942e-09
2.34240962e-06	7.714573e-09
2.34242835e-06	7.640896e-09
2.34244709e-06	5.325231e-09
2.34246583e-06	6.663963e-09
2.34248457e-06	8.218157e-09
2.34250331e-06	8.660725e-09
2.34252205e-06	8.818399e-09
2.34254079e-06	7.010629e-09
2.34255953e-06	5.481144e-09
2.34257827e-06	6.119212e-09
2.34259702e-06	5.974251e-09
2.34261576e-06	6.980838e-09
2.34263450e-06	8.266054e-09
2.34265324e-06	8.505176e-09
2.34267198e-06	7.620591e-09
2.34269072e-06	6.565998e-09
2.34270946e-06	7.750002e-09
2.34272820e-06	6.673496e-09
2.34274695e-06	2.417689e-09
2.34276569e-06	2.385138e-09
2.34278443e-06	5.301343e-09
2.34280317e-06	7.213530e-09
2.34282191e-06	7.666360e-09
2.34284066e-06	6.093308e-09
2.34285940e-06	5.828715e-09
2.34287814e-06	6.374443e-09
2.34289689e-06	6.969922e-09
2.34291563e-06	7.819541e-09
2.34293437e-06	8.292317e-09
2.34295312e-06	8.336417e-09
2.34297186e-06	7.705547e-09
2.34299060e-06	6.716353e-09
2.34300935e-06	7.753250e-09
2.34302809e-06	8.563634e-09
2.34304684e-06	7.744647e-09
2.34306558e-06	6.534551e-09
2.34308432e-06	7.836837e-09
2.34310307e-06	8.511920e-09
2.34312181e-06	8.261916e-09
2.34314056e-06	8.180763e-09
2.34315930e-06	6.172533e-09
2.34317805e-06	7.171800e-09
2.34319679e-06	8.086755e-09
2.34321554e-06	6.871021e-09
2.34323429e-06	4.518225e-09
2.34325303e-06	4.393544e-09
2.34327178e-06	1.993903e-09
2.34329052e-06	5.515639e-09
2.34330927e-06	6.644400e-09
2.34332802e-06	8.067651e-09
2.34334676e-06	8.901823e-09
2.34336551e-06	8.596934e-09
2.34338426e-06	7.066547e-09
2.34340300e-06	7.774967e-09
2.34342175e-06	6.977699e-09
2.34344050e-06	6.770004e-09
2.34345925e-06	6.793770e-09
2.34347799e-06	4.445361e-09
2.34349674e-06	3.542801e-09
2.34351549e-06	6.589538e-09
2.34353424e-06	7.606365e-09
2.34355299e-06	7.384917e-09
2.34357173e-06	7.482325e-09
2.34359048e-06	6.318932e-09
2.34360923e-06	3.559345e-09
2.34362798e-06	3.106268e-09
2.34364673e-06	6.480892e-09
2.34366548e-06	5.042770e-09
2.34368423e-06	2.420737e-09
2.34370298e-06	3.656755e-09
2.34372173e-06	5.644426e-09
2.34374048e-06	7.994626e-09
2.34375923e-06	7.397113e-09
2.34377798e-06	7.570377e-09
2.34379673e-06	7.973301e-09
2.34381548e-06	5.012290e-09
2.34383423e-06	3.503607e-09
2.34385298e-06	5.813596e-09
2.34387173e-06	6.556171e-09
2.34389048e-06	8.009198e-09
2.34390923e-06	7.311426e-09
2.34392798e-06	7.149514e-09
2.34394673e-06	8.473415e-09
2.34396549e-06	8.055667e-09
2.34398424e-06	6.329126e-09
2.34400299e-06	7.335292e-09
2.34402174e-06	6.268813e-09
2.34404049e-06	5.229551e-09
2.34405925e-06	2.360079e-09
2.34407800e-06	2.534601e-09
2.34409675e-06	6.107260e-09
2.34411550e-06	7.011753e-09
2.34413426e-06	6.614402e-09
2.34415301e-06	7.391632e-09
2.34417176e-06	8.175072e-09
2.34419052e-06	8.164700e-09
2.34420927e-06	7.733906e-09
2.34422802e-06	7.879004e-09
2.34424678e-06	8.094962e-09
2.34426553e-06	8.423162e-09
2.34428429e-06	6.889293e-09
2.34430304e-06	6.753162e-09
2.34432179e-06	5.710474e-09
2.34434055e-06	6.607761e-09
2.34435930e-06	7.797789e-09
2.34437806e-06	7.496138e-09
2.34439681e-06	6.894522e-09
2.34441557e-06	6.774363e-09
2.34443432e-06	6.625946e-09
2.34445308e-06	3.330011e-09
2.34447183e-06	3.840347e-09
2.34449059e-06	5.961382e-09
2.34450935e-06	4.730049e-09
2.34452810e-06	5.922704e-09
2.34454686e-06	6.927376e-09
2.34456562e-06	6.222124e-09
2.34458437e-06	6.360984e-09
2.34460313e-06	7.705834e-09
2.34462189e-06	8.220351e-09
2.34464064e-06	7.543434e-09
2.34465940e-06	7.064728e-09
2.34467816e-06	5.739561e-09
2.34469691e-06	2.050482e-09
2.34471567e-06	2.014781e-09
2.34473443e-06	5.779831e-09
2.34475319e-06	6.362657e-09
2.34477195e-06	4.747554e-09
2.34479070e-06	2.328296e-09
2.34480946e-06	3.276683e-09
2.34482822e-06	5.168717e-09
2.34484698e-06	7.645915e-09
2.34486574e-06	7.437383e-09
2.34488450e-06	5.196601e-09
2.34490326e-06	5.545924e-09
2.34492202e-06	6.015754e-09
2.34494077e-06	6.598691e-09
2.34495953e-06	4.290468e-09
2.34497829e-06	6.234578e-09
2.34499705e-06	7.220810e-09
2.34501581e-06	5.574841e-09
2.34503457e-06	1.976757e-09
2.34505333e-06	2.486208e-09
2.34507209e-06	5.688794e-09
2.34509086e-06	4.933438e-09
2.34510962e-06	7.055595e-09
2.34512838e-06	8.328166e-09
2.34514714e-06	8.620432e-09
2.34516590e-06	7.961777e-09
2.34518466e-06	7.319134e-09
2.34520342e-06	7.222970e-09
2.34522218e-06	5.277705e-09
2.34524094e-06	3.675820e-09
2.34525971e-06	5.930709e-09
2.34527847e-06	6.025456e-09
2.34529723e-06	2.389418e-09
2.34531599e-06	3.117391e-09
2.34533476e-06	6.484698e-09
2.34535352e-06	6.898733e-09
2.34537228e-06	5.174768e-09
2.34539104e-06	5.239830e-09
2.34540981e-06	2.371562e-09
2.34542857e-06	2.574639e-09
2.34544733e-06	3.438325e-09
2.34546610e-06	4.803738e-09
2.34548486e-06	3.167705e-09
2.34550363e-06	4.388972e-09
2.34552239e-06	7.586505e-09
2.34554115e-06	7.761821e-09
2.34555992e-06	6.503920e-09
2.34557868e-06	7.598197e-09
2.34559745e-06	8.090002e-09
2.34561621e-06	4.470387e-09
2.34563498e-06	4.860763e-09
2.34565374e-06	7.502306e-09
2.34567251e-06	8.716150e-09
2.34569127e-06	8.059480e-09
2.34571004e-06	7.504167e-09
2.34572880e-06	8.511046e-09
2.34574757e-06	7.158836e-09
2.34576634e-06	7.114779e-09
2.34578510e-06	9.087144e-09
2.34580387e-06	9.400028e-09
2.34582263e-06	8.579894e-09
2.34584140e-06	6.490242e-09
2.34586017e-06	6.926099e-09
2.34587894e-06	8.861577e-09
2.34589770e-06	8.682313e-09
2.34591647e-06	8.800108e-09
2.34593524e-06	8.683806e-09
2.34595400e-06	8.229409e-09
2.34597277e-06	6.771910e-09
2.34599154e-06	5.925475e-09
2.34601031e-06	8.621035e-09
2.34602908e-06	9.318707e-09
2.34604784e-06	7.497678e-09
2.34606661e-06	6.622233e-09
2.34608538e-06	7.736936e-09
2.34610415e-06	7.160080e-09
2.34612292e-06	7.130997e-09
2.34614169e-06	8.151229e-09
2.34616046e-06	7.445909e-09
2.34617923e-06	5.862694e-09
2.34619800e-06	7.902812e-09
2.34621676e-06	8.719559e-09
2.34623553e-06	8.333425e-09
2.34625430e-06	8.022010e-09
2.34627307e-06	8.336497e-09
2.34629184e-06	8.591303e-09
2.34631061e-06	7.050176e-09
2.34632938e-06	6.891027e-09
2.34634816e-06	6.903421e-09
2.34636693e-06	7.158157e-09
2.34638570e-06	7.673846e-09
2.34640447e-06	7.232523e-09
2.34642324e-06	6.578202e-09
2.34644201e-06	2.974921e-09
2.34646078e-06	1.939134e-09
2.34647955e-06	5.129444e-09
2.34649833e-06	7.070574e-09
2.34651710e-06	7.805345e-09
2.34653587e-06	7.237686e-09
2.34655464e-06	8.170593e-09
2.34657341e-06	8.689670e-09
2.34659219e-06	8.058168e-09
2.34661096e-06	7.436345e-09
2.34662973e-06	7.543911e-09
2.34664851e-06	6.752398e-09
2.34666728e-06	6.966523e-09
2.34668605e-06	8.363854e-09
2.34670483e-06	8.794162e-09
2.34672360e-06	8.296997e-09
2.34674237e-06	8.152371e-09
2.34676115e-06	7.360782e-09
2.34677992e-06	5.871566e-09
2.34679870e-06	2.413914e-09
2.34681747e-06	2.468611e-09
2.34683625e-06	6.406293e-09
2.34685502e-06	7.332575e-09
2.34687379e-06	7.047244e-09
2.34689257e-06	4.121935e-09
2.34691134e-06	2.974468e-09
2.34693012e-06	4.329741e-09
2.34694889e-06	6.180617e-09
2.34696767e-06	7.210256e-09
2.34698645e-06	8.184293e-09
2.34700522e-06	7.800482e-09
2.34702400e-06	7.656232e-09
2.34704277e-06	8.304487e-09
2.34706155e-06	8.207017e-09
2.34708033e-06	8.658577e-09
2.34709910e-06	9.124308e-09
2.34711788e-06	8.744099e-09
2.34713666e-06	8.219257e-09
2.34715543e-06	6.348942e-09
2.34717421e-06	5.523918e-09
2.34719299e-06	4.318117e-09
2.34721177e-06	6.719792e-09
2.34723054e-06	6.735536e-09
2.34724932e-06	6.736852e-09
2.34726810e-06	7.286392e-09
2.34728688e-06	6.562804e-09
2.34730566e-06	6.620211e-09
2.34732444e-06	4.372260e-09
2.34734321e-06	7.412793e-09
2.34736199e-06	8.188843e-09
2.34738077e-06	8.132788e-09
2.34739955e-06	6.558630e-09
2.34741833e-06	4.331105e-09
2.34743711e-06	5.371867e-09
2.34745589e-06	7.760507e-09
2.34747467e-06	7.977585e-09
2.34749345e-06	5.961516e-09
2.34751223e-06	3.088134e-09
2.34753101e-06	4.990870e-09
2.34754979e-06	4.073997e-09
2.34756857e-06	4.780971e-09
2.34758735e-06	6.508822e-09
2.34760613e-06	7.921046e-09
2.34762491e-06	8.183276e-09
2.34764369e-06	6.793006e-09
2.34766247e-06	4.442596e-09
2.34768125e-06	5.469146e-09
2.34770004e-06	5.927460e-09
2.34771882e-06	5.495495e-09
2.34773760e-06	5.212207e-09
2.34775638e-06	6.404274e-09
2.34777516e-06	5.753239e-09
2.34779395e-06	6.710491e-09
2.34781273e-06	7.066444e-09
2.34783151e-06	7.309460e-09
2.34785029e-06	8.816972e-09
2.34786908e-06	8.220197e-09
2.34788786e-06	7.924143e-09
2.34790664e-06	8.835299e-09
2.34792542e-06	8.953065e-09
2.34794421e-06	8.471725e-09
2.34796299e-06	7.990062e-09
2.34798178e-06	8.439119e-09
2.34800056e-06	8.602170e-09
2.34801934e-06	7.627868e-09
2.34803813e-06	8.363576e-09
2.34805691e-06	8.342656e-09
2.34807570e-06	7.961185e-09
2.34809448e-06	7.452166e-09
2.34811327e-06	6.661964e-09
2.34813205e-06	5.828368e-09
2.34815084e-06	5.876517e-09
2.34816962e-06	7.653839e-09
2.34818841e-06	7.740891e-09
2.34820719e-06	6.864776e-09
2.34822598e-06	2.946262e-09
2.34824476e-06	2.347254e-09
2.34826355e-06	5.270391e-09
2.34828234e-06	7.026288e-09
2.34830112e-06	7.840488e-09
2.34831991e-06	8.429377e-09
2.34833869e-06	7.640244e-09
2.34835748e-06	7.788951e-09
2.34837627e-06	7.524950e-09
2.34839506e-06	8.167554e-09
2.34841384e-06	7.327145e-09
2.34843263e-06	7.093245e-09
2.34845142e-06	7.157709e-09
2.34847021e-06	8.270545e-09
2.34848899e-06	8.027537e-09
2.34850778e-06	7.969350e-09
2.34852657e-06	6.386533e-09
2.34854536e-06	6.224910e-09
2.34856415e-06	7.205561e-09
2.34858293e-06	7.649301e-09
2.34860172e-06	7.559651e-09
2.34862051e-06	8.822356e-09
2.34863930e-06	8.667326e-09
2.34865809e-06	7.581347e-09
2.34867688e-06	4.687176e-09
2.34869567e-06	5.171903e-09
2.34871446e-06	6.843015e-09
2.34873325e-06	6.675103e-09
2.34875204e-06	8.513968e-09
2.34877083e-06	8.903229e-09
2.34878962e-06	7.645770e-09
2.34880841e-06	6.710758e-09
2.34882720e-06	6.155748e-09
2.34884599e-06	6.213144e-09
2.34886478e-06	7.863947e-09
2.34888357e-06	7.748632e-09
2.34890236e-06	8.151989e-09
2.34892115e-06	8.896655e-09
2.34893994e-06	8.940112e-09
2.34895873e-06	6.448350e-09
2.34897753e-06	7.245609e-09
2.34899632e-06	6.342825e-09
2.34901511e-06	5.594918e-09
2.34903390e-06	8.017880e-09
2.34905269e-06	8.068341e-09
2.34907149e-06	8.101014e-09
2.34909028e-06	7.535993e-09
2.34910907e-06	7.080293e-09
2.34912787e-06	7.871409e-09
2.34914666e-06	7.582205e-09
2.34916545e-06	6.614650e-09
2.34918425e-06	7.240815e-09
2.34920304e-06	6.279717e-09
2.34922183e-06	6.816917e-09
2.34924063e-06	6.388018e-09
2.34925942e-06	7.885133e-09
2.34927821e-06	8.494889e-09
2.34929701e-06	5.798317e-09
2.34931580e-06	6.361830e-09
2.34933460e-06	6.567946e-09
2.34935339e-06	5.168238e-09
2.34937219e-06	3.827458e-09
2.34939098e-06	5.878042e-09
2.34940978e-06	6.636088e-09
2.34942857e-06	3.869372e-09
2.34944737e-06	6.731497e-09
2.34946616e-06	7.146788e-09
2.34948496e-06	5.773770e-09
2.34950375e-06	2.018977e-09
2.34952255e-06	5.213187e-09
2.34954135e-06	7.730367e-09
2.34956014e-06	8.168582e-09
2.34957894e-06	7.223540e-09
2.34959774e-06	8.285282e-09
2.34961653e-06	6.304793e-09
2.34963533e-06	5.324722e-09
2.34965413e-06	6.577747e-09
2.34967292e-06	5.055467e-09
2.34969172e-06	4.952149e-09
2.34971052e-06	2.358857e-09
2.34972932e-06	3.103289e-09
2.34974812e-06	5.739184e-09
2.34976691e-06	3.245815e-09
2.34978571e-06	5.615210e-09
2.34980451e-06	6.209411e-09
2.34982331e-06	5.098939e-09
2.34984211e-06	2.352323e-09
2.34986090e-06	4.667104e-09
2.34987970e-06	5.657737e-09
2.34989850e-06	6.320236e-09
2.34991730e-06	8.259419e-09
2.34993610e-06	7.932948e-09
2.34995490e-06	8.315480e-09
2.34997370e-06	6.893300e-09
