2.30001633e-06	5.970028e-09
2.30003473e-06	4.303760e-09
2.30005313e-06	5.801787e-09
2.30007153e-06	5.020609e-09
2.30008993e-06	4.527150e-09
2.30010833e-06	6.359426e-09
2.30012673e-06	6.755169e-09
2.30014513e-06	6.781259e-09
2.30016353e-06	6.467900e-09
2.30018194e-06	6.674569e-09
2.30020034e-06	6.807666e-09
2.30021874e-06	7.260797e-09
2.30023714e-06	6.686183e-09
2.30025554e-06	6.076151e-09
2.30027395e-06	6.105965e-09
2.30029235e-06	5.636105e-09
2.30031075e-06	6.002365e-09
2.30032915e-06	6.290686e-09
2.30034756e-06	6.672134e-09
2.30036596e-06	5.753355e-09
2.30038436e-06	5.307436e-09
2.30040276e-06	5.732837e-09
2.30042117e-06	5.546123e-09
2.30043957e-06	5.795057e-09
2.30045797e-06	5.733699e-09
2.30047638e-06	4.946688e-09
2.30049478e-06	4.216263e-09
2.30051319e-06	3.448211e-09
2.30053159e-06	3.048781e-09
2.30054999e-06	3.602886e-09
2.30056840e-06	3.483040e-09
2.30058680e-06	4.111314e-09
2.30060521e-06	3.019020e-09
2.30062361e-06	3.773434e-09
2.30064202e-06	4.917409e-09
2.30066042e-06	5.095198e-09
2.30067883e-06	5.465208e-09
2.30069723e-06	5.397655e-09
2.30071564e-06	4.501138e-09
2.30073404e-06	2.807016e-09
2.30075245e-06	2.820772e-09
2.30077086e-06	4.908919e-09
2.30078926e-06	5.502510e-09
2.30080767e-06	5.911475e-09
2.30082608e-06	5.940903e-09
2.30084448e-06	6.126139e-09
2.30086289e-06	6.138203e-09
2.30088129e-06	6.097670e-09
2.30089970e-06	6.051301e-09
2.30091811e-06	6.063916e-09
2.30093652e-06	6.123783e-09
2.30095492e-06	6.213647e-09
2.30097333e-06	5.030963e-09
2.30099174e-06	4.557333e-09
2.30101015e-06	4.690539e-09
2.30102856e-06	5.011414e-09
2.30104696e-06	5.671434e-09
2.30106537e-06	5.453961e-09
2.30108378e-06	3.653311e-09
2.30110219e-06	2.924173e-09
2.30112060e-06	4.748098e-09
2.30113901e-06	5.815384e-09
2.30115742e-06	6.223621e-09
2.30117583e-06	6.109474e-09
2.30119423e-06	5.149253e-09
2.30121265e-06	4.579714e-09
2.30123105e-06	5.307646e-09
2.30124946e-06	5.186957e-09
2.30126787e-06	4.774422e-09
2.30128628e-06	3.940174e-09
2.30130469e-06	3.262869e-09
2.30132310e-06	3.542621e-09
2.30134152e-06	3.222896e-09
2.30135993e-06	3.918522e-09
2.30137834e-06	4.214586e-09
2.30139675e-06	2.898436e-09
2.30141516e-06	3.469689e-09
2.30143357e-06	5.432062e-09
2.30145198e-06	5.788231e-09
2.30147039e-06	4.810563e-09
2.30148881e-06	2.868713e-09
2.30150722e-06	2.695917e-09
2.30152563e-06	4.684832e-09
2.30154404e-06	5.826435e-09
2.30156245e-06	6.048193e-09
2.30158087e-06	6.014385e-09
2.30159928e-06	6.521751e-09
2.30161769e-06	6.481011e-09
2.30163611e-06	5.521078e-09
2.30165452e-06	5.171640e-09
2.30167293e-06	5.265410e-09
2.30169135e-06	5.961102e-09
2.30170976e-06	6.443158e-09
2.30172817e-06	6.880748e-09
2.30174659e-06	6.556736e-09
2.30176500e-06	5.589670e-09
2.30178341e-06	6.556147e-09
2.30180183e-06	6.256631e-09
2.30182024e-06	5.522859e-09
2.30183866e-06	6.263999e-09
2.30185707e-06	5.839783e-09
2.30187549e-06	5.575237e-09
2.30189390e-06	6.034267e-09
2.30191232e-06	6.701217e-09
2.30193073e-06	6.498605e-09
2.30194915e-06	6.357114e-09
2.30196756e-06	6.704333e-09
2.30198598e-06	6.457294e-09
2.30200440e-06	5.906404e-09
2.30202281e-06	4.879731e-09
2.30204123e-06	4.937895e-09
2.30205964e-06	5.250462e-09
2.30207806e-06	4.942068e-09
2.30209648e-06	4.082586e-09
2.30211489e-06	3.218899e-09
2.30213331e-06	3.549461e-09
2.30215173e-06	3.305232e-09
2.30217014e-06	4.780665e-09
2.30218856e-06	5.448612e-09
2.30220698e-06	5.932122e-09
2.30222540e-06	5.951910e-09
2.30224381e-06	6.106848e-09
2.30226223e-06	5.361165e-09
2.30228065e-06	4.778136e-09
2.30229907e-06	5.946709e-09
2.30231749e-06	6.109598e-09
2.30233591e-06	6.302906e-09
2.30235433e-06	6.758059e-09
2.30237274e-06	6.974500e-09
2.30239116e-06	7.123618e-09
2.30240958e-06	6.617735e-09
2.30242800e-06	6.355607e-09
2.30244642e-06	6.660949e-09
2.30246484e-06	6.653761e-09
2.30248326e-06	6.676649e-09
2.30250168e-06	6.655174e-09
2.30252010e-06	6.533744e-09
2.30253852e-06	6.031112e-09
2.30255694e-06	6.452679e-09
2.30257536e-06	6.593969e-09
2.30259378e-06	6.630506e-09
2.30261220e-06	6.326747e-09
2.30263062e-06	6.432648e-09
2.30264904e-06	6.221768e-09
2.30266747e-06	6.164150e-09
2.30268589e-06	6.673293e-09
2.30270431e-06	6.463182e-09
2.30272273e-06	5.906223e-09
2.30274115e-06	4.938355e-09
2.30275957e-06	2.983170e-09
2.30277800e-06	3.172616e-09
2.30279642e-06	4.100345e-09
2.30281484e-06	4.137010e-09
2.30283326e-06	5.660445e-09
2.30285168e-06	5.822077e-09
2.30287011e-06	6.000487e-09
2.30288853e-06	5.850085e-09
2.30290695e-06	5.308490e-09
2.30292538e-06	4.674365e-09
2.30294380e-06	4.238719e-09
2.30296222e-06	2.878646e-09
2.30298065e-06	3.740540e-09
2.30299907e-06	3.012009e-09
2.30301750e-06	3.702028e-09
2.30303592e-06	4.481498e-09
2.30305434e-06	5.446237e-09
2.30307277e-06	5.740227e-09
2.30309119e-06	5.867648e-09
2.30310962e-06	5.626325e-09
2.30312804e-06	4.891040e-09
2.30314647e-06	6.049941e-09
2.30316489e-06	6.519383e-09
2.30318332e-06	5.829012e-09
2.30320174e-06	3.826414e-09
2.30322017e-06	4.318610e-09
2.30323860e-06	6.505151e-09
2.30325702e-06	6.763595e-09
2.30327545e-06	6.368529e-09
2.30329387e-06	5.510443e-09
2.30331230e-06	3.917298e-09
2.30333073e-06	3.758090e-09
2.30334915e-06	4.379829e-09
2.30336758e-06	5.414595e-09
2.30338601e-06	6.533161e-09
2.30340443e-06	6.951295e-09
2.30342286e-06	7.536212e-09
2.30344129e-06	7.249663e-09
2.30345972e-06	6.691836e-09
2.30347814e-06	6.816388e-09
2.30349657e-06	6.994885e-09
2.30351500e-06	6.967318e-09
2.30353343e-06	6.215555e-09
2.30355186e-06	5.904267e-09
2.30357028e-06	5.490524e-09
2.30358871e-06	4.384480e-09
2.30360714e-06	4.695448e-09
2.30362557e-06	5.535063e-09
2.30364400e-06	5.811288e-09
2.30366243e-06	6.521550e-09
2.30368086e-06	6.277140e-09
2.30369929e-06	6.210617e-09
2.30371772e-06	5.671678e-09
2.30373615e-06	4.772904e-09
2.30375458e-06	4.565092e-09
2.30377301e-06	4.222991e-09
2.30379144e-06	4.793126e-09
2.30380987e-06	4.474289e-09
2.30382830e-06	4.248376e-09
2.30384673e-06	3.424858e-09
2.30386516e-06	3.549007e-09
2.30388359e-06	3.144982e-09
2.30390202e-06	3.804349e-09
2.30392045e-06	4.038067e-09
2.30393888e-06	4.935715e-09
2.30395731e-06	5.104042e-09
2.30397575e-06	5.587674e-09
2.30399418e-06	5.962948e-09
2.30401261e-06	6.073993e-09
2.30403104e-06	6.633905e-09
2.30404947e-06	6.432181e-09
2.30406791e-06	5.992907e-09
2.30408634e-06	5.981971e-09
2.30410477e-06	6.124770e-09
2.30412321e-06	6.757071e-09
2.30414164e-06	6.891448e-09
2.30416007e-06	6.327174e-09
2.30417850e-06	6.256726e-09
2.30419694e-06	6.366439e-09
2.30421537e-06	5.464283e-09
2.30423381e-06	5.595587e-09
2.30425224e-06	6.595372e-09
2.30427067e-06	6.146859e-09
2.30428911e-06	6.084628e-09
2.30430754e-06	6.242310e-09
2.30432598e-06	5.667545e-09
2.30434441e-06	6.388745e-09
2.30436285e-06	7.102336e-09
2.30438128e-06	7.766555e-09
2.30439971e-06	7.381730e-09
2.30441815e-06	7.445276e-09
2.30443659e-06	7.231185e-09
2.30445502e-06	6.224785e-09
2.30447346e-06	6.100252e-09
2.30449189e-06	5.860055e-09
2.30451033e-06	6.438530e-09
2.30452877e-06	6.473451e-09
2.30454720e-06	6.884206e-09
2.30456564e-06	6.637771e-09
2.30458407e-06	6.785700e-09
2.30460251e-06	6.722801e-09
2.30462095e-06	6.061124e-09
2.30463938e-06	5.588307e-09
2.30465782e-06	6.066675e-09
2.30467626e-06	6.369914e-09
2.30469470e-06	5.810198e-09
2.30471313e-06	4.988682e-09
2.30473157e-06	3.865413e-09
2.30475001e-06	4.077845e-09
2.30476845e-06	4.074876e-09
2.30478688e-06	2.833341e-09
2.30480532e-06	3.749873e-09
2.30482376e-06	2.896629e-09
2.30484220e-06	4.220052e-09
2.30486064e-06	4.617929e-09
2.30487908e-06	4.823711e-09
2.30489752e-06	5.176102e-09
2.30491596e-06	4.970119e-09
2.30493440e-06	3.339146e-09
2.30495284e-06	4.015983e-09
2.30497128e-06	3.704545e-09
2.30498972e-06	3.480500e-09
2.30500815e-06	4.927375e-09
2.30502660e-06	5.851870e-09
2.30504504e-06	5.126166e-09
2.30506347e-06	5.437929e-09
2.30508192e-06	5.672367e-09
2.30510036e-06	5.736471e-09
2.30511880e-06	5.892355e-09
2.30513724e-06	6.306921e-09
2.30515568e-06	6.138788e-09
2.30517412e-06	6.175474e-09
2.30519256e-06	6.438446e-09
2.30521100e-06	5.700727e-09
2.30522944e-06	5.992082e-09
2.30524789e-06	5.986838e-09
2.30526633e-06	6.065990e-09
2.30528477e-06	6.288016e-09
2.30530321e-06	6.324862e-09
2.30532166e-06	5.151326e-09
2.30534010e-06	5.443477e-09
2.30535854e-06	6.003659e-09
2.30537698e-06	5.659638e-09
2.30539543e-06	4.547601e-09
2.30541387e-06	2.833188e-09
2.30543231e-06	3.782947e-09
2.30545076e-06	5.065446e-09
2.30546920e-06	4.542950e-09
2.30548764e-06	3.428064e-09
2.30550609e-06	4.590111e-09
2.30552453e-06	6.023053e-09
2.30554298e-06	6.410455e-09
2.30556142e-06	6.230882e-09
2.30557987e-06	5.965137e-09
2.30559831e-06	5.708674e-09
2.30561675e-06	4.958412e-09
2.30563520e-06	2.861452e-09
2.30565365e-06	2.713022e-09
2.30567209e-06	3.869492e-09
2.30569054e-06	4.582857e-09
2.30570898e-06	4.997382e-09
2.30572743e-06	4.544309e-09
2.30574587e-06	3.737087e-09
2.30576432e-06	3.178699e-09
2.30578276e-06	3.589864e-09
2.30580121e-06	3.046769e-09
2.30581966e-06	4.519184e-09
2.30583810e-06	5.238463e-09
2.30585655e-06	4.993543e-09
2.30587500e-06	4.430419e-09
2.30589344e-06	3.874986e-09
2.30591189e-06	4.924541e-09
2.30593034e-06	5.670727e-09
2.30594879e-06	5.359260e-09
2.30596723e-06	5.395318e-09
2.30598568e-06	5.119413e-09
2.30600413e-06	6.004526e-09
2.30602258e-06	6.706617e-09
2.30604102e-06	6.952866e-09
2.30605947e-06	7.102245e-09
2.30607792e-06	6.877870e-09
2.30609637e-06	6.645933e-09
2.30611482e-06	6.319601e-09
2.30613327e-06	5.339540e-09
2.30615172e-06	5.250200e-09
2.30617017e-06	6.184582e-09
2.30618862e-06	5.783222e-09
2.30620707e-06	5.240786e-09
2.30622551e-06	5.723665e-09
2.30624396e-06	6.531867e-09
2.30626241e-06	6.513822e-09
2.30628087e-06	6.357684e-09
2.30629932e-06	6.688339e-09
2.30631777e-06	7.267896e-09
2.30633622e-06	6.628032e-09
2.30635467e-06	5.714762e-09
2.30637312e-06	6.256299e-09
2.30639157e-06	6.088093e-09
2.30641002e-06	5.865299e-09
2.30642847e-06	6.358414e-09
2.30644692e-06	5.036866e-09
2.30646537e-06	4.800975e-09
2.30648383e-06	5.202516e-09
2.30650228e-06	4.390549e-09
2.30652073e-06	4.080322e-09
2.30653918e-06	4.800660e-09
2.30655763e-06	5.199613e-09
2.30657609e-06	5.366591e-09
2.30659454e-06	5.529180e-09
2.30661299e-06	5.737126e-09
2.30663144e-06	4.380038e-09
2.30664990e-06	3.570272e-09
2.30666835e-06	2.919622e-09
2.30668681e-06	4.092668e-09
2.30670526e-06	4.853365e-09
2.30672371e-06	4.660900e-09
2.30674217e-06	4.401958e-09
2.30676062e-06	3.098745e-09
2.30677907e-06	3.406851e-09
2.30679753e-06	3.440449e-09
2.30681598e-06	3.362159e-09
2.30683444e-06	4.372730e-09
2.30685289e-06	4.361960e-09
2.30687135e-06	5.232693e-09
2.30688980e-06	5.408749e-09
2.30690826e-06	4.836593e-09
2.30692671e-06	4.938600e-09
2.30694517e-06	5.801984e-09
2.30696362e-06	6.020245e-09
2.30698208e-06	6.211922e-09
2.30700053e-06	6.468775e-09
2.30701899e-06	6.914889e-09
2.30703745e-06	6.474391e-09
2.30705590e-06	5.974836e-09
2.30707436e-06	6.736763e-09
2.30709282e-06	6.763701e-09
2.30711127e-06	6.941982e-09
2.30712973e-06	7.030372e-09
2.30714819e-06	7.151639e-09
2.30716664e-06	6.951359e-09
2.30718510e-06	7.072868e-09
2.30720356e-06	7.131706e-09
2.30722202e-06	6.566280e-09
2.30724047e-06	6.023260e-09
2.30725893e-06	6.049868e-09
2.30727739e-06	6.373784e-09
2.30729585e-06	5.198161e-09
2.30731431e-06	4.799375e-09
2.30733277e-06	6.106035e-09
2.30735122e-06	6.683530e-09
2.30736968e-06	6.202273e-09
2.30738814e-06	4.997252e-09
2.30740660e-06	5.607135e-09
2.30742506e-06	6.489276e-09
2.30744352e-06	6.884294e-09
2.30746198e-06	6.794510e-09
2.30748044e-06	6.268859e-09
2.30749890e-06	5.878127e-09
2.30751736e-06	5.051465e-09
2.30753582e-06	5.485267e-09
2.30755428e-06	5.826849e-09
2.30757274e-06	5.478371e-09
2.30759120e-06	4.957249e-09
2.30760966e-06	4.183262e-09
2.30762812e-06	3.024635e-09
2.30764658e-06	2.862412e-09
2.30766504e-06	3.556361e-09
2.30768351e-06	4.233717e-09
2.30770197e-06	5.221808e-09
2.30772043e-06	5.936637e-09
2.30773889e-06	5.887671e-09
2.30775735e-06	5.710757e-09
2.30777581e-06	5.225882e-09
2.30779428e-06	4.241744e-09
2.30781274e-06	3.460626e-09
2.30783120e-06	3.343908e-09
2.30784966e-06	3.471502e-09
2.30786813e-06	3.143240e-09
2.30788659e-06	4.495875e-09
2.30790505e-06	5.215696e-09
2.30792352e-06	5.446104e-09
2.30794198e-06	5.646602e-09
2.30796044e-06	6.122504e-09
2.30797891e-06	6.327015e-09
2.30799737e-06	6.101058e-09
2.30801583e-06	5.469311e-09
2.30803430e-06	4.756741e-09
2.30805276e-06	3.567676e-09
2.30807123e-06	4.716303e-09
2.30808969e-06	6.117782e-09
2.30810816e-06	6.416036e-09
2.30812662e-06	6.334273e-09
2.30814509e-06	6.792869e-09
2.30816355e-06	7.135871e-09
2.30818202e-06	6.705322e-09
2.30820048e-06	5.658630e-09
2.30821895e-06	5.790640e-09
2.30823741e-06	6.576110e-09
2.30825588e-06	6.779192e-09
2.30827434e-06	5.854626e-09
2.30829281e-06	5.475972e-09
2.30831128e-06	6.279518e-09
2.30832974e-06	6.472024e-09
2.30834821e-06	6.193210e-09
2.30836668e-06	5.951364e-09
2.30838514e-06	6.195851e-09
2.30840361e-06	6.742273e-09
2.30842208e-06	6.931236e-09
2.30844055e-06	7.009161e-09
2.30845901e-06	6.585038e-09
2.30847748e-06	5.782867e-09
2.30849595e-06	5.159697e-09
2.30851442e-06	4.688883e-09
2.30853288e-06	5.531674e-09
2.30855135e-06	6.211509e-09
2.30856982e-06	6.421446e-09
2.30858829e-06	6.555325e-09
2.30860676e-06	6.829460e-09
2.30862523e-06	6.987079e-09
2.30864370e-06	6.565883e-09
2.30866217e-06	6.643101e-09
2.30868063e-06	7.018332e-09
2.30869911e-06	6.605748e-09
2.30871757e-06	6.135874e-09
2.30873604e-06	5.782119e-09
2.30875451e-06	5.936945e-09
2.30877298e-06	6.441115e-09
2.30879145e-06	6.000777e-09
2.30880992e-06	5.285177e-09
2.30882840e-06	5.221433e-09
2.30884687e-06	5.638269e-09
2.30886534e-06	5.346681e-09
2.30888381e-06	4.447938e-09
2.30890228e-06	3.290868e-09
2.30892075e-06	3.062915e-09
2.30893922e-06	3.658758e-09
2.30895769e-06	3.024068e-09
2.30897616e-06	3.950954e-09
2.30899464e-06	3.631120e-09
2.30901311e-06	4.452855e-09
2.30903158e-06	5.439560e-09
2.30905005e-06	5.624881e-09
2.30906852e-06	5.057888e-09
2.30908700e-06	4.305162e-09
2.30910547e-06	4.474411e-09
2.30912394e-06	4.446244e-09
2.30914242e-06	5.480521e-09
2.30916089e-06	5.265016e-09
2.30917936e-06	5.442956e-09
2.30919784e-06	3.849197e-09
2.30921631e-06	4.057713e-09
2.30923478e-06	5.461725e-09
2.30925326e-06	6.061343e-09
2.30927173e-06	6.656090e-09
2.30929021e-06	6.583783e-09
2.30930868e-06	6.889268e-09
2.30932715e-06	6.532759e-09
2.30934563e-06	5.634561e-09
2.30936410e-06	3.843469e-09
2.30938258e-06	4.818110e-09
2.30940105e-06	6.260678e-09
2.30941953e-06	6.267834e-09
2.30943800e-06	5.967350e-09
2.30945648e-06	5.564267e-09
2.30947495e-06	5.290907e-09
2.30949343e-06	5.642176e-09
2.30951191e-06	5.457847e-09
2.30953038e-06	5.007398e-09
2.30954886e-06	5.475165e-09
2.30956733e-06	6.039904e-09
2.30958581e-06	6.299968e-09
2.30960429e-06	5.887834e-09
2.30962277e-06	5.665061e-09
2.30964124e-06	5.031603e-09
2.30965972e-06	3.006478e-09
2.30967820e-06	2.754331e-09
2.30969667e-06	3.350710e-09
2.30971515e-06	5.121987e-09
2.30973363e-06	5.703215e-09
2.30975211e-06	4.597207e-09
2.30977059e-06	3.074078e-09
2.30978906e-06	3.332234e-09
2.30980754e-06	3.248653e-09
2.30982602e-06	3.468543e-09
2.30984450e-06	3.024331e-09
2.30986298e-06	5.222991e-09
2.30988146e-06	5.869043e-09
2.30989994e-06	5.594960e-09
2.30991842e-06	5.334033e-09
2.30993689e-06	4.046018e-09
2.30995537e-06	4.750909e-09
2.30997385e-06	5.444669e-09
2.30999233e-06	4.953159e-09
2.31001081e-06	4.455107e-09
2.31002929e-06	4.057121e-09
2.31004777e-06	2.767969e-09
2.31006625e-06	3.770205e-09
2.31008473e-06	2.762189e-09
2.31010321e-06	3.858477e-09
2.31012170e-06	4.274183e-09
2.31014018e-06	2.834362e-09
2.31015866e-06	4.194315e-09
2.31017714e-06	5.736000e-09
2.31019562e-06	6.049406e-09
2.31021410e-06	5.073575e-09
2.31023258e-06	5.523956e-09
2.31025107e-06	6.611051e-09
2.31026955e-06	6.954363e-09
2.31028803e-06	6.821153e-09
2.31030651e-06	6.673959e-09
2.31032499e-06	5.834013e-09
2.31034348e-06	5.400810e-09
2.31036196e-06	5.881958e-09
2.31038044e-06	5.076011e-09
2.31039893e-06	4.689036e-09
2.31041741e-06	5.324112e-09
2.31043589e-06	5.841523e-09
2.31045438e-06	4.777825e-09
2.31047286e-06	4.484925e-09
2.31049134e-06	5.209958e-09
2.31050983e-06	4.709510e-09
2.31052831e-06	5.727780e-09
2.31054680e-06	6.260765e-09
2.31056528e-06	6.004051e-09
2.31058377e-06	5.350640e-09
2.31060225e-06	6.179733e-09
2.31062073e-06	7.209963e-09
2.31063922e-06	6.878209e-09
2.31065770e-06	6.479186e-09
2.31067619e-06	6.705983e-09
2.31069467e-06	5.880845e-09
2.31071316e-06	5.930651e-09
2.31073165e-06	5.318445e-09
2.31075013e-06	5.417249e-09
2.31076862e-06	5.118317e-09
2.31078710e-06	5.587682e-09
2.31080559e-06	5.409444e-09
2.31082408e-06	5.874935e-09
2.31084256e-06	6.271516e-09
2.31086105e-06	5.962435e-09
2.31087954e-06	6.080385e-09
2.31089802e-06	5.259240e-09
2.31091651e-06	4.222684e-09
2.31093500e-06	4.730265e-09
2.31095349e-06	5.247009e-09
2.31097197e-06	4.285742e-09
2.31099046e-06	4.179175e-09
2.31100895e-06	4.362264e-09
2.31102744e-06	4.274811e-09
2.31104593e-06	6.052254e-09
2.31106441e-06	6.347087e-09
2.31108290e-06	5.822203e-09
2.31110139e-06	5.902070e-09
2.31111988e-06	5.855017e-09
2.31113837e-06	5.649388e-09
2.31115686e-06	4.957253e-09
2.31117535e-06	3.333335e-09
2.31119384e-06	2.789476e-09
2.31121233e-06	2.899634e-09
2.31123082e-06	3.334138e-09
2.31124931e-06	3.450516e-09
2.31126780e-06	3.157007e-09
2.31128629e-06	3.966251e-09
2.31130478e-06	4.575438e-09
2.31132327e-06	4.425811e-09
2.31134176e-06	4.502477e-09
2.31136025e-06	5.159838e-09
2.31137874e-06	5.700235e-09
2.31139723e-06	6.016623e-09
2.31141572e-06	5.378532e-09
2.31143421e-06	4.946850e-09
2.31145270e-06	5.450217e-09
2.31147120e-06	4.671945e-09
2.31148969e-06	5.267038e-09
2.31150818e-06	5.500966e-09
2.31152667e-06	4.908329e-09
2.31154516e-06	4.108092e-09
2.31156366e-06	2.794497e-09
2.31158215e-06	3.881223e-09
2.31160064e-06	5.488082e-09
2.31161913e-06	4.152376e-09
2.31163763e-06	2.813347e-09
2.31165612e-06	2.669218e-09
2.31167461e-06	3.499020e-09
2.31169311e-06	5.228301e-09
2.31171160e-06	5.889775e-09
2.31173009e-06	5.158234e-09
2.31174859e-06	5.450176e-09
2.31176708e-06	5.920902e-09
2.31178558e-06	4.996720e-09
2.31180407e-06	5.782825e-09
2.31182257e-06	6.098563e-09
2.31184106e-06	5.492501e-09
2.31185955e-06	5.657481e-09
2.31187805e-06	6.001440e-09
2.31189654e-06	3.487958e-09
2.31191504e-06	3.388941e-09
2.31193353e-06	5.416100e-09
2.31195203e-06	4.865597e-09
2.31197052e-06	5.867949e-09
2.31198902e-06	6.578052e-09
2.31200752e-06	6.036733e-09
2.31202601e-06	5.562836e-09
2.31204451e-06	4.491923e-09
2.31206301e-06	4.960213e-09
2.31208150e-06	5.459007e-09
2.31210000e-06	6.325865e-09
2.31211850e-06	6.091017e-09
2.31213699e-06	5.266437e-09
2.31215549e-06	6.150832e-09
2.31217399e-06	5.943175e-09
2.31219248e-06	4.692360e-09
2.31221098e-06	4.986109e-09
2.31222948e-06	5.135176e-09
2.31224798e-06	5.405097e-09
2.31226648e-06	5.623966e-09
2.31228497e-06	4.849999e-09
2.31230347e-06	4.241232e-09
2.31232197e-06	5.715069e-09
2.31234047e-06	5.197704e-09
2.31235897e-06	4.553143e-09
2.31237747e-06	4.419627e-09
2.31239596e-06	4.427101e-09
2.31241446e-06	4.035683e-09
2.31243296e-06	2.765444e-09
2.31245146e-06	3.735264e-09
2.31246996e-06	2.845296e-09
2.31248846e-06	3.599395e-09
2.31250696e-06	4.481730e-09
2.31252546e-06	5.062931e-09
2.31254396e-06	4.699992e-09
2.31256246e-06	5.326724e-09
2.31258096e-06	5.454014e-09
2.31259946e-06	5.149772e-09
2.31261796e-06	6.131365e-09
2.31263647e-06	6.199732e-09
2.31265497e-06	6.104842e-09
2.31267347e-06	6.682626e-09
2.31269197e-06	6.535241e-09
2.31271047e-06	5.612417e-09
2.31272897e-06	5.763203e-09
2.31274748e-06	5.920555e-09
2.31276598e-06	5.819060e-09
2.31278448e-06	6.687596e-09
2.31280298e-06	6.576179e-09
2.31282148e-06	6.233142e-09
2.31283999e-06	4.932307e-09
2.31285849e-06	4.059763e-09
2.31287699e-06	5.689418e-09
2.31289550e-06	6.030648e-09
2.31291400e-06	5.523122e-09
2.31293250e-06	5.330886e-09
2.31295100e-06	5.929729e-09
2.31296951e-06	5.715069e-09
2.31298801e-06	6.617606e-09
2.31300652e-06	5.910446e-09
2.31302502e-06	5.587651e-09
2.31304352e-06	5.656244e-09
2.31306203e-06	5.024223e-09
2.31308053e-06	5.142040e-09
2.31309904e-06	4.550432e-09
2.31311754e-06	3.248882e-09
2.31313605e-06	3.441024e-09
2.31315455e-06	4.854393e-09
2.31317306e-06	4.390242e-09
2.31319156e-06	5.358701e-09
2.31321007e-06	5.507607e-09
2.31322857e-06	4.198495e-09
2.31324708e-06	3.766526e-09
2.31326559e-06	5.692026e-09
2.31328409e-06	6.074585e-09
2.31330260e-06	5.912076e-09
2.31332111e-06	6.472795e-09
2.31333961e-06	6.994174e-09
2.31335812e-06	6.394414e-09
2.31337662e-06	5.900927e-09
2.31339513e-06	5.646249e-09
2.31341364e-06	5.701461e-09
2.31343215e-06	6.470997e-09
2.31345065e-06	6.797549e-09
2.31346916e-06	6.088271e-09
2.31348767e-06	6.107370e-09
2.31350618e-06	6.398959e-09
2.31352469e-06	6.206507e-09
2.31354319e-06	6.207707e-09
2.31356170e-06	5.692127e-09
2.31358021e-06	5.751614e-09
2.31359872e-06	4.887908e-09
2.31361723e-06	4.817199e-09
2.31363574e-06	5.047152e-09
2.31365425e-06	4.530870e-09
2.31367275e-06	3.765971e-09
2.31369127e-06	2.753084e-09
2.31370977e-06	3.719976e-09
2.31372828e-06	2.714445e-09
2.31374679e-06	3.949333e-09
2.31376530e-06	4.577899e-09
2.31378381e-06	4.610051e-09
2.31380232e-06	4.942823e-09
2.31382083e-06	4.317292e-09
2.31383935e-06	4.532283e-09
2.31385786e-06	5.328650e-09
2.31387637e-06	5.585734e-09
2.31389488e-06	5.343769e-09
2.31391339e-06	5.750935e-09
2.31393190e-06	5.755176e-09
2.31395041e-06	4.620026e-09
2.31396892e-06	4.962665e-09
2.31398744e-06	5.275767e-09
2.31400595e-06	4.565983e-09
2.31402446e-06	4.793998e-09
2.31404297e-06	3.138140e-09
2.31406148e-06	3.124288e-09
2.31408000e-06	4.742339e-09
2.31409851e-06	5.833513e-09
2.31411702e-06	5.618411e-09
2.31413553e-06	6.286359e-09
2.31415405e-06	6.155150e-09
2.31417256e-06	6.468732e-09
2.31419107e-06	6.284562e-09
2.31420959e-06	6.801565e-09
2.31422810e-06	6.493977e-09
2.31424662e-06	5.486535e-09
2.31426513e-06	5.959985e-09
2.31428364e-06	6.458296e-09
2.31430216e-06	6.876576e-09
2.31432067e-06	5.834193e-09
2.31433919e-06	5.833500e-09
2.31435770e-06	5.954028e-09
2.31437622e-06	4.570857e-09
2.31439473e-06	3.960747e-09
2.31441325e-06	5.678606e-09
2.31443176e-06	5.642280e-09
2.31445028e-06	6.054222e-09
2.31446879e-06	5.347883e-09
2.31448731e-06	5.137939e-09
2.31450582e-06	5.857714e-09
2.31452434e-06	5.498286e-09
2.31454286e-06	4.673550e-09
2.31456137e-06	5.630595e-09
2.31457989e-06	6.345472e-09
2.31459841e-06	6.250483e-09
2.31461692e-06	5.991616e-09
2.31463544e-06	5.779626e-09
2.31465396e-06	4.580459e-09
2.31467247e-06	2.786197e-09
2.31469099e-06	2.786371e-09
2.31470951e-06	3.946943e-09
2.31472803e-06	4.386442e-09
2.31474654e-06	4.219322e-09
2.31476506e-06	5.073001e-09
2.31478358e-06	5.554502e-09
2.31480210e-06	4.597508e-09
2.31482062e-06	4.561295e-09
2.31483913e-06	5.417699e-09
2.31485765e-06	4.606504e-09
2.31487617e-06	3.994605e-09
2.31489469e-06	4.912507e-09
2.31491321e-06	4.129106e-09
2.31493173e-06	4.094022e-09
2.31495025e-06	3.934555e-09
2.31496877e-06	2.838852e-09
2.31498729e-06	3.041710e-09
2.31500581e-06	3.696191e-09
2.31502433e-06	2.719012e-09
2.31504285e-06	3.874626e-09
2.31506137e-06	3.893337e-09
2.31507989e-06	4.352473e-09
2.31509841e-06	5.116512e-09
2.31511693e-06	4.479943e-09
2.31513545e-06	4.764626e-09
2.31515397e-06	5.682829e-09
2.31517250e-06	5.982861e-09
2.31519102e-06	6.380698e-09
2.31520954e-06	6.083871e-09
2.31522806e-06	5.215949e-09
2.31524658e-06	5.185737e-09
2.31526510e-06	5.431434e-09
2.31528362e-06	3.991920e-09
2.31530215e-06	2.812501e-09
2.31532067e-06	3.721789e-09
2.31533919e-06	5.350948e-09
2.31535771e-06	6.203716e-09
2.31537624e-06	6.564731e-09
2.31539476e-06	6.696786e-09
2.31541328e-06	5.968890e-09
2.31543181e-06	5.396016e-09
2.31545033e-06	5.694276e-09
2.31546885e-06	5.843456e-09
2.31548738e-06	5.657391e-09
2.31550590e-06	6.107747e-09
2.31552443e-06	6.116225e-09
2.31554295e-06	5.990545e-09
2.31556148e-06	6.053121e-09
2.31558000e-06	7.027611e-09
2.31559852e-06	5.729566e-09
2.31561705e-06	5.778688e-09
2.31563557e-06	6.757897e-09
2.31565410e-06	6.725004e-09
2.31567262e-06	6.589355e-09
2.31569115e-06	4.929805e-09
2.31570967e-06	4.330150e-09
2.31572820e-06	5.266030e-09
2.31574673e-06	5.405646e-09
2.31576525e-06	4.661233e-09
2.31578378e-06	5.061715e-09
2.31580231e-06	5.127028e-09
2.31582083e-06	4.000719e-09
2.31583936e-06	5.628268e-09
2.31585788e-06	5.190096e-09
2.31587641e-06	4.560547e-09
2.31589494e-06	5.894519e-09
2.31591347e-06	6.488127e-09
2.31593199e-06	6.867444e-09
2.31595052e-06	6.243732e-09
2.31596905e-06	5.614874e-09
2.31598758e-06	5.795026e-09
2.31600610e-06	5.199523e-09
2.31602463e-06	5.997666e-09
2.31604316e-06	6.734947e-09
2.31606169e-06	6.896161e-09
2.31608022e-06	6.421792e-09
2.31609875e-06	5.871547e-09
2.31611727e-06	5.094445e-09
2.31613580e-06	4.905965e-09
2.31615433e-06	4.832642e-09
2.31617286e-06	4.029136e-09
2.31619139e-06	5.189088e-09
2.31620992e-06	5.587661e-09
2.31622845e-06	4.720630e-09
2.31624698e-06	3.258061e-09
2.31626551e-06	3.523620e-09
2.31628404e-06	3.064035e-09
2.31630257e-06	3.085332e-09
2.31632110e-06	2.672055e-09
2.31633963e-06	3.741734e-09
2.31635816e-06	2.672466e-09
2.31637669e-06	3.847353e-09
2.31639522e-06	4.425683e-09
2.31641375e-06	4.156982e-09
2.31643229e-06	3.916356e-09
2.31645082e-06	4.681073e-09
2.31646935e-06	4.620296e-09
2.31648788e-06	5.421383e-09
2.31650641e-06	5.840553e-09
2.31652494e-06	5.725016e-09
2.31654348e-06	5.311964e-09
2.31656201e-06	2.759451e-09
2.31658054e-06	2.945008e-09
2.31659908e-06	4.956173e-09
2.31661761e-06	4.900987e-09
2.31663614e-06	5.343296e-09
2.31665467e-06	5.843430e-09
2.31667321e-06	5.667834e-09
2.31669174e-06	4.739876e-09
2.31671027e-06	5.788352e-09
2.31672881e-06	6.216112e-09
2.31674734e-06	6.262275e-09
2.31676587e-06	5.361517e-09
2.31678441e-06	6.221250e-09
2.31680294e-06	6.611103e-09
2.31682148e-06	4.974781e-09
2.31684001e-06	3.621701e-09
2.31685855e-06	5.088063e-09
2.31687708e-06	6.088763e-09
2.31689562e-06	6.145466e-09
2.31691415e-06	6.528159e-09
2.31693269e-06	6.244967e-09
2.31695122e-06	6.666526e-09
2.31696976e-06	6.742613e-09
2.31698830e-06	4.832697e-09
2.31700683e-06	4.519475e-09
2.31702537e-06	4.976527e-09
2.31704390e-06	4.392152e-09
2.31706244e-06	5.301908e-09
2.31708098e-06	6.067137e-09
2.31709951e-06	6.680593e-09
2.31711805e-06	6.359455e-09
2.31713659e-06	5.402711e-09
2.31715512e-06	2.800817e-09
2.31717366e-06	3.068854e-09
2.31719220e-06	5.565729e-09
2.31721073e-06	6.202261e-09
2.31722927e-06	5.742234e-09
2.31724781e-06	6.007829e-09
2.31726635e-06	6.405091e-09
2.31728489e-06	5.954951e-09
2.31730342e-06	6.325607e-09
2.31732196e-06	5.948149e-09
2.31734050e-06	5.715226e-09
2.31735904e-06	6.420817e-09
2.31737758e-06	6.401539e-09
2.31739612e-06	5.457426e-09
2.31741466e-06	5.096783e-09
2.31743320e-06	5.480620e-09
2.31745174e-06	4.465187e-09
2.31747028e-06	5.155227e-09
2.31748882e-06	3.969320e-09
2.31750736e-06	2.815395e-09
2.31752590e-06	4.625535e-09
2.31754444e-06	5.141220e-09
2.31756298e-06	5.006388e-09
2.31758152e-06	4.054360e-09
2.31760006e-06	2.859834e-09
2.31761860e-06	2.873193e-09
2.31763714e-06	3.786783e-09
2.31765568e-06	4.344373e-09
2.31767422e-06	3.818290e-09
2.31769276e-06	2.728828e-09
2.31771131e-06	3.632784e-09
2.31772985e-06	2.817881e-09
2.31774839e-06	3.437088e-09
2.31776693e-06	4.168894e-09
2.31778547e-06	3.439229e-09
2.31780401e-06	4.242327e-09
2.31782256e-06	5.115709e-09
2.31784110e-06	5.872443e-09
2.31785964e-06	6.079214e-09
2.31787819e-06	5.302280e-09
2.31789673e-06	4.958244e-09
2.31791527e-06	6.117670e-09
2.31793381e-06	6.100106e-09
2.31795236e-06	5.560108e-09
2.31797090e-06	6.002552e-09
2.31798945e-06	6.272166e-09
2.31800799e-06	5.220877e-09
2.31802653e-06	4.914915e-09
2.31804508e-06	5.179288e-09
2.31806362e-06	5.620913e-09
2.31808217e-06	5.739788e-09
2.31810071e-06	5.080561e-09
2.31811926e-06	6.114704e-09
2.31813780e-06	5.714764e-09
2.31815635e-06	4.198552e-09
2.31817489e-06	4.527130e-09
2.31819344e-06	6.403509e-09
2.31821198e-06	6.180072e-09
2.31823053e-06	4.653763e-09
2.31824907e-06	4.249235e-09
2.31826762e-06	3.448742e-09
2.31828617e-06	4.605137e-09
2.31830471e-06	6.105092e-09
2.31832326e-06	6.873110e-09
2.31834181e-06	6.400993e-09
2.31836035e-06	5.540565e-09
2.31837890e-06	5.819867e-09
2.31839745e-06	6.472870e-09
2.31841599e-06	6.734275e-09
2.31843454e-06	6.587805e-09
2.31845309e-06	4.899093e-09
2.31847164e-06	3.190946e-09
2.31849018e-06	2.641298e-09
2.31850873e-06	3.772565e-09
2.31852728e-06	5.158042e-09
2.31854583e-06	5.833282e-09
2.31856438e-06	6.529374e-09
2.31858292e-06	6.237812e-09
2.31860147e-06	5.592230e-09
2.31862002e-06	5.656058e-09
2.31863857e-06	5.289468e-09
2.31865712e-06	6.179508e-09
2.31867567e-06	6.059922e-09
2.31869422e-06	5.577072e-09
2.31871277e-06	5.857194e-09
2.31873132e-06	6.400997e-09
2.31874987e-06	6.382008e-09
2.31876842e-06	6.731936e-09
2.31878697e-06	7.129180e-09
2.31880552e-06	6.830151e-09
2.31882407e-06	5.877038e-09
2.31884262e-06	6.163195e-09
2.31886117e-06	5.564488e-09
2.31887972e-06	5.010898e-09
2.31889827e-06	5.505214e-09
2.31891682e-06	6.027632e-09
2.31893538e-06	5.734173e-09
2.31895393e-06	5.749377e-09
2.31897248e-06	5.936327e-09
2.31899103e-06	5.555460e-09
2.31900958e-06	5.450484e-09
2.31902813e-06	5.156708e-09
2.31904669e-06	5.022636e-09
2.31906524e-06	4.411189e-09
2.31908379e-06	4.247578e-09
2.31910234e-06	3.217059e-09
2.31912090e-06	3.292743e-09
2.31913945e-06	3.369751e-09
2.31915800e-06	3.139923e-09
2.31917656e-06	4.218695e-09
2.31919511e-06	4.969426e-09
2.31921366e-06	5.448921e-09
2.31923222e-06	5.590806e-09
2.31925077e-06	5.314951e-09
2.31926932e-06	5.525455e-09
2.31928788e-06	5.453140e-09
2.31930643e-06	5.119270e-09
2.31932499e-06	5.694206e-09
2.31934354e-06	4.442714e-09
2.31936210e-06	5.035462e-09
2.31938065e-06	5.712384e-09
2.31939921e-06	6.357224e-09
2.31941776e-06	6.402294e-09
2.31943632e-06	6.647610e-09
2.31945487e-06	5.976172e-09
2.31947343e-06	4.320284e-09
2.31949198e-06	4.611646e-09
2.31951054e-06	4.418254e-09
2.31952910e-06	4.120846e-09
2.31954765e-06	4.194543e-09
2.31956621e-06	3.589418e-09
2.31958477e-06	4.096605e-09
2.31960332e-06	6.120197e-09
2.31962188e-06	6.897296e-09
2.31964044e-06	7.005290e-09
2.31965899e-06	6.769351e-09
2.31967755e-06	5.616013e-09
2.31969611e-06	3.593522e-09
2.31971466e-06	4.641972e-09
2.31973322e-06	5.840574e-09
2.31975178e-06	6.734774e-09
2.31977034e-06	7.076916e-09
2.31978890e-06	6.961326e-09
2.31980746e-06	7.267705e-09
2.31982601e-06	7.117984e-09
2.31984457e-06	6.972502e-09
2.31986313e-06	6.424030e-09
2.31988169e-06	5.826472e-09
2.31990025e-06	6.527936e-09
2.31991881e-06	7.021361e-09
2.31993737e-06	7.054731e-09
2.31995593e-06	6.049450e-09
2.31997449e-06	5.561534e-09
2.31999305e-06	4.443272e-09
2.32001161e-06	3.062582e-09
2.32003017e-06	4.846386e-09
2.32004873e-06	6.208059e-09
2.32006729e-06	5.404517e-09
2.32008585e-06	5.256399e-09
2.32010441e-06	6.138588e-09
2.32012297e-06	6.752170e-09
2.32014153e-06	6.466233e-09
2.32016009e-06	6.732170e-09
2.32017865e-06	6.299637e-09
2.32019721e-06	6.262141e-09
2.32021577e-06	5.816122e-09
2.32023434e-06	5.834679e-09
2.32025290e-06	4.980066e-09
2.32027146e-06	3.125086e-09
2.32029002e-06	5.176022e-09
2.32030858e-06	6.551037e-09
2.32032715e-06	6.742226e-09
2.32034571e-06	5.957932e-09
2.32036427e-06	4.491260e-09
2.32038284e-06	4.249396e-09
2.32040140e-06	4.861343e-09
2.32041996e-06	3.015153e-09
2.32043853e-06	2.742010e-09
2.32045709e-06	4.755156e-09
2.32047565e-06	5.307085e-09
2.32049422e-06	4.776247e-09
2.32051278e-06	4.543694e-09
2.32053135e-06	3.831828e-09
2.32054991e-06	3.363683e-09
2.32056847e-06	2.685696e-09
2.32058704e-06	3.719477e-09
2.32060560e-06	2.734971e-09
2.32062417e-06	3.318151e-09
2.32064273e-06	4.249146e-09
2.32066130e-06	4.614337e-09
2.32067986e-06	4.809658e-09
2.32069843e-06	5.117871e-09
2.32071699e-06	5.356754e-09
2.32073556e-06	4.232421e-09
2.32075413e-06	4.462490e-09
2.32077269e-06	4.702892e-09
2.32079126e-06	5.914858e-09
2.32080982e-06	6.482607e-09
2.32082839e-06	6.558496e-09
2.32084696e-06	6.254703e-09
2.32086552e-06	5.467565e-09
2.32088409e-06	4.152141e-09
2.32090266e-06	4.616811e-09
2.32092123e-06	5.024815e-09
2.32093979e-06	4.383036e-09
2.32095836e-06	4.446517e-09
2.32097693e-06	5.698675e-09
2.32099550e-06	5.871136e-09
2.32101406e-06	5.414123e-09
2.32103263e-06	5.234209e-09
2.32105120e-06	4.820671e-09
2.32106977e-06	5.978273e-09
2.32108834e-06	6.816945e-09
2.32110691e-06	6.734320e-09
2.32112547e-06	5.541567e-09
2.32114404e-06	4.540117e-09
2.32116261e-06	5.150073e-09
2.32118118e-06	3.923757e-09
2.32119975e-06	2.804720e-09
2.32121832e-06	4.018490e-09
2.32123689e-06	5.620247e-09
2.32125546e-06	6.320187e-09
2.32127403e-06	5.791068e-09
2.32129260e-06	5.699735e-09
2.32131117e-06	4.491809e-09
2.32132974e-06	3.372285e-09
2.32134831e-06	3.773337e-09
2.32136688e-06	4.843959e-09
2.32138545e-06	6.550085e-09
2.32140403e-06	6.917471e-09
2.32142260e-06	6.878531e-09
2.32144117e-06	6.808610e-09
2.32145974e-06	6.865947e-09
2.32147831e-06	6.522334e-09
2.32149688e-06	5.102178e-09
2.32151545e-06	4.989790e-09
2.32153403e-06	5.609728e-09
2.32155260e-06	6.248113e-09
2.32157117e-06	6.887054e-09
2.32158974e-06	6.925298e-09
2.32160832e-06	6.504886e-09
2.32162689e-06	5.395204e-09
2.32164546e-06	3.644340e-09
2.32166404e-06	4.423163e-09
2.32168261e-06	6.007803e-09
2.32170118e-06	6.686806e-09
2.32171976e-06	6.656565e-09
2.32173833e-06	6.516358e-09
2.32175690e-06	6.427970e-09
2.32177548e-06	5.491598e-09
2.32179405e-06	4.257243e-09
2.32181263e-06	5.729636e-09
2.32183120e-06	5.620703e-09
2.32184978e-06	5.265288e-09
2.32186835e-06	5.262828e-09
2.32188692e-06	5.581829e-09
2.32190550e-06	5.247488e-09
2.32192408e-06	5.223658e-09
2.32194265e-06	2.858746e-09
2.32196123e-06	2.594547e-09
2.32197980e-06	4.622017e-09
2.32199838e-06	5.080421e-09
2.32201695e-06	4.802654e-09
2.32203553e-06	4.391642e-09
2.32205411e-06	3.393667e-09
2.32207268e-06	3.093032e-09
2.32209126e-06	3.528650e-09
2.32210984e-06	2.952867e-09
2.32212841e-06	4.167837e-09
2.32214699e-06	4.810811e-09
2.32216557e-06	4.839254e-09
2.32218414e-06	3.624090e-09
2.32220272e-06	3.457769e-09
2.32222130e-06	4.930696e-09
2.32223988e-06	5.050137e-09
2.32225846e-06	4.909771e-09
2.32227703e-06	6.089649e-09
2.32229561e-06	6.036812e-09
2.32231419e-06	5.231543e-09
2.32233277e-06	5.458803e-09
2.32235135e-06	5.145467e-09
2.32236993e-06	3.651489e-09
2.32238850e-06	3.962596e-09
2.32240708e-06	5.438315e-09
2.32242566e-06	5.721087e-09
2.32244424e-06	5.872575e-09
2.32246282e-06	4.439460e-09
2.32248140e-06	4.397488e-09
2.32249998e-06	4.903671e-09
2.32251856e-06	6.084297e-09
2.32253714e-06	5.605529e-09
2.32255572e-06	4.248747e-09
2.32257430e-06	4.073860e-09
2.32259288e-06	5.668051e-09
2.32261146e-06	5.411365e-09
2.32263005e-06	4.302618e-09
2.32264863e-06	3.208359e-09
2.32266721e-06	3.553343e-09
2.32268579e-06	3.641862e-09
2.32270437e-06	4.154364e-09
2.32272295e-06	3.807984e-09
2.32274153e-06	3.847909e-09
2.32276012e-06	3.650552e-09
2.32277870e-06	4.860917e-09
2.32279728e-06	5.232956e-09
2.32281586e-06	3.785814e-09
2.32283444e-06	4.300496e-09
2.32285303e-06	4.093500e-09
2.32287161e-06	3.626174e-09
2.32289019e-06	4.474381e-09
2.32290878e-06	4.064126e-09
2.32292736e-06	2.954757e-09
2.32294594e-06	4.323907e-09
2.32296453e-06	3.987906e-09
2.32298311e-06	5.149990e-09
2.32300169e-06	4.509972e-09
2.32302028e-06	3.589952e-09
2.32303886e-06	4.224250e-09
2.32305745e-06	5.585755e-09
2.32307603e-06	3.870599e-09
2.32309462e-06	2.853664e-09
2.32311320e-06	3.799625e-09
2.32313179e-06	4.041668e-09
2.32315037e-06	3.099834e-09
2.32316896e-06	2.627975e-09
2.32318754e-06	2.813892e-09
2.32320613e-06	3.674193e-09
2.32322471e-06	3.646330e-09
2.32324330e-06	4.989385e-09
2.32326188e-06	3.694383e-09
2.32328047e-06	2.965883e-09
2.32329906e-06	5.634151e-09
2.32331764e-06	5.785365e-09
2.32333623e-06	3.985492e-09
2.32335482e-06	3.786137e-09
2.32337340e-06	4.166143e-09
2.32339199e-06	5.241609e-09
2.32341058e-06	5.580285e-09
2.32342916e-06	4.763803e-09
2.32344775e-06	3.551388e-09
2.32346634e-06	3.762951e-09
2.32348493e-06	5.341414e-09
2.32350352e-06	5.748818e-09
2.32352210e-06	5.602689e-09
2.32354069e-06	4.224361e-09
2.32355928e-06	3.195663e-09
2.32357787e-06	3.943200e-09
2.32359646e-06	3.164751e-09
2.32361504e-06	3.403505e-09
2.32363363e-06	3.430731e-09
2.32365222e-06	3.123477e-09
2.32367081e-06	4.242161e-09
2.32368940e-06	4.778087e-09
2.32370799e-06	4.120509e-09
2.32372658e-06	3.537628e-09
2.32374517e-06	3.553532e-09
2.32376376e-06	4.399851e-09
2.32378235e-06	5.193827e-09
2.32380094e-06	3.465830e-09
2.32381953e-06	3.584196e-09
2.32383812e-06	5.510771e-09
2.32385671e-06	6.010630e-09
2.32387530e-06	6.117635e-09
2.32389389e-06	5.577578e-09
2.32391249e-06	5.468525e-09
2.32393108e-06	4.283581e-09
2.32394967e-06	4.346992e-09
2.32396826e-06	5.399595e-09
2.32398685e-06	4.873713e-09
2.32400544e-06	3.118747e-09
2.32402404e-06	2.744124e-09
2.32404263e-06	3.467702e-09
2.32406122e-06	3.600153e-09
2.32407981e-06	4.876103e-09
2.32409840e-06	4.944835e-09
2.32411700e-06	5.707425e-09
2.32413559e-06	6.321877e-09
2.32415418e-06	6.697882e-09
2.32417278e-06	6.451473e-09
2.32419137e-06	5.837523e-09
2.32420996e-06	6.202816e-09
2.32422856e-06	6.370479e-09
2.32424715e-06	6.408483e-09
2.32426575e-06	5.454618e-09
2.32428434e-06	4.089582e-09
2.32430293e-06	4.743865e-09
2.32432153e-06	5.972886e-09
2.32434012e-06	4.900588e-09
2.32435872e-06	4.753626e-09
2.32437731e-06	5.029684e-09
2.32439591e-06	3.785630e-09
2.32441450e-06	3.528195e-09
2.32443310e-06	4.625806e-09
2.32445169e-06	5.693000e-09
2.32447029e-06	4.978236e-09
2.32448888e-06	5.945133e-09
2.32450748e-06	6.562354e-09
2.32452608e-06	5.328055e-09
2.32454467e-06	4.829673e-09
2.32456327e-06	5.363108e-09
2.32458187e-06	6.304450e-09
2.32460046e-06	6.457105e-09
2.32461906e-06	5.620176e-09
2.32463766e-06	6.375617e-09
2.32465625e-06	5.878268e-09
2.32467485e-06	4.434342e-09
2.32469345e-06	4.696115e-09
2.32471205e-06	5.847655e-09
2.32473064e-06	4.366193e-09
2.32474924e-06	3.909537e-09
2.32476784e-06	5.172019e-09
2.32478644e-06	4.703865e-09
2.32480504e-06	3.432377e-09
2.32482363e-06	3.492482e-09
2.32484223e-06	4.489658e-09
2.32486083e-06	3.890510e-09
2.32487943e-06	4.427015e-09
2.32489803e-06	4.356700e-09
2.32491663e-06	4.738300e-09
2.32493523e-06	5.940684e-09
2.32495383e-06	5.977094e-09
2.32497243e-06	6.090460e-09
2.32499103e-06	5.344908e-09
2.32500963e-06	5.671172e-09
2.32502823e-06	5.948412e-09
2.32504683e-06	6.337823e-09
2.32506543e-06	6.252415e-09
2.32508403e-06	5.795500e-09
2.32510263e-06	4.783374e-09
2.32512123e-06	4.113125e-09
2.32513983e-06	4.544363e-09
2.32515843e-06	4.127516e-09
2.32517703e-06	3.073760e-09
2.32519563e-06	3.364394e-09
2.32521424e-06	3.165677e-09
2.32523284e-06	3.172375e-09
2.32525144e-06	3.504298e-09
2.32527004e-06	3.469898e-09
2.32528864e-06	4.678853e-09
2.32530725e-06	4.940641e-09
2.32532585e-06	4.848466e-09
2.32534445e-06	5.241676e-09
2.32536305e-06	6.154662e-09
2.32538166e-06	6.442646e-09
2.32540026e-06	6.104236e-09
2.32541886e-06	5.657374e-09
2.32543747e-06	5.772608e-09
2.32545607e-06	5.495614e-09
2.32547467e-06	6.271265e-09
2.32549328e-06	5.746030e-09
2.32551188e-06	5.397049e-09
2.32553048e-06	5.470959e-09
2.32554909e-06	5.688853e-09
2.32556769e-06	5.742386e-09
2.32558630e-06	5.015452e-09
2.32560490e-06	4.486036e-09
2.32562351e-06	5.009692e-09
2.32564211e-06	5.523703e-09
2.32566072e-06	4.533735e-09
2.32567932e-06	5.306102e-09
2.32569793e-06	5.657609e-09
2.32571654e-06	4.445148e-09
2.32573514e-06	3.504393e-09
2.32575375e-06	3.545853e-09
2.32577235e-06	5.162962e-09
2.32579096e-06	5.725991e-09
2.32580956e-06	6.188957e-09
2.32582817e-06	5.733181e-09
2.32584678e-06	3.688774e-09
2.32586538e-06	3.392279e-09
2.32588399e-06	3.436515e-09
2.32590260e-06	4.749876e-09
2.32592121e-06	5.312524e-09
2.32593981e-06	5.090170e-09
2.32595842e-06	4.248053e-09
2.32597703e-06	3.942216e-09
2.32599564e-06	3.814170e-09
2.32601424e-06	5.250305e-09
2.32603285e-06	5.419189e-09
2.32605146e-06	5.093148e-09
2.32607007e-06	5.377751e-09
2.32608868e-06	4.358944e-09
2.32610729e-06	4.286557e-09
2.32612590e-06	4.646211e-09
2.32614450e-06	5.997800e-09
2.32616311e-06	5.887389e-09
2.32618172e-06	5.326612e-09
2.32620033e-06	5.686352e-09
2.32621894e-06	5.483100e-09
2.32623755e-06	4.862638e-09
2.32625616e-06	3.443482e-09
2.32627477e-06	3.459164e-09
2.32629338e-06	3.610651e-09
2.32631199e-06	3.193457e-09
2.32633060e-06	4.211055e-09
2.32634921e-06	4.367891e-09
2.32636782e-06	5.165101e-09
2.32638643e-06	5.354252e-09
2.32640505e-06	5.213831e-09
2.32642366e-06	5.191371e-09
2.32644227e-06	4.661665e-09
2.32646088e-06	5.413171e-09
2.32647949e-06	5.854119e-09
2.32649810e-06	6.075777e-09
2.32651671e-06	6.111375e-09
2.32653533e-06	6.843422e-09
2.32655394e-06	6.130723e-09
2.32657255e-06	6.264092e-09
2.32659116e-06	6.302438e-09
2.32660978e-06	5.649420e-09
2.32662839e-06	4.501092e-09
2.32664700e-06	4.336080e-09
2.32666562e-06	5.064256e-09
2.32668423e-06	4.496089e-09
2.32670284e-06	5.190678e-09
2.32672146e-06	4.739687e-09
2.32674007e-06	4.727562e-09
2.32675869e-06	5.002453e-09
2.32677730e-06	4.339248e-09
2.32679591e-06	3.177479e-09
2.32681453e-06	3.290309e-09
2.32683314e-06	3.758525e-09
2.32685176e-06	3.109003e-09
2.32687037e-06	4.172854e-09
2.32688899e-06	4.595298e-09
2.32690760e-06	4.795273e-09
2.32692622e-06	5.134544e-09
2.32694483e-06	4.570899e-09
2.32696345e-06	4.880201e-09
2.32698206e-06	5.484251e-09
2.32700068e-06	5.706312e-09
2.32701930e-06	5.359834e-09
2.32703791e-06	5.922313e-09
2.32705653e-06	6.490637e-09
2.32707514e-06	5.880620e-09
2.32709376e-06	4.964442e-09
2.32711238e-06	4.163313e-09
2.32713099e-06	3.409236e-09
2.32714961e-06	4.297347e-09
2.32716823e-06	5.370869e-09
2.32718685e-06	4.996038e-09
2.32720546e-06	5.905384e-09
2.32722408e-06	6.121876e-09
2.32724270e-06	5.411757e-09
2.32726132e-06	6.509161e-09
2.32727993e-06	5.840085e-09
2.32729855e-06	4.674822e-09
2.32731717e-06	4.918189e-09
2.32733579e-06	6.220111e-09
2.32735441e-06	6.548973e-09
2.32737303e-06	5.796990e-09
2.32739165e-06	5.272259e-09
2.32741027e-06	4.566708e-09
2.32742888e-06	3.376740e-09
2.32744750e-06	3.452140e-09
2.32746612e-06	4.432060e-09
2.32748474e-06	5.497592e-09
2.32750336e-06	6.021160e-09
2.32752198e-06	5.921873e-09
2.32754060e-06	6.102811e-09
2.32755922e-06	6.044477e-09
2.32757784e-06	6.476887e-09
2.32759646e-06	5.214735e-09
2.32761509e-06	3.892281e-09
2.32763371e-06	5.470614e-09
2.32765233e-06	6.520607e-09
2.32767095e-06	6.069540e-09
2.32768957e-06	5.986903e-09
2.32770819e-06	6.379426e-09
2.32772681e-06	6.206312e-09
2.32774544e-06	6.446930e-09
2.32776406e-06	6.568378e-09
2.32778268e-06	6.483480e-09
2.32780130e-06	6.093152e-09
2.32781992e-06	5.103260e-09
2.32783855e-06	2.886884e-09
2.32785717e-06	2.702187e-09
2.32787579e-06	3.450919e-09
2.32789442e-06	4.570707e-09
2.32791304e-06	3.856446e-09
2.32793166e-06	4.022209e-09
2.32795028e-06	3.151681e-09
2.32796891e-06	2.810657e-09
2.32798753e-06	4.902458e-09
2.32800616e-06	5.778875e-09
2.32802478e-06	5.970783e-09
2.32804340e-06	5.403312e-09
2.32806203e-06	4.269490e-09
2.32808065e-06	3.362683e-09
2.32809928e-06	3.411062e-09
2.32811790e-06	4.382331e-09
2.32813653e-06	4.805104e-09
2.32815515e-06	5.228467e-09
2.32817378e-06	6.047392e-09
2.32819240e-06	5.510888e-09
2.32821103e-06	5.460504e-09
2.32822965e-06	5.041959e-09
2.32824828e-06	5.691427e-09
2.32826691e-06	6.081349e-09
2.32828553e-06	5.549019e-09
2.32830416e-06	4.210411e-09
2.32832279e-06	4.423343e-09
2.32834141e-06	5.430303e-09
2.32836004e-06	5.692412e-09
2.32837867e-06	5.349088e-09
2.32839729e-06	3.858969e-09
2.32841592e-06	3.002181e-09
2.32843455e-06	4.001656e-09
2.32845317e-06	3.404586e-09
2.32847180e-06	2.911820e-09
2.32849043e-06	3.493816e-09
2.32850906e-06	2.867519e-09
2.32852769e-06	3.993859e-09
2.32854631e-06	4.483135e-09
2.32856494e-06	5.292050e-09
2.32858357e-06	5.864495e-09
2.32860220e-06	5.869738e-09
2.32862083e-06	5.475104e-09
2.32863946e-06	4.687346e-09
2.32865809e-06	4.381848e-09
2.32867672e-06	4.640218e-09
2.32869535e-06	4.812599e-09
2.32871397e-06	3.012881e-09
2.32873260e-06	3.903628e-09
2.32875123e-06	4.450777e-09
2.32876987e-06	3.429249e-09
2.32878849e-06	3.395406e-09
2.32880712e-06	3.966864e-09
2.32882576e-06	4.463568e-09
2.32884439e-06	5.637652e-09
2.32886302e-06	5.983159e-09
2.32888165e-06	5.232037e-09
2.32890028e-06	4.893894e-09
2.32891891e-06	4.931138e-09
2.32893754e-06	5.006672e-09
2.32895617e-06	5.385939e-09
2.32897481e-06	5.906753e-09
2.32899344e-06	5.082700e-09
2.32901207e-06	4.967480e-09
2.32903070e-06	5.988291e-09
2.32904933e-06	6.008812e-09
2.32906797e-06	5.278867e-09
2.32908660e-06	3.808037e-09
2.32910523e-06	4.605355e-09
2.32912386e-06	6.255604e-09
2.32914250e-06	6.296067e-09
2.32916113e-06	5.872208e-09
2.32917976e-06	4.842964e-09
2.32919840e-06	2.919388e-09
2.32921703e-06	2.942103e-09
2.32923566e-06	5.317173e-09
2.32925430e-06	6.318263e-09
2.32927293e-06	6.170310e-09
2.32929157e-06	6.430545e-09
2.32931020e-06	6.889907e-09
2.32932883e-06	6.725933e-09
2.32934747e-06	5.917275e-09
2.32936610e-06	5.275070e-09
2.32938474e-06	4.906974e-09
2.32940337e-06	5.617368e-09
2.32942201e-06	5.169708e-09
2.32944065e-06	5.579992e-09
2.32945928e-06	4.827590e-09
2.32947792e-06	3.937348e-09
2.32949655e-06	3.213533e-09
2.32951519e-06	3.557316e-09
2.32953382e-06	4.169165e-09
2.32955246e-06	5.225902e-09
2.32957110e-06	5.829387e-09
2.32958973e-06	6.403919e-09
2.32960837e-06	6.778008e-09
2.32962701e-06	6.641430e-09
2.32964564e-06	5.994553e-09
2.32966428e-06	6.706490e-09
2.32968292e-06	7.187845e-09
2.32970156e-06	7.503899e-09
2.32972019e-06	7.458616e-09
2.32973883e-06	7.144006e-09
2.32975747e-06	6.472913e-09
2.32977611e-06	6.270078e-09
2.32979475e-06	4.914255e-09
2.32981338e-06	5.112247e-09
2.32983202e-06	6.570634e-09
2.32985066e-06	6.261607e-09
2.32986930e-06	5.348242e-09
2.32988794e-06	6.320008e-09
2.32990658e-06	6.227134e-09
2.32992522e-06	5.450966e-09
2.32994386e-06	5.362692e-09
2.32996250e-06	5.031767e-09
2.32998113e-06	5.633228e-09
2.32999977e-06	5.566065e-09
2.33001842e-06	3.550491e-09
2.33003706e-06	3.126808e-09
2.33005570e-06	5.115168e-09
2.33007434e-06	5.396786e-09
2.33009298e-06	4.504387e-09
2.33011162e-06	4.369871e-09
2.33013026e-06	4.455967e-09
2.33014890e-06	4.077609e-09
2.33016754e-06	3.106974e-09
2.33018618e-06	3.570328e-09
2.33020482e-06	2.691729e-09
2.33022347e-06	3.682236e-09
2.33024211e-06	4.072652e-09
2.33026075e-06	3.459445e-09
2.33027939e-06	3.656497e-09
2.33029803e-06	3.096960e-09
2.33031667e-06	4.639062e-09
2.33033532e-06	5.265424e-09
2.33035396e-06	5.537653e-09
2.33037260e-06	5.260692e-09
2.33039125e-06	3.869012e-09
2.33040989e-06	4.411827e-09
2.33042853e-06	5.502059e-09
2.33044718e-06	4.365341e-09
2.33046582e-06	3.648376e-09
2.33048446e-06	4.432122e-09
2.33050311e-06	4.438483e-09
2.33052175e-06	2.768806e-09
2.33054040e-06	2.812830e-09
2.33055904e-06	4.572487e-09
2.33057768e-06	3.856618e-09
2.33059633e-06	2.626054e-09
2.33061497e-06	3.341115e-09
2.33063362e-06	3.624943e-09
2.33065226e-06	3.665834e-09
2.33067091e-06	3.794962e-09
2.33068955e-06	4.031108e-09
2.33070820e-06	3.110006e-09
2.33072685e-06	4.225207e-09
2.33074549e-06	3.540440e-09
2.33076414e-06	4.519364e-09
2.33078278e-06	4.917921e-09
2.33080143e-06	4.228788e-09
2.33082008e-06	5.434083e-09
2.33083872e-06	6.051868e-09
2.33085737e-06	6.185901e-09
2.33087602e-06	5.739975e-09
2.33089466e-06	5.365383e-09
2.33091331e-06	5.882513e-09
2.33093196e-06	5.636651e-09
2.33095061e-06	5.242004e-09
2.33096925e-06	5.561552e-09
2.33098790e-06	5.188982e-09
2.33100655e-06	5.014243e-09
2.33102520e-06	4.064667e-09
2.33104384e-06	4.747942e-09
2.33106249e-06	4.805890e-09
2.33108114e-06	3.271602e-09
2.33109979e-06	3.533723e-09
2.33111844e-06	3.875827e-09
2.33113709e-06	4.847405e-09
2.33115574e-06	4.538062e-09
2.33117439e-06	4.241789e-09
2.33119304e-06	3.815442e-09
2.33121169e-06	2.630073e-09
2.33123033e-06	3.012526e-09
2.33124898e-06	4.141576e-09
2.33126763e-06	4.517408e-09
2.33128629e-06	5.780019e-09
2.33130493e-06	5.565393e-09
2.33132359e-06	5.575356e-09
2.33134224e-06	6.299226e-09
2.33136089e-06	5.822386e-09
2.33137954e-06	4.380738e-09
2.33139819e-06	5.095640e-09
2.33141684e-06	5.779032e-09
2.33143549e-06	5.584275e-09
2.33145414e-06	5.388091e-09
2.33147280e-06	6.104551e-09
2.33149145e-06	5.859993e-09
2.33151010e-06	5.694652e-09
2.33152875e-06	5.304344e-09
2.33154740e-06	4.125563e-09
2.33156606e-06	4.831473e-09
2.33158471e-06	4.667206e-09
2.33160336e-06	3.627082e-09
2.33162201e-06	4.123670e-09
2.33164067e-06	3.130660e-09
2.33165932e-06	2.830139e-09
2.33167797e-06	5.373798e-09
2.33169663e-06	5.749481e-09
2.33171528e-06	4.342086e-09
2.33173393e-06	3.338988e-09
2.33175259e-06	5.198693e-09
2.33177124e-06	5.011810e-09
2.33178990e-06	4.282646e-09
2.33180855e-06	5.173621e-09
2.33182720e-06	5.065196e-09
2.33184586e-06	5.218412e-09
2.33186451e-06	4.597588e-09
2.33188317e-06	4.162894e-09
2.33190182e-06	3.399253e-09
2.33192048e-06	3.026436e-09
2.33193913e-06	3.764196e-09
2.33195779e-06	3.454005e-09
2.33197644e-06	3.609091e-09
2.33199510e-06	4.118645e-09
2.33201376e-06	4.554655e-09
2.33203241e-06	5.496179e-09
2.33205107e-06	5.804365e-09
2.33206973e-06	5.777742e-09
2.33208838e-06	5.900163e-09
2.33210704e-06	4.885768e-09
2.33212570e-06	5.552218e-09
2.33214435e-06	6.018166e-09
2.33216301e-06	5.744150e-09
2.33218167e-06	5.984874e-09
2.33220033e-06	6.218687e-09
2.33221898e-06	4.954124e-09
2.33223764e-06	4.705601e-09
2.33225630e-06	4.060228e-09
2.33227496e-06	5.236115e-09
2.33229361e-06	6.428665e-09
2.33231227e-06	6.996742e-09
2.33233093e-06	6.680372e-09
2.33234959e-06	6.740570e-09
2.33236825e-06	6.497413e-09
2.33238691e-06	5.047770e-09
2.33240557e-06	4.628000e-09
2.33242423e-06	6.018419e-09
2.33244288e-06	6.359668e-09
2.33246154e-06	5.319927e-09
2.33248020e-06	4.569255e-09
2.33249886e-06	5.101868e-09
2.33251752e-06	6.181971e-09
2.33253618e-06	6.104149e-09
2.33255485e-06	4.196027e-09
2.33257350e-06	3.986415e-09
2.33259217e-06	5.287406e-09
2.33261083e-06	5.569974e-09
2.33262949e-06	6.557261e-09
2.33264815e-06	6.596706e-09
2.33266681e-06	6.113569e-09
2.33268547e-06	6.743322e-09
2.33270413e-06	6.583880e-09
2.33272279e-06	5.722534e-09
2.33274146e-06	4.792304e-09
2.33276012e-06	5.215230e-09
2.33277878e-06	4.845495e-09
2.33279744e-06	4.700466e-09
2.33281610e-06	4.305075e-09
2.33283477e-06	3.336982e-09
2.33285343e-06	3.447702e-09
2.33287209e-06	3.939145e-09
2.33289075e-06	2.957734e-09
2.33290942e-06	2.752073e-09
2.33292808e-06	4.278897e-09
2.33294675e-06	5.348314e-09
2.33296541e-06	5.829227e-09
2.33298407e-06	5.487409e-09
2.33300274e-06	5.608754e-09
2.33302140e-06	6.481362e-09
2.33304006e-06	6.174978e-09
2.33305873e-06	5.957331e-09
2.33307739e-06	6.058665e-09
2.33309606e-06	5.991439e-09
2.33311472e-06	5.418505e-09
2.33313339e-06	5.600898e-09
2.33315205e-06	4.743915e-09
2.33317072e-06	4.050171e-09
2.33318938e-06	5.459616e-09
2.33320805e-06	5.818646e-09
2.33322671e-06	4.540482e-09
2.33324538e-06	4.223776e-09
2.33326405e-06	5.123959e-09
2.33328271e-06	4.334627e-09
2.33330138e-06	5.659239e-09
2.33332004e-06	6.111707e-09
2.33333871e-06	6.084320e-09
2.33335738e-06	5.599522e-09
2.33337604e-06	4.969748e-09
2.33339471e-06	5.333899e-09
2.33341338e-06	5.186071e-09
2.33343205e-06	6.402720e-09
2.33345071e-06	6.567944e-09
2.33346938e-06	6.563273e-09
2.33348805e-06	6.056123e-09
2.33350672e-06	5.090788e-09
2.33352538e-06	4.190482e-09
2.33354405e-06	4.525460e-09
2.33356272e-06	3.942924e-09
2.33358139e-06	3.073044e-09
2.33360006e-06	4.961584e-09
2.33361873e-06	5.633148e-09
2.33363740e-06	5.125915e-09
2.33365607e-06	4.879926e-09
2.33367473e-06	4.382802e-09
2.33369340e-06	3.023043e-09
2.33371207e-06	3.366142e-09
2.33373074e-06	3.017530e-09
2.33374941e-06	3.616436e-09
2.33376808e-06	3.288225e-09
2.33378675e-06	3.599412e-09
2.33380542e-06	3.701327e-09
2.33382410e-06	4.955026e-09
2.33384277e-06	5.167681e-09
2.33386144e-06	5.590269e-09
2.33388011e-06	6.106839e-09
2.33389878e-06	5.885179e-09
2.33391745e-06	6.063321e-09
2.33393612e-06	5.519781e-09
2.33395479e-06	4.499635e-09
2.33397346e-06	5.836366e-09
2.33399213e-06	6.852984e-09
2.33401081e-06	6.705642e-09
2.33402948e-06	6.297921e-09
2.33404815e-06	5.966460e-09
2.33406682e-06	6.260111e-09
2.33408550e-06	6.798697e-09
2.33410417e-06	6.649640e-09
2.33412284e-06	5.497142e-09
2.33414152e-06	3.398395e-09
2.33416019e-06	2.826877e-09
2.33417886e-06	4.282345e-09
2.33419754e-06	4.056407e-09
2.33421621e-06	3.955576e-09
2.33423488e-06	4.989151e-09
2.33425356e-06	5.475316e-09
2.33427223e-06	5.412932e-09
2.33429090e-06	4.637926e-09
2.33430958e-06	3.571078e-09
2.33432825e-06	4.133082e-09
2.33434693e-06	4.457965e-09
2.33436560e-06	4.896125e-09
2.33438428e-06	5.788383e-09
2.33440295e-06	6.161999e-09
2.33442163e-06	4.898202e-09
2.33444030e-06	3.790893e-09
2.33445898e-06	4.548880e-09
2.33447765e-06	4.994112e-09
2.33449633e-06	5.318839e-09
2.33451501e-06	4.484821e-09
2.33453368e-06	5.045501e-09
2.33455236e-06	5.696891e-09
2.33457104e-06	5.114469e-09
2.33458971e-06	5.920217e-09
2.33460839e-06	6.045210e-09
2.33462706e-06	4.518804e-09
2.33464574e-06	4.393293e-09
2.33466442e-06	5.385252e-09
2.33468310e-06	5.850408e-09
2.33470177e-06	5.443642e-09
2.33472045e-06	4.763797e-09
2.33473913e-06	3.434303e-09
2.33475781e-06	3.655757e-09
2.33477648e-06	2.995424e-09
2.33479516e-06	3.529883e-09
2.33481384e-06	4.255172e-09
2.33483252e-06	4.025106e-09
2.33485120e-06	4.157628e-09
2.33486988e-06	3.960671e-09
2.33488856e-06	4.528106e-09
2.33490724e-06	6.157254e-09
2.33492591e-06	6.628930e-09
2.33494460e-06	6.431665e-09
2.33496327e-06	5.877950e-09
2.33498195e-06	3.989712e-09
2.33500063e-06	4.414849e-09
2.33501931e-06	6.322120e-09
2.33503799e-06	6.643880e-09
2.33505667e-06	6.692334e-09
2.33507535e-06	6.382440e-09
2.33509404e-06	4.911404e-09
2.33511272e-06	2.857175e-09
2.33513140e-06	2.725495e-09
2.33515008e-06	4.807633e-09
2.33516876e-06	5.412245e-09
2.33518744e-06	4.505498e-09
2.33520612e-06	4.759487e-09
2.33522480e-06	5.294576e-09
2.33524348e-06	4.450751e-09
2.33526217e-06	4.401992e-09
2.33528085e-06	5.179748e-09
2.33529953e-06	5.427405e-09
2.33531821e-06	5.211889e-09
2.33533690e-06	4.884721e-09
2.33535558e-06	5.013402e-09
2.33537426e-06	4.023870e-09
2.33539294e-06	3.856375e-09
2.33541163e-06	5.261292e-09
2.33543031e-06	5.575629e-09
2.33544900e-06	5.608125e-09
2.33546768e-06	5.385669e-09
2.33548636e-06	5.156895e-09
2.33550505e-06	4.364788e-09
2.33552373e-06	2.770132e-09
2.33554242e-06	3.413825e-09
2.33556110e-06	2.621722e-09
2.33557978e-06	4.085135e-09
2.33559847e-06	4.801865e-09
2.33561715e-06	4.806145e-09
2.33563584e-06	4.523403e-09
2.33565452e-06	3.589256e-09
2.33567321e-06	2.762986e-09
2.33569189e-06	3.905783e-09
2.33571058e-06	4.127430e-09
2.33572927e-06	3.882803e-09
2.33574795e-06	3.709277e-09
2.33576664e-06	3.198603e-09
2.33578532e-06	3.572981e-09
2.33580401e-06	4.063623e-09
2.33582269e-06	4.770839e-09
2.33584138e-06	5.528059e-09
2.33586007e-06	6.008822e-09
2.33587876e-06	5.743160e-09
2.33589744e-06	4.677716e-09
2.33591613e-06	4.667033e-09
2.33593482e-06	6.081830e-09
2.33595350e-06	6.008311e-09
2.33597219e-06	4.878667e-09
2.33599088e-06	5.324911e-09
2.33600957e-06	5.868052e-09
2.33602826e-06	5.913323e-09
2.33604694e-06	6.140100e-09
2.33606563e-06	6.727334e-09
2.33608432e-06	7.169375e-09
2.33610301e-06	7.335227e-09
2.33612170e-06	7.416709e-09
2.33614039e-06	7.001787e-09
2.33615908e-06	6.462092e-09
2.33617777e-06	6.493207e-09
2.33619646e-06	5.837795e-09
2.33621514e-06	5.886926e-09
2.33623383e-06	6.609821e-09
2.33625253e-06	6.017120e-09
2.33627121e-06	5.687402e-09
2.33628990e-06	5.334332e-09
2.33630860e-06	5.677638e-09
2.33632729e-06	4.678413e-09
2.33634598e-06	3.455296e-09
2.33636467e-06	3.780865e-09
2.33638336e-06	5.534754e-09
2.33640205e-06	5.321070e-09
2.33642074e-06	5.377406e-09
2.33643943e-06	6.237865e-09
2.33645812e-06	5.298041e-09
2.33647681e-06	6.201831e-09
2.33649551e-06	6.256849e-09
2.33651420e-06	6.193195e-09
2.33653289e-06	6.968668e-09
2.33655158e-06	6.340569e-09
2.33657028e-06	5.417039e-09
2.33658897e-06	6.314172e-09
2.33660766e-06	5.885641e-09
2.33662635e-06	5.619765e-09
2.33664505e-06	5.805689e-09
2.33666374e-06	5.958485e-09
2.33668243e-06	5.401967e-09
2.33670113e-06	3.827064e-09
2.33671982e-06	3.558225e-09
2.33673851e-06	4.189457e-09
2.33675721e-06	4.112277e-09
2.33677590e-06	5.027365e-09
2.33679460e-06	5.022295e-09
2.33681329e-06	3.839852e-09
2.33683198e-06	3.547876e-09
2.33685068e-06	3.228448e-09
2.33686937e-06	4.140074e-09
2.33688807e-06	4.485394e-09
2.33690676e-06	4.389486e-09
2.33692546e-06	4.584980e-09
2.33694415e-06	4.631530e-09
2.33696285e-06	4.941953e-09
2.33698155e-06	3.656907e-09
2.33700024e-06	4.018086e-09
2.33701894e-06	4.972566e-09
2.33703763e-06	5.439772e-09
2.33705633e-06	5.182238e-09
2.33707503e-06	5.673938e-09
2.33709372e-06	5.956403e-09
2.33711242e-06	5.972491e-09
2.33713112e-06	6.047236e-09
2.33714981e-06	5.420799e-09
2.33716851e-06	5.872330e-09
2.33718721e-06	6.625432e-09
2.33720591e-06	5.443642e-09
2.33722460e-06	4.804744e-09
2.33724330e-06	5.406962e-09
2.33726200e-06	5.292241e-09
2.33728070e-06	4.229772e-09
2.33729940e-06	4.227757e-09
2.33731809e-06	5.367389e-09
2.33733679e-06	5.535830e-09
2.33735549e-06	5.220493e-09
2.33737419e-06	4.487871e-09
2.33739289e-06	2.780713e-09
2.33741159e-06	3.361087e-09
2.33743029e-06	2.536370e-09
2.33744899e-06	4.263598e-09
2.33746769e-06	4.995882e-09
2.33748639e-06	4.780580e-09
2.33750509e-06	5.180506e-09
2.33752379e-06	5.657886e-09
2.33754249e-06	5.714255e-09
2.33756119e-06	5.708707e-09
2.33757989e-06	6.641656e-09
2.33759859e-06	6.716065e-09
2.33761729e-06	6.006273e-09
2.33763599e-06	4.897448e-09
2.33765469e-06	6.017162e-09
2.33767339e-06	6.003505e-09
2.33769209e-06	5.767657e-09
2.33771079e-06	5.253546e-09
2.33772950e-06	4.288403e-09
2.33774820e-06	3.343298e-09
2.33776690e-06	4.384574e-09
2.33778560e-06	5.616552e-09
2.33780431e-06	5.901644e-09
2.33782301e-06	5.984512e-09
2.33784171e-06	5.582830e-09
2.33786041e-06	5.661229e-09
2.33787912e-06	5.592749e-09
2.33789782e-06	4.847687e-09
2.33791652e-06	3.513241e-09
2.33793523e-06	3.553126e-09
2.33795393e-06	3.140839e-09
2.33797263e-06	3.778783e-09
2.33799134e-06	4.846197e-09
2.33801004e-06	5.439949e-09
2.33802874e-06	5.237844e-09
2.33804745e-06	4.792010e-09
2.33806615e-06	5.618403e-09
2.33808486e-06	5.657713e-09
2.33810356e-06	6.040888e-09
2.33812227e-06	5.332971e-09
2.33814097e-06	5.513246e-09
2.33815968e-06	5.650070e-09
2.33817838e-06	5.063109e-09
2.33819709e-06	4.376722e-09
2.33821579e-06	4.620413e-09
2.33823450e-06	3.123514e-09
2.33825321e-06	4.879638e-09
2.33827191e-06	5.374618e-09
2.33829062e-06	5.382250e-09
2.33830932e-06	5.132758e-09
2.33832803e-06	3.970706e-09
2.33834674e-06	3.982383e-09
2.33836544e-06	5.694999e-09
2.33838415e-06	5.618498e-09
2.33840286e-06	6.202964e-09
2.33842156e-06	6.028516e-09
2.33844027e-06	4.895052e-09
2.33845898e-06	3.563134e-09
2.33847769e-06	4.562556e-09
2.33849639e-06	5.420260e-09
2.33851510e-06	5.520428e-09
2.33853381e-06	4.834622e-09
2.33855252e-06	5.565400e-09
2.33857123e-06	5.314050e-09
2.33858994e-06	4.518817e-09
2.33860864e-06	4.833574e-09
2.33862735e-06	5.841238e-09
2.33864606e-06	5.703861e-09
2.33866477e-06	5.449023e-09
2.33868348e-06	4.544414e-09
2.33870219e-06	4.306405e-09
2.33872090e-06	3.237967e-09
2.33873961e-06	3.120134e-09
2.33875832e-06	3.996261e-09
2.33877703e-06	4.413734e-09
2.33879574e-06	5.800992e-09
2.33881445e-06	6.135199e-09
2.33883316e-06	6.489630e-09
2.33885187e-06	6.552226e-09
2.33887058e-06	5.062414e-09
2.33888929e-06	5.494844e-09
2.33890800e-06	5.525097e-09
2.33892672e-06	5.080348e-09
2.33894543e-06	3.884735e-09
2.33896414e-06	3.709441e-09
2.33898285e-06	5.183949e-09
2.33900156e-06	5.287830e-09
2.33902027e-06	4.985236e-09
2.33903899e-06	4.657176e-09
2.33905770e-06	3.705209e-09
2.33907641e-06	3.578434e-09
2.33909512e-06	3.175888e-09
2.33911384e-06	4.121523e-09
2.33913255e-06	5.042583e-09
2.33915126e-06	5.226449e-09
2.33916998e-06	5.128035e-09
2.33918869e-06	4.064573e-09
2.33920740e-06	4.356470e-09
2.33922612e-06	4.986546e-09
2.33924483e-06	5.317237e-09
2.33926354e-06	5.417224e-09
2.33928226e-06	4.408533e-09
2.33930097e-06	3.144546e-09
2.33931969e-06	3.245595e-09
2.33933840e-06	2.702065e-09
2.33935712e-06	4.281426e-09
2.33937583e-06	5.157204e-09
2.33939455e-06	5.446102e-09
2.33941326e-06	5.808509e-09
2.33943198e-06	5.800639e-09
2.33945069e-06	5.070281e-09
2.33946941e-06	3.728023e-09
2.33948812e-06	4.308083e-09
2.33950684e-06	5.820584e-09
2.33952556e-06	6.361962e-09
2.33954427e-06	6.330263e-09
2.33956299e-06	5.669987e-09
2.33958171e-06	5.203795e-09
2.33960042e-06	3.641871e-09
2.33961914e-06	3.442305e-09
2.33963785e-06	4.889519e-09
2.33965657e-06	4.112708e-09
2.33967529e-06	3.719955e-09
2.33969401e-06	5.808882e-09
2.33971272e-06	5.942605e-09
2.33973144e-06	5.052328e-09
2.33975016e-06	4.275910e-09
2.33976888e-06	5.298134e-09
2.33978760e-06	5.563595e-09
2.33980631e-06	5.472666e-09
2.33982503e-06	6.013528e-09
2.33984375e-06	5.376782e-09
2.33986247e-06	3.433432e-09
2.33988119e-06	2.716467e-09
2.33989991e-06	2.629224e-09
2.33991863e-06	3.773498e-09
2.33993735e-06	5.581481e-09
2.33995607e-06	5.222172e-09
2.33997479e-06	6.133158e-09
2.33999351e-06	6.325508e-09
2.34001223e-06	5.308622e-09
2.34003095e-06	3.718154e-09
2.34004967e-06	3.790077e-09
2.34006839e-06	3.918841e-09
2.34008711e-06	4.494458e-09
2.34010583e-06	5.504343e-09
2.34012455e-06	4.289361e-09
2.34014327e-06	4.925578e-09
2.34016199e-06	4.304731e-09
2.34018071e-06	4.607664e-09
2.34019943e-06	5.148307e-09
2.34021815e-06	5.145712e-09
2.34023688e-06	4.180183e-09
2.34025560e-06	3.277843e-09
2.34027432e-06	3.481437e-09
2.34029304e-06	3.405915e-09
2.34031177e-06	4.494206e-09
2.34033049e-06	5.044912e-09
2.34034921e-06	4.026055e-09
2.34036793e-06	3.211669e-09
2.34038666e-06	3.452013e-09
2.34040538e-06	3.468684e-09
2.34042410e-06	3.356342e-09
2.34044283e-06	3.117874e-09
2.34046155e-06	4.998121e-09
2.34048027e-06	5.806626e-09
2.34049900e-06	5.455880e-09
2.34051772e-06	3.359969e-09
2.34053644e-06	3.659559e-09
2.34055517e-06	4.671971e-09
2.34057389e-06	3.869618e-09
2.34059262e-06	4.435237e-09
2.34061134e-06	4.081285e-09
2.34063007e-06	3.880670e-09
2.34064879e-06	5.085273e-09
2.34066752e-06	4.200843e-09
2.34068624e-06	5.004660e-09
2.34070497e-06	6.639995e-09
2.34072369e-06	6.718400e-09
2.34074242e-06	6.740579e-09
2.34076115e-06	6.779637e-09
2.34077987e-06	5.709783e-09
2.34079860e-06	6.329543e-09
2.34081733e-06	5.961857e-09
2.34083605e-06	5.369181e-09
2.34085478e-06	6.079764e-09
2.34087350e-06	5.879060e-09
2.34089223e-06	5.794278e-09
2.34091096e-06	6.041853e-09
2.34092969e-06	5.835155e-09
2.34094841e-06	6.707558e-09
2.34096714e-06	6.256599e-09
2.34098587e-06	5.906519e-09
2.34100460e-06	5.829073e-09
2.34102333e-06	5.616552e-09
2.34104205e-06	4.933063e-09
2.34106078e-06	3.342138e-09
2.34107951e-06	2.906893e-09
2.34109824e-06	3.675365e-09
2.34111697e-06	4.490358e-09
2.34113570e-06	3.283966e-09
2.34115443e-06	2.636782e-09
2.34117315e-06	3.796629e-09
2.34119188e-06	5.227112e-09
2.34121061e-06	5.156852e-09
2.34122934e-06	4.793342e-09
2.34124807e-06	3.952331e-09
2.34126680e-06	2.839749e-09
2.34128553e-06	2.788646e-09
2.34130426e-06	4.197000e-09
2.34132299e-06	5.056316e-09
2.34134172e-06	3.988577e-09
2.34136045e-06	2.880702e-09
2.34137919e-06	4.536268e-09
2.34139792e-06	5.412419e-09
2.34141665e-06	5.115308e-09
2.34143538e-06	4.825131e-09
2.34145411e-06	4.066581e-09
2.34147284e-06	3.191034e-09
2.34149158e-06	3.700657e-09
2.34151031e-06	3.139722e-09
2.34152904e-06	4.371477e-09
2.34154777e-06	4.306741e-09
2.34156650e-06	4.811766e-09
2.34158524e-06	5.272664e-09
2.34160397e-06	6.012745e-09
2.34162270e-06	6.118265e-09
2.34164143e-06	6.182344e-09
2.34166017e-06	5.849765e-09
2.34167890e-06	4.847459e-09
2.34169763e-06	3.388898e-09
2.34171637e-06	3.339150e-09
2.34173510e-06	4.651610e-09
2.34175384e-06	5.385420e-09
2.34177257e-06	6.165100e-09
2.34179130e-06	5.782508e-09
2.34181004e-06	6.311682e-09
2.34182877e-06	6.160960e-09
2.34184751e-06	4.813902e-09
2.34186624e-06	3.689715e-09
2.34188498e-06	3.313549e-09
2.34190371e-06	4.827679e-09
2.34192245e-06	4.537424e-09
2.34194118e-06	3.918425e-09
2.34195992e-06	4.458144e-09
2.34197865e-06	5.062337e-09
2.34199739e-06	5.329663e-09
2.34201613e-06	4.729315e-09
2.34203486e-06	2.827279e-09
2.34205360e-06	2.731246e-09
2.34207233e-06	3.621761e-09
2.34209107e-06	4.801865e-09
2.34210981e-06	5.862942e-09
2.34212855e-06	6.236322e-09
2.34214728e-06	5.619195e-09
2.34216602e-06	4.834382e-09
2.34218476e-06	5.208330e-09
2.34220349e-06	6.347300e-09
2.34222223e-06	6.920531e-09
2.34224097e-06	7.023965e-09
2.34225971e-06	7.122370e-09
2.34227844e-06	7.418413e-09
2.34229718e-06	7.595005e-09
2.34231592e-06	6.915850e-09
2.34233466e-06	6.363867e-09
2.34235340e-06	6.907304e-09
2.34237214e-06	6.066866e-09
2.34239088e-06	5.671686e-09
2.34240962e-06	5.906686e-09
2.34242835e-06	5.670721e-09
2.34244709e-06	3.706495e-09
2.34246583e-06	4.680294e-09
2.34248457e-06	6.314643e-09
2.34250331e-06	6.792103e-09
2.34252205e-06	6.710219e-09
2.34254079e-06	5.157320e-09
2.34255953e-06	4.323528e-09
2.34257827e-06	4.921401e-09
2.34259702e-06	4.822787e-09
2.34261576e-06	5.391158e-09
2.34263450e-06	6.152891e-09
2.34265324e-06	6.218717e-09
2.34267198e-06	5.448765e-09
2.34269072e-06	4.759942e-09
2.34270946e-06	5.133235e-09
2.34272820e-06	4.139760e-09
2.34274695e-06	3.151953e-09
2.34276569e-06	3.515333e-09
2.34278443e-06	3.588008e-09
2.34280317e-06	4.801919e-09
2.34282191e-06	5.329861e-09
2.34284066e-06	4.529491e-09
2.34285940e-06	4.351878e-09
2.34287814e-06	4.885041e-09
2.34289689e-06	5.351978e-09
2.34291563e-06	6.004293e-09
2.34293437e-06	6.303472e-09
2.34295312e-06	6.366405e-09
2.34297186e-06	5.911656e-09
2.34299060e-06	5.246644e-09
2.34300935e-06	5.975468e-09
2.34302809e-06	6.639431e-09
2.34304684e-06	5.939236e-09
2.34306558e-06	5.146216e-09
2.34308432e-06	5.963259e-09
2.34310307e-06	6.370893e-09
2.34312181e-06	6.224867e-09
2.34314056e-06	6.122753e-09
2.34315930e-06	4.622365e-09
2.34317805e-06	5.239042e-09
2.34319679e-06	5.742293e-09
2.34321554e-06	4.813779e-09
2.34323429e-06	3.520134e-09
2.34325303e-06	2.792811e-09
2.34327178e-06	3.019334e-09
2.34329052e-06	3.484881e-09
2.34330927e-06	4.654935e-09
2.34332802e-06	5.667214e-09
2.34334676e-06	6.470260e-09
2.34336551e-06	6.399852e-09
2.34338426e-06	5.304745e-09
2.34340300e-06	5.799750e-09
2.34342175e-06	5.241965e-09
2.34344050e-06	5.158495e-09
2.34345925e-06	5.036060e-09
2.34347799e-06	3.801807e-09
2.34349674e-06	3.459408e-09
2.34351549e-06	4.837566e-09
2.34353424e-06	5.611882e-09
2.34355299e-06	5.638646e-09
2.34357173e-06	5.569394e-09
2.34359048e-06	4.723018e-09
2.34360923e-06	3.336874e-09
2.34362798e-06	3.023151e-09
2.34364673e-06	4.530189e-09
2.34366548e-06	3.638223e-09
2.34368423e-06	2.752183e-09
2.34370298e-06	3.387697e-09
2.34372173e-06	4.418091e-09
2.34374048e-06	5.815585e-09
2.34375923e-06	5.501268e-09
2.34377798e-06	5.509779e-09
2.34379673e-06	5.708781e-09
2.34381548e-06	4.061054e-09
2.34383423e-06	3.471432e-09
2.34385298e-06	4.484312e-09
2.34387173e-06	4.988330e-09
2.34389048e-06	5.985876e-09
2.34390923e-06	5.588061e-09
2.34392798e-06	5.469302e-09
2.34394673e-06	6.262273e-09
2.34396549e-06	5.838813e-09
2.34398424e-06	4.624513e-09
2.34400299e-06	5.137263e-09
2.34402174e-06	4.267102e-09
2.34404049e-06	3.651131e-09
2.34405925e-06	3.416800e-09
2.34407800e-06	3.245274e-09
2.34409675e-06	3.927164e-09
2.34411550e-06	4.753274e-09
2.34413426e-06	4.795337e-09
2.34415301e-06	5.379020e-09
2.34417176e-06	5.995463e-09
2.34419052e-06	6.130104e-09
2.34420927e-06	5.876347e-09
2.34422802e-06	5.931643e-09
2.34424678e-06	6.116920e-09
2.34426553e-06	6.401079e-09
2.34428429e-06	5.185298e-09
2.34430304e-06	5.049883e-09
2.34432179e-06	4.365930e-09
2.34434055e-06	5.070840e-09
2.34435930e-06	5.931315e-09
2.34437806e-06	5.825330e-09
2.34439681e-06	5.311340e-09
2.34441557e-06	5.082781e-09
2.34443432e-06	4.876972e-09
2.34445308e-06	3.400127e-09
2.34447183e-06	3.638876e-09
2.34449059e-06	4.545531e-09
2.34450935e-06	3.931320e-09
2.34452810e-06	4.621549e-09
2.34454686e-06	5.084592e-09
2.34456562e-06	4.611057e-09
2.34458437e-06	4.877233e-09
2.34460313e-06	5.668341e-09
2.34462189e-06	5.805724e-09
2.34464064e-06	5.307622e-09
2.34465940e-06	4.813716e-09
2.34467816e-06	3.790095e-09
2.34469691e-06	2.869975e-09
2.34471567e-06	2.869808e-09
2.34473443e-06	3.670106e-09
2.34475319e-06	4.276742e-09
2.34477195e-06	3.561213e-09
2.34479070e-06	2.783076e-09
2.34480946e-06	2.898649e-09
2.34482822e-06	3.783319e-09
2.34484698e-06	5.418384e-09
2.34486574e-06	5.412262e-09
2.34488450e-06	4.268544e-09
2.34490326e-06	4.453786e-09
2.34492202e-06	4.504100e-09
2.34494077e-06	4.798758e-09
2.34495953e-06	3.647433e-09
2.34497829e-06	4.572681e-09
2.34499705e-06	4.947602e-09
2.34501581e-06	3.729595e-09
2.34503457e-06	2.731370e-09
2.34505333e-06	2.689163e-09
2.34507209e-06	3.939928e-09
2.34509086e-06	3.623691e-09
2.34510962e-06	4.973342e-09
2.34512838e-06	6.044539e-09
2.34514714e-06	6.316699e-09
2.34516590e-06	5.906213e-09
2.34518466e-06	5.347094e-09
2.34520342e-06	5.156738e-09
2.34522218e-06	4.173957e-09
2.34524094e-06	3.528259e-09
2.34525971e-06	4.421051e-09
2.34527847e-06	4.192789e-09
2.34529723e-06	2.673846e-09
2.34531599e-06	2.613273e-09
2.34533476e-06	4.429365e-09
2.34535352e-06	4.790979e-09
2.34537228e-06	4.055662e-09
2.34539104e-06	3.604760e-09
2.34540981e-06	3.528267e-09
2.34542857e-06	3.169586e-09
2.34544733e-06	3.308701e-09
2.34546610e-06	3.813041e-09
2.34548486e-06	3.279279e-09
2.34550363e-06	3.706833e-09
2.34552239e-06	5.307970e-09
2.34554115e-06	5.527105e-09
2.34555992e-06	4.689332e-09
2.34557868e-06	5.486136e-09
2.34559745e-06	5.627723e-09
2.34561621e-06	3.037862e-09
2.34563498e-06	3.408133e-09
2.34565374e-06	5.498781e-09
2.34567251e-06	6.588225e-09
2.34569127e-06	6.028384e-09
2.34571004e-06	5.494736e-09
2.34572880e-06	6.445581e-09
2.34574757e-06	5.528754e-09
2.34576634e-06	5.516598e-09
2.34578510e-06	7.035456e-09
2.34580387e-06	7.344663e-09
2.34582263e-06	6.560727e-09
2.34584140e-06	4.799535e-09
2.34586017e-06	5.351476e-09
2.34587894e-06	6.890180e-09
2.34589770e-06	6.973651e-09
2.34591647e-06	7.043970e-09
2.34593524e-06	6.840785e-09
2.34595400e-06	6.420316e-09
2.34597277e-06	5.233967e-09
2.34599154e-06	4.596554e-09
2.34601031e-06	6.535343e-09
2.34602908e-06	7.165414e-09
2.34604784e-06	5.769566e-09
2.34606661e-06	5.305869e-09
2.34608538e-06	6.004246e-09
2.34610415e-06	5.554399e-09
2.34612292e-06	5.456401e-09
2.34614169e-06	6.269241e-09
2.34616046e-06	5.607429e-09
2.34617923e-06	4.409040e-09
2.34619800e-06	6.011839e-09
2.34621676e-06	6.709244e-09
2.34623553e-06	6.441137e-09
2.34625430e-06	6.201423e-09
2.34627307e-06	6.402867e-09
2.34629184e-06	6.569267e-09
2.34631061e-06	5.385792e-09
2.34632938e-06	5.248112e-09
2.34634816e-06	4.889573e-09
2.34636693e-06	4.995754e-09
2.34638570e-06	5.379757e-09
2.34640447e-06	5.068751e-09
2.34642324e-06	4.345063e-09
2.34644201e-06	2.864859e-09
2.34646078e-06	2.885904e-09
2.34647955e-06	3.516912e-09
2.34649833e-06	4.748624e-09
2.34651710e-06	5.501285e-09
2.34653587e-06	5.330030e-09
2.34655464e-06	6.014784e-09
2.34657341e-06	6.504684e-09
2.34659219e-06	6.060317e-09
2.34661096e-06	5.591591e-09
2.34662973e-06	5.717670e-09
2.34664851e-06	5.303299e-09
2.34666728e-06	5.375716e-09
2.34668605e-06	6.135709e-09
2.34670483e-06	6.393760e-09
2.34672360e-06	5.968409e-09
2.34674237e-06	5.660192e-09
2.34676115e-06	4.937882e-09
2.34677992e-06	3.837506e-09
2.34679870e-06	3.365722e-09
2.34681747e-06	3.253625e-09
2.34683625e-06	3.984659e-09
2.34685502e-06	4.875766e-09
2.34687379e-06	4.865001e-09
2.34689257e-06	3.579932e-09
2.34691134e-06	3.219354e-09
2.34693012e-06	3.688960e-09
2.34694889e-06	4.772876e-09
2.34696767e-06	5.479339e-09
2.34698645e-06	6.168291e-09
2.34700522e-06	6.060888e-09
2.34702400e-06	6.032280e-09
2.34704277e-06	6.409562e-09
2.34706155e-06	6.471205e-09
2.34708033e-06	6.705474e-09
2.34709910e-06	7.074483e-09
2.34711788e-06	6.787356e-09
2.34713666e-06	6.268823e-09
2.34715543e-06	4.880128e-09
2.34717421e-06	4.120850e-09
2.34719299e-06	2.959610e-09
2.34721177e-06	4.825746e-09
2.34723054e-06	5.224584e-09
2.34724932e-06	5.275615e-09
2.34726810e-06	5.477618e-09
2.34728688e-06	4.750893e-09
2.34730566e-06	4.620192e-09
2.34732444e-06	3.250105e-09
2.34734321e-06	5.458464e-09
2.34736199e-06	6.283675e-09
2.34738077e-06	6.185445e-09
2.34739955e-06	5.035192e-09
2.34741833e-06	3.872688e-09
2.34743711e-06	4.327198e-09
2.34745589e-06	5.702694e-09
2.34747467e-06	5.896593e-09
2.34749345e-06	4.522018e-09
2.34751223e-06	2.959825e-09
2.34753101e-06	3.878908e-09
2.34754979e-06	3.691007e-09
2.34756857e-06	3.954144e-09
2.34758735e-06	4.707252e-09
2.34760613e-06	5.757942e-09
2.34762491e-06	6.110017e-09
2.34764369e-06	4.722909e-09
2.34766247e-06	3.022133e-09
2.34768125e-06	4.269874e-09
2.34770004e-06	4.642900e-09
2.34771882e-06	4.439396e-09
2.34773760e-06	4.348771e-09
2.34775638e-06	4.893354e-09
2.34777516e-06	4.144108e-09
2.34779395e-06	4.991141e-09
2.34781273e-06	5.450260e-09
2.34783151e-06	5.769894e-09
2.34785029e-06	6.907143e-09
2.34786908e-06	6.376532e-09
2.34788786e-06	6.221493e-09
2.34790664e-06	7.037684e-09
2.34792542e-06	7.063719e-09
2.34794421e-06	6.642776e-09
2.34796299e-06	6.113605e-09
2.34798178e-06	6.486582e-09
2.34800056e-06	6.658499e-09
2.34801934e-06	5.743795e-09
2.34803813e-06	6.431239e-09
2.34805691e-06	6.525150e-09
2.34807570e-06	6.154122e-09
2.34809448e-06	5.629192e-09
2.34811327e-06	4.903801e-09
2.34813205e-06	4.488046e-09
2.34815084e-06	4.666706e-09
2.34816962e-06	5.473773e-09
2.34818841e-06	5.163158e-09
2.34820719e-06	4.240390e-09
2.34822598e-06	3.066086e-09
2.34824476e-06	3.536730e-09
2.34826355e-06	3.456271e-09
2.34828234e-06	4.721669e-09
2.34830112e-06	5.451715e-09
2.34831991e-06	6.016124e-09
2.34833869e-06	5.736664e-09
2.34835748e-06	5.961190e-09
2.34837627e-06	5.779744e-09
2.34839506e-06	6.282816e-09
2.34841384e-06	5.795773e-09
2.34843263e-06	5.385466e-09
2.34845142e-06	5.331450e-09
2.34847021e-06	6.414539e-09
2.34848899e-06	6.205254e-09
2.34850778e-06	6.170585e-09
2.34852657e-06	5.065018e-09
2.34854536e-06	5.023803e-09
2.34856415e-06	5.696173e-09
2.34858293e-06	5.841015e-09
2.34860172e-06	5.694985e-09
2.34862051e-06	6.802447e-09
2.34863930e-06	6.664422e-09
2.34865809e-06	5.662273e-09
2.34867688e-06	3.536627e-09
2.34869567e-06	3.683679e-09
2.34871446e-06	5.187055e-09
2.34873325e-06	5.142312e-09
2.34875204e-06	6.551454e-09
2.34877083e-06	6.928822e-09
2.34878962e-06	5.995120e-09
2.34880841e-06	5.328911e-09
2.34882720e-06	4.930125e-09
2.34884599e-06	5.062264e-09
2.34886478e-06	6.200969e-09
2.34888357e-06	6.062273e-09
2.34890236e-06	6.422694e-09
2.34892115e-06	6.975262e-09
2.34893994e-06	6.704954e-09
2.34895873e-06	4.560456e-09
2.34897753e-06	5.503000e-09
2.34899632e-06	4.931559e-09
2.34901511e-06	4.427003e-09
2.34903390e-06	6.214035e-09
2.34905269e-06	6.466293e-09
2.34907149e-06	6.465556e-09
2.34909028e-06	6.006412e-09
2.34910907e-06	5.391519e-09
2.34912787e-06	5.971747e-09
2.34914666e-06	5.775686e-09
2.34916545e-06	5.026633e-09
2.34918425e-06	5.549848e-09
2.34920304e-06	4.848224e-09
2.34922183e-06	5.236245e-09
2.34924063e-06	5.042701e-09
2.34925942e-06	6.037973e-09
2.34927821e-06	6.301464e-09
2.34929701e-06	4.119579e-09
2.34931580e-06	4.590709e-09
2.34933460e-06	5.004368e-09
2.34935339e-06	3.996601e-09
2.34937219e-06	3.395645e-09
2.34939098e-06	4.484552e-09
2.34940978e-06	4.736598e-09
2.34942857e-06	3.068442e-09
2.34944737e-06	4.660681e-09
2.34946616e-06	5.112256e-09
2.34948496e-06	3.666736e-09
2.34950375e-06	2.844290e-09
2.34952255e-06	3.449712e-09
2.34954135e-06	5.301155e-09
2.34956014e-06	5.777467e-09
2.34957894e-06	5.234550e-09
2.34959774e-06	5.871172e-09
2.34961653e-06	4.635201e-09
2.34963533e-06	4.117414e-09
2.34965413e-06	4.680628e-09
2.34967292e-06	3.882224e-09
2.34969172e-06	3.399690e-09
2.34971052e-06	3.558785e-09
2.34972932e-06	3.052634e-09
2.34974812e-06	3.669729e-09
2.34976691e-06	2.557435e-09
2.34978571e-06	4.074879e-09
2.34980451e-06	4.545297e-09
2.34982331e-06	3.920093e-09
2.34984211e-06	2.919174e-09
2.34986090e-06	3.602186e-09
2.34987970e-06	4.392469e-09
2.34989850e-06	4.868266e-09
2.34991730e-06	6.074020e-09
2.34993610e-06	6.045488e-09
2.34995490e-06	6.353070e-09
2.34997370e-06	5.496489e-09
