2.30001633e-06	5.948950e-09
2.30003473e-06	3.682063e-09
2.30005313e-06	5.658617e-09
2.30007153e-06	4.499186e-09
2.30008993e-06	3.921008e-09
2.30010833e-06	6.434248e-09
2.30012673e-06	6.888420e-09
2.30014513e-06	6.848053e-09
2.30016353e-06	6.412776e-09
2.30018194e-06	6.693870e-09
2.30020034e-06	6.849389e-09
2.30021874e-06	7.450424e-09
2.30023714e-06	6.759390e-09
2.30025554e-06	5.947832e-09
2.30027395e-06	5.899942e-09
2.30029235e-06	5.234754e-09
2.30031075e-06	5.817776e-09
2.30032915e-06	6.267970e-09
2.30034756e-06	6.797016e-09
2.30036596e-06	5.549685e-09
2.30038436e-06	4.823790e-09
2.30040276e-06	5.444802e-09
2.30042117e-06	5.254963e-09
2.30043957e-06	5.653049e-09
2.30045797e-06	5.648445e-09
2.30047638e-06	4.516266e-09
2.30049478e-06	2.996909e-09
2.30051319e-06	2.269191e-09
2.30053159e-06	7.063522e-10
2.30054999e-06	2.834635e-10
2.30056840e-06	2.625897e-09
2.30058680e-06	3.463176e-09
2.30060521e-06	1.163175e-09
2.30062361e-06	2.740084e-09
2.30064202e-06	4.490398e-09
2.30066042e-06	4.739807e-09
2.30067883e-06	5.277971e-09
2.30069723e-06	5.231775e-09
2.30071564e-06	4.033901e-09
2.30073404e-06	7.534292e-10
2.30075245e-06	9.703710e-10
2.30077086e-06	4.552125e-09
2.30078926e-06	5.341964e-09
2.30080767e-06	5.791159e-09
2.30082608e-06	5.792869e-09
2.30084448e-06	6.001567e-09
2.30086289e-06	6.005888e-09
2.30088129e-06	5.965956e-09
2.30089970e-06	5.890788e-09
2.30091811e-06	5.978360e-09
2.30093652e-06	6.065169e-09
2.30095492e-06	6.165915e-09
2.30097333e-06	4.517364e-09
2.30099174e-06	3.965188e-09
2.30101015e-06	4.214091e-09
2.30102856e-06	4.513053e-09
2.30104696e-06	5.498579e-09
2.30106537e-06	5.240132e-09
2.30108378e-06	2.491435e-09
2.30110219e-06	1.083627e-09
2.30112060e-06	4.294985e-09
2.30113901e-06	5.766711e-09
2.30115742e-06	6.312767e-09
2.30117583e-06	6.130189e-09
2.30119423e-06	4.771979e-09
2.30121265e-06	3.956465e-09
2.30123105e-06	5.103586e-09
2.30124946e-06	4.987879e-09
2.30126787e-06	4.459891e-09
2.30128628e-06	2.604285e-09
2.30130469e-06	4.274342e-10
2.30132310e-06	2.995410e-10
2.30134152e-06	1.611401e-09
2.30135993e-06	2.958291e-09
2.30137834e-06	3.465226e-09
2.30139675e-06	9.415020e-10
2.30141516e-06	2.309210e-09
2.30143357e-06	5.411850e-09
2.30145198e-06	5.858644e-09
2.30147039e-06	4.423832e-09
2.30148881e-06	1.193977e-09
2.30150722e-06	7.312383e-10
2.30152563e-06	4.215755e-09
2.30154404e-06	5.752542e-09
2.30156245e-06	5.979986e-09
2.30158087e-06	5.831729e-09
2.30159928e-06	6.517205e-09
2.30161769e-06	6.502025e-09
2.30163611e-06	5.204896e-09
2.30165452e-06	4.730165e-09
2.30167293e-06	4.899916e-09
2.30169135e-06	5.851046e-09
2.30170976e-06	6.446806e-09
2.30172817e-06	6.983058e-09
2.30174659e-06	6.556817e-09
2.30176500e-06	5.327797e-09
2.30178341e-06	6.638811e-09
2.30180183e-06	6.247165e-09
2.30182024e-06	5.229107e-09
2.30183866e-06	6.201678e-09
2.30185707e-06	5.652099e-09
2.30187549e-06	5.219156e-09
2.30189390e-06	5.854343e-09
2.30191232e-06	6.762430e-09
2.30193073e-06	6.464438e-09
2.30194915e-06	6.296377e-09
2.30196756e-06	6.814163e-09
2.30198598e-06	6.507072e-09
2.30200440e-06	5.787919e-09
2.30202281e-06	4.317684e-09
2.30204123e-06	4.440270e-09
2.30205964e-06	4.998396e-09
2.30207806e-06	4.745765e-09
2.30209648e-06	3.537227e-09
2.30211489e-06	4.843416e-10
2.30213331e-06	2.970713e-10
2.30215173e-06	2.375985e-09
2.30217014e-06	4.566389e-09
2.30218856e-06	5.402543e-09
2.30220698e-06	5.965795e-09
2.30222540e-06	5.894280e-09
2.30224381e-06	6.063773e-09
2.30226223e-06	4.964827e-09
2.30228065e-06	4.170426e-09
2.30229907e-06	5.775646e-09
2.30231749e-06	5.997192e-09
2.30233591e-06	6.269413e-09
2.30235433e-06	6.842911e-09
2.30237274e-06	7.082175e-09
2.30239116e-06	7.252723e-09
2.30240958e-06	6.590195e-09
2.30242800e-06	6.235504e-09
2.30244642e-06	6.641405e-09
2.30246484e-06	6.676282e-09
2.30248326e-06	6.708293e-09
2.30250168e-06	6.636028e-09
2.30252010e-06	6.457175e-09
2.30253852e-06	5.801646e-09
2.30255694e-06	6.386476e-09
2.30257536e-06	6.622671e-09
2.30259378e-06	6.658448e-09
2.30261220e-06	6.281331e-09
2.30263062e-06	6.376262e-09
2.30264904e-06	6.124579e-09
2.30266747e-06	6.084426e-09
2.30268589e-06	6.807786e-09
2.30270431e-06	6.508331e-09
2.30272273e-06	5.801834e-09
2.30274115e-06	4.570297e-09
2.30275957e-06	1.154734e-09
2.30277800e-06	1.653566e-09
2.30279642e-06	3.338217e-09
2.30281484e-06	3.315241e-09
2.30283326e-06	5.491778e-09
2.30285168e-06	5.696634e-09
2.30287011e-06	6.018283e-09
2.30288853e-06	5.834941e-09
2.30290695e-06	5.060724e-09
2.30292538e-06	4.223975e-09
2.30294380e-06	3.795031e-09
2.30296222e-06	1.092544e-09
2.30298065e-06	2.632003e-10
2.30299907e-06	8.204186e-10
2.30301750e-06	2.640811e-09
2.30303592e-06	3.791042e-09
2.30305434e-06	5.317410e-09
2.30307277e-06	5.672690e-09
2.30309119e-06	5.801631e-09
2.30310962e-06	5.433093e-09
2.30312804e-06	4.346794e-09
2.30314647e-06	5.989351e-09
2.30316489e-06	6.591704e-09
2.30318332e-06	5.702421e-09
2.30320174e-06	2.873192e-09
2.30322017e-06	3.693153e-09
2.30323860e-06	6.658456e-09
2.30325702e-06	6.887372e-09
2.30327545e-06	6.340416e-09
2.30329387e-06	5.222652e-09
2.30331230e-06	2.885727e-09
2.30333073e-06	2.531851e-09
2.30334915e-06	3.450121e-09
2.30336758e-06	5.000567e-09
2.30338601e-06	6.599661e-09
2.30340443e-06	7.099169e-09
2.30342286e-06	7.817092e-09
2.30344129e-06	7.414394e-09
2.30345972e-06	6.697511e-09
2.30347814e-06	6.825502e-09
2.30349657e-06	7.062172e-09
2.30351500e-06	7.063667e-09
2.30353343e-06	6.101858e-09
2.30355186e-06	5.683890e-09
2.30357028e-06	5.112951e-09
2.30358871e-06	3.524363e-09
2.30360714e-06	3.941794e-09
2.30362557e-06	5.195499e-09
2.30364400e-06	5.625105e-09
2.30366243e-06	6.589663e-09
2.30368086e-06	6.268345e-09
2.30369929e-06	6.184824e-09
2.30371772e-06	5.492295e-09
2.30373615e-06	4.155010e-09
2.30375458e-06	3.857296e-09
2.30377301e-06	3.346435e-09
2.30379144e-06	4.262062e-09
2.30380987e-06	3.706758e-09
2.30382830e-06	3.463701e-09
2.30384673e-06	2.446168e-09
2.30386516e-06	2.899153e-10
2.30388359e-06	3.687489e-10
2.30390202e-06	2.612066e-09
2.30392045e-06	3.033630e-09
2.30393888e-06	4.530283e-09
2.30395731e-06	4.637575e-09
2.30397575e-06	5.338566e-09
2.30399418e-06	5.934817e-09
2.30401261e-06	6.036457e-09
2.30403104e-06	6.744587e-09
2.30404947e-06	6.453086e-09
2.30406791e-06	5.867011e-09
2.30408634e-06	5.839138e-09
2.30410477e-06	6.039734e-09
2.30412321e-06	6.863958e-09
2.30414164e-06	7.031079e-09
2.30416007e-06	6.306980e-09
2.30417850e-06	6.209314e-09
2.30419694e-06	6.315277e-09
2.30421537e-06	5.195676e-09
2.30423381e-06	5.358769e-09
2.30425224e-06	6.622058e-09
2.30427067e-06	6.033777e-09
2.30428911e-06	5.973899e-09
2.30430754e-06	6.179081e-09
2.30432598e-06	5.390222e-09
2.30434441e-06	6.283527e-09
2.30436285e-06	7.180802e-09
2.30438128e-06	8.017737e-09
2.30439971e-06	7.560974e-09
2.30441815e-06	7.614888e-09
2.30443659e-06	7.377763e-09
2.30445502e-06	6.127140e-09
2.30447346e-06	6.035985e-09
2.30449189e-06	5.748457e-09
2.30451033e-06	6.409817e-09
2.30452877e-06	6.452745e-09
2.30454720e-06	7.005328e-09
2.30456564e-06	6.660095e-09
2.30458407e-06	6.840469e-09
2.30460251e-06	6.787905e-09
2.30462095e-06	5.945648e-09
2.30463938e-06	5.311018e-09
2.30465782e-06	5.981454e-09
2.30467626e-06	6.472325e-09
2.30469470e-06	5.735614e-09
2.30471313e-06	4.620721e-09
2.30473157e-06	2.837500e-09
2.30475001e-06	3.280316e-09
2.30476845e-06	3.592876e-09
2.30478688e-06	8.705653e-10
2.30480532e-06	2.596111e-10
2.30482376e-06	1.381163e-09
2.30484220e-06	3.795064e-09
2.30486064e-06	4.016067e-09
2.30487908e-06	4.260066e-09
2.30489752e-06	4.912071e-09
2.30491596e-06	4.621731e-09
2.30493440e-06	1.897926e-09
2.30495284e-06	3.151395e-09
2.30497128e-06	2.743551e-09
2.30498972e-06	2.216715e-09
2.30500815e-06	4.342597e-09
2.30502660e-06	5.767642e-09
2.30504504e-06	4.738049e-09
2.30506347e-06	5.112166e-09
2.30508192e-06	5.375817e-09
2.30510036e-06	5.474706e-09
2.30511880e-06	5.717038e-09
2.30513724e-06	6.249165e-09
2.30515568e-06	5.958818e-09
2.30517412e-06	6.035019e-09
2.30519256e-06	6.393799e-09
2.30521100e-06	5.415112e-09
2.30522944e-06	5.822839e-09
2.30524789e-06	5.865270e-09
2.30526633e-06	5.930329e-09
2.30528477e-06	6.214463e-09
2.30530321e-06	6.317073e-09
2.30532166e-06	4.798850e-09
2.30534010e-06	5.188734e-09
2.30535854e-06	5.893323e-09
2.30537698e-06	5.524120e-09
2.30539543e-06	4.037970e-09
2.30541387e-06	8.222667e-10
2.30543231e-06	2.813918e-09
2.30545076e-06	4.750366e-09
2.30546920e-06	3.892141e-09
2.30548764e-06	1.854513e-09
2.30550609e-06	3.980210e-09
2.30552453e-06	6.019484e-09
2.30554298e-06	6.530043e-09
2.30556142e-06	6.280206e-09
2.30557987e-06	5.914786e-09
2.30559831e-06	5.664603e-09
2.30561675e-06	4.742810e-09
2.30563520e-06	1.136436e-09
2.30565365e-06	4.542365e-10
2.30567209e-06	3.065690e-09
2.30569054e-06	4.151030e-09
2.30570898e-06	4.791275e-09
2.30572743e-06	4.081859e-09
2.30574587e-06	3.056595e-09
2.30576432e-06	3.703987e-10
2.30578276e-06	2.759867e-10
2.30580121e-06	1.934839e-09
2.30581966e-06	4.247516e-09
2.30583810e-06	5.167100e-09
2.30585655e-06	4.609706e-09
2.30587500e-06	3.399558e-09
2.30589344e-06	2.787456e-09
2.30591189e-06	4.483137e-09
2.30593034e-06	5.488934e-09
2.30594879e-06	4.980943e-09
2.30596723e-06	5.046756e-09
2.30598568e-06	4.677865e-09
2.30600413e-06	5.881358e-09
2.30602258e-06	6.748584e-09
2.30604102e-06	7.057478e-09
2.30605947e-06	7.240924e-09
2.30607792e-06	6.945044e-09
2.30609637e-06	6.654644e-09
2.30611482e-06	6.258901e-09
2.30613327e-06	4.923340e-09
2.30615172e-06	4.808232e-09
2.30617017e-06	6.050639e-09
2.30618862e-06	5.434338e-09
2.30620707e-06	4.727623e-09
2.30622551e-06	5.422620e-09
2.30624396e-06	6.496089e-09
2.30626241e-06	6.460640e-09
2.30628087e-06	6.273512e-09
2.30629932e-06	6.705155e-09
2.30631777e-06	7.432552e-09
2.30633622e-06	6.666848e-09
2.30635467e-06	5.534059e-09
2.30637312e-06	6.208110e-09
2.30639157e-06	5.983360e-09
2.30641002e-06	5.646348e-09
2.30642847e-06	6.383229e-09
2.30644692e-06	4.678057e-09
2.30646537e-06	4.290444e-09
2.30648383e-06	4.779055e-09
2.30650228e-06	3.698575e-09
2.30652073e-06	3.303179e-09
2.30653918e-06	4.105646e-09
2.30655763e-06	4.722838e-09
2.30657609e-06	5.055982e-09
2.30659454e-06	5.365298e-09
2.30661299e-06	5.676622e-09
2.30663144e-06	3.755062e-09
2.30664990e-06	2.427476e-09
2.30666835e-06	9.104334e-10
2.30668681e-06	3.314695e-09
2.30670526e-06	4.446065e-09
2.30672371e-06	4.175461e-09
2.30674217e-06	4.045139e-09
2.30676062e-06	1.877091e-09
2.30677907e-06	3.097950e-10
2.30679753e-06	3.066305e-10
2.30681598e-06	2.584994e-09
2.30683444e-06	3.871787e-09
2.30685289e-06	3.579856e-09
2.30687135e-06	4.983375e-09
2.30688980e-06	5.250838e-09
2.30690826e-06	4.325007e-09
2.30692671e-06	4.172396e-09
2.30694517e-06	5.586711e-09
2.30696362e-06	5.891778e-09
2.30698208e-06	6.192887e-09
2.30700053e-06	6.546902e-09
2.30701899e-06	7.041870e-09
2.30703745e-06	6.463348e-09
2.30705590e-06	5.798802e-09
2.30707436e-06	6.791582e-09
2.30709282e-06	6.812325e-09
2.30711127e-06	7.034314e-09
2.30712973e-06	7.151045e-09
2.30714819e-06	7.278892e-09
2.30716664e-06	7.057188e-09
2.30718510e-06	7.191852e-09
2.30720356e-06	7.243779e-09
2.30722202e-06	6.529584e-09
2.30724047e-06	5.802486e-09
2.30725893e-06	5.884729e-09
2.30727739e-06	6.361818e-09
2.30729585e-06	4.723173e-09
2.30731431e-06	4.140109e-09
2.30733277e-06	6.011114e-09
2.30735122e-06	6.740525e-09
2.30736968e-06	6.152689e-09
2.30738814e-06	4.494391e-09
2.30740660e-06	5.261796e-09
2.30742506e-06	6.477402e-09
2.30744352e-06	7.014177e-09
2.30746198e-06	6.901871e-09
2.30748044e-06	6.177837e-09
2.30749890e-06	5.678671e-09
2.30751736e-06	4.440333e-09
2.30753582e-06	5.159144e-09
2.30755428e-06	5.715278e-09
2.30757274e-06	5.291400e-09
2.30759120e-06	4.598953e-09
2.30760966e-06	3.387331e-09
2.30762812e-06	1.207589e-09
2.30764658e-06	3.999513e-10
2.30766504e-06	2.429679e-09
2.30768351e-06	3.538605e-09
2.30770197e-06	5.055234e-09
2.30772043e-06	6.068631e-09
2.30773889e-06	5.990949e-09
2.30775735e-06	5.781639e-09
2.30777581e-06	5.166981e-09
2.30779428e-06	3.638425e-09
2.30781274e-06	2.490264e-09
2.30783120e-06	3.197742e-10
2.30784966e-06	2.855882e-10
2.30786813e-06	2.239230e-09
2.30788659e-06	4.192448e-09
2.30790505e-06	5.156067e-09
2.30792352e-06	5.376338e-09
2.30794198e-06	5.515891e-09
2.30796044e-06	6.162479e-09
2.30797891e-06	6.389842e-09
2.30799737e-06	6.058772e-09
2.30801583e-06	4.961513e-09
2.30803430e-06	4.273685e-09
2.30805276e-06	2.469480e-09
2.30807123e-06	4.232645e-09
2.30808969e-06	6.079182e-09
2.30810816e-06	6.372041e-09
2.30812662e-06	6.243956e-09
2.30814509e-06	6.831766e-09
2.30816355e-06	7.269617e-09
2.30818202e-06	6.757998e-09
2.30820048e-06	5.407171e-09
2.30821895e-06	5.611322e-09
2.30823741e-06	6.571676e-09
2.30825588e-06	6.832715e-09
2.30827434e-06	5.608300e-09
2.30829281e-06	5.026208e-09
2.30831128e-06	6.159656e-09
2.30832974e-06	6.444866e-09
2.30834821e-06	6.101407e-09
2.30836668e-06	5.771003e-09
2.30838514e-06	6.035075e-09
2.30840361e-06	6.730751e-09
2.30842208e-06	6.984178e-09
2.30844055e-06	7.100638e-09
2.30845901e-06	6.579893e-09
2.30847748e-06	5.569483e-09
2.30849595e-06	4.720361e-09
2.30851442e-06	4.005844e-09
2.30853288e-06	5.219784e-09
2.30855135e-06	6.130088e-09
2.30856982e-06	6.354085e-09
2.30858829e-06	6.494776e-09
2.30860676e-06	6.861117e-09
2.30862523e-06	7.110082e-09
2.30864370e-06	6.559178e-09
2.30866217e-06	6.661274e-09
2.30868063e-06	7.157464e-09
2.30869911e-06	6.607469e-09
2.30871757e-06	6.010667e-09
2.30873604e-06	5.546491e-09
2.30875451e-06	5.763409e-09
2.30877298e-06	6.504224e-09
2.30879145e-06	5.901736e-09
2.30880992e-06	4.840244e-09
2.30882840e-06	4.835826e-09
2.30884687e-06	5.599404e-09
2.30886534e-06	5.300530e-09
2.30888381e-06	4.017752e-09
2.30890228e-06	2.209683e-09
2.30892075e-06	3.831520e-10
2.30893922e-06	2.644880e-10
2.30895769e-06	1.752242e-09
2.30897616e-06	3.250755e-09
2.30899464e-06	2.445914e-09
2.30901311e-06	3.836799e-09
2.30903158e-06	5.303046e-09
2.30905005e-06	5.481739e-09
2.30906852e-06	4.692260e-09
2.30908700e-06	3.456122e-09
2.30910547e-06	3.649785e-09
2.30912394e-06	3.776380e-09
2.30914242e-06	5.177594e-09
2.30916089e-06	4.702586e-09
2.30917936e-06	5.204592e-09
2.30919784e-06	2.904322e-09
2.30921631e-06	3.223608e-09
2.30923478e-06	5.195009e-09
2.30925326e-06	5.990774e-09
2.30927173e-06	6.718379e-09
2.30929021e-06	6.579947e-09
2.30930868e-06	7.000725e-09
2.30932715e-06	6.543104e-09
2.30934563e-06	5.411882e-09
2.30936410e-06	2.700936e-09
2.30938258e-06	4.280694e-09
2.30940105e-06	6.266480e-09
2.30941953e-06	6.162528e-09
2.30943800e-06	5.751660e-09
2.30945648e-06	5.180843e-09
2.30947495e-06	4.785976e-09
2.30949343e-06	5.391762e-09
2.30951191e-06	5.166371e-09
2.30953038e-06	4.516325e-09
2.30954886e-06	5.167850e-09
2.30956733e-06	5.970221e-09
2.30958581e-06	6.318695e-09
2.30960429e-06	5.809456e-09
2.30962277e-06	5.582135e-09
2.30964124e-06	4.856008e-09
2.30965972e-06	1.515500e-09
2.30967820e-06	3.560494e-10
2.30969667e-06	2.115985e-09
2.30971515e-06	4.977996e-09
2.30973363e-06	5.771642e-09
2.30975211e-06	4.130325e-09
2.30977059e-06	1.279179e-09
2.30978906e-06	1.960099e-09
2.30980754e-06	2.001115e-09
2.30982602e-06	2.328966e-09
2.30984450e-06	1.407622e-09
2.30986298e-06	5.016246e-09
2.30988146e-06	5.826718e-09
2.30989994e-06	5.398332e-09
2.30991842e-06	5.048058e-09
2.30993689e-06	3.181796e-09
2.30995537e-06	4.291380e-09
2.30997385e-06	5.341719e-09
2.30999233e-06	4.601078e-09
2.31001081e-06	3.891782e-09
2.31002929e-06	3.635449e-09
2.31004777e-06	1.082895e-09
2.31006625e-06	2.570189e-10
2.31008473e-06	6.627465e-10
2.31010321e-06	3.296001e-09
2.31012170e-06	3.752034e-09
2.31014018e-06	1.289634e-09
2.31015866e-06	3.542616e-09
2.31017714e-06	5.704255e-09
2.31019562e-06	6.115233e-09
2.31021410e-06	4.741450e-09
2.31023258e-06	5.322919e-09
2.31025107e-06	6.759357e-09
2.31026955e-06	7.171224e-09
2.31028803e-06	6.937311e-09
2.31030651e-06	6.760251e-09
2.31032499e-06	5.689073e-09
2.31034348e-06	4.892169e-09
2.31036196e-06	5.640230e-09
2.31038044e-06	4.463059e-09
2.31039893e-06	3.879768e-09
2.31041741e-06	4.889895e-09
2.31043589e-06	5.662393e-09
2.31045438e-06	4.170716e-09
2.31047286e-06	3.722933e-09
2.31049134e-06	4.754143e-09
2.31050983e-06	3.906203e-09
2.31052831e-06	5.442711e-09
2.31054680e-06	6.188820e-09
2.31056528e-06	5.855604e-09
2.31058377e-06	4.897814e-09
2.31060225e-06	6.032234e-09
2.31062073e-06	7.373453e-09
2.31063922e-06	6.912831e-09
2.31065770e-06	6.343812e-09
2.31067619e-06	6.720034e-09
2.31069467e-06	5.712451e-09
2.31071316e-06	5.716529e-09
2.31073165e-06	4.916411e-09
2.31075013e-06	5.098028e-09
2.31076862e-06	4.731579e-09
2.31078710e-06	5.339664e-09
2.31080559e-06	4.991173e-09
2.31082408e-06	5.660513e-09
2.31084256e-06	6.201187e-09
2.31086105e-06	5.812733e-09
2.31087954e-06	5.971166e-09
2.31089802e-06	4.834581e-09
2.31091651e-06	3.383263e-09
2.31093500e-06	4.191762e-09
2.31095349e-06	4.919043e-09
2.31097197e-06	3.358875e-09
2.31099046e-06	3.243300e-09
2.31100895e-06	3.695854e-09
2.31102744e-06	3.632928e-09
2.31104593e-06	6.050237e-09
2.31106441e-06	6.464969e-09
2.31108290e-06	5.689800e-09
2.31110139e-06	5.824507e-09
2.31111988e-06	5.883706e-09
2.31113837e-06	5.712467e-09
2.31115686e-06	4.819379e-09
2.31117535e-06	2.144976e-09
2.31119384e-06	4.300773e-10
2.31121233e-06	1.129225e-09
2.31123082e-06	2.882558e-10
2.31124931e-06	2.850042e-10
2.31126780e-06	2.196283e-09
2.31128629e-06	3.299408e-09
2.31130478e-06	4.041347e-09
2.31132327e-06	3.684025e-09
2.31134176e-06	3.739267e-09
2.31136025e-06	4.772174e-09
2.31137874e-06	5.561803e-09
2.31139723e-06	5.995546e-09
2.31141572e-06	5.110831e-09
2.31143421e-06	4.496406e-09
2.31145270e-06	5.151335e-09
2.31147120e-06	3.861435e-09
2.31148969e-06	4.872614e-09
2.31150818e-06	5.274619e-09
2.31152667e-06	4.394150e-09
2.31154516e-06	3.322669e-09
2.31156366e-06	7.044567e-10
2.31158215e-06	3.088361e-09
2.31160064e-06	5.493796e-09
2.31161913e-06	3.515378e-09
2.31163763e-06	1.152420e-09
2.31165612e-06	6.649865e-10
2.31167461e-06	2.400231e-09
2.31169311e-06	4.972055e-09
2.31171160e-06	5.835927e-09
2.31173009e-06	4.761940e-09
2.31174859e-06	5.112733e-09
2.31176708e-06	5.783270e-09
2.31178558e-06	4.504023e-09
2.31180407e-06	5.602185e-09
2.31182257e-06	5.965755e-09
2.31184106e-06	5.094817e-09
2.31185955e-06	5.346508e-09
2.31187805e-06	5.991309e-09
2.31189654e-06	2.483117e-09
2.31191504e-06	2.247941e-09
2.31193353e-06	5.156417e-09
2.31195203e-06	4.305596e-09
2.31197052e-06	5.674981e-09
2.31198902e-06	6.608546e-09
2.31200752e-06	5.904395e-09
2.31202601e-06	5.248804e-09
2.31204451e-06	3.573290e-09
2.31206301e-06	4.341740e-09
2.31208150e-06	5.065281e-09
2.31210000e-06	6.263531e-09
2.31211850e-06	6.047287e-09
2.31213699e-06	4.952375e-09
2.31215549e-06	6.082851e-09
2.31217399e-06	5.835776e-09
2.31219248e-06	4.182414e-09
2.31221098e-06	4.474598e-09
2.31222948e-06	4.696587e-09
2.31224798e-06	5.104103e-09
2.31226648e-06	5.386644e-09
2.31228497e-06	4.325971e-09
2.31230347e-06	3.457386e-09
2.31232197e-06	5.664290e-09
2.31234047e-06	4.940930e-09
2.31235897e-06	3.989341e-09
2.31237747e-06	3.739549e-09
2.31239596e-06	3.849153e-09
2.31241446e-06	3.553738e-09
2.31243296e-06	1.297433e-09
2.31245146e-06	2.580123e-10
2.31246996e-06	4.762594e-10
2.31248846e-06	2.858557e-09
2.31250696e-06	4.100976e-09
2.31252546e-06	4.856794e-09
2.31254396e-06	4.132437e-09
2.31256246e-06	5.076469e-09
2.31258096e-06	5.150835e-09
2.31259946e-06	4.655662e-09
2.31261796e-06	6.094062e-09
2.31263647e-06	6.153019e-09
2.31265497e-06	6.026859e-09
2.31267347e-06	6.795621e-09
2.31269197e-06	6.576703e-09
2.31271047e-06	5.300912e-09
2.31272897e-06	5.546338e-09
2.31274748e-06	5.711143e-09
2.31276598e-06	5.599184e-09
2.31278448e-06	6.755100e-09
2.31280298e-06	6.576819e-09
2.31282148e-06	6.181268e-09
2.31283999e-06	4.322646e-09
2.31285849e-06	3.211259e-09
2.31287699e-06	5.471743e-09
2.31289550e-06	5.921306e-09
2.31291400e-06	5.186055e-09
2.31293250e-06	4.916958e-09
2.31295100e-06	5.733955e-09
2.31296951e-06	5.343413e-09
2.31298801e-06	6.637915e-09
2.31300652e-06	5.757628e-09
2.31302502e-06	5.256851e-09
2.31304352e-06	5.378300e-09
2.31306203e-06	4.534099e-09
2.31308053e-06	4.667047e-09
2.31309904e-06	3.827401e-09
2.31311754e-06	1.963499e-09
2.31313605e-06	2.311683e-09
2.31315455e-06	4.393834e-09
2.31317306e-06	3.603711e-09
2.31319156e-06	4.983754e-09
2.31321007e-06	5.237180e-09
2.31322857e-06	3.298519e-09
2.31324708e-06	2.555370e-09
2.31326559e-06	5.566333e-09
2.31328409e-06	6.002985e-09
2.31330260e-06	5.726353e-09
2.31332111e-06	6.479076e-09
2.31333961e-06	7.138023e-09
2.31335812e-06	6.318451e-09
2.31337662e-06	5.692399e-09
2.31339513e-06	5.324466e-09
2.31341364e-06	5.393449e-09
2.31343215e-06	6.504810e-09
2.31345065e-06	6.959211e-09
2.31346916e-06	6.019364e-09
2.31348767e-06	6.028315e-09
2.31350618e-06	6.406829e-09
2.31352469e-06	6.174386e-09
2.31354319e-06	6.232583e-09
2.31356170e-06	5.583484e-09
2.31358021e-06	5.657260e-09
2.31359872e-06	4.295739e-09
2.31361723e-06	4.254600e-09
2.31363574e-06	4.814582e-09
2.31365425e-06	4.158815e-09
2.31367275e-06	3.103670e-09
2.31369127e-06	6.370857e-10
2.31370977e-06	2.568001e-10
2.31372828e-06	1.109428e-09
2.31374679e-06	3.534142e-09
2.31376530e-06	4.169400e-09
2.31378381e-06	4.098379e-09
2.31380232e-06	4.633178e-09
2.31382083e-06	3.471087e-09
2.31383935e-06	3.743242e-09
2.31385786e-06	4.979959e-09
2.31387637e-06	5.379938e-09
2.31389488e-06	5.001489e-09
2.31391339e-06	5.585186e-09
2.31393190e-06	5.626167e-09
2.31395041e-06	4.028774e-09
2.31396892e-06	4.550277e-09
2.31398744e-06	4.979912e-09
2.31400595e-06	3.879360e-09
2.31402446e-06	4.372008e-09
2.31404297e-06	1.314006e-09
2.31406148e-06	1.267738e-09
2.31408000e-06	4.269891e-09
2.31409851e-06	5.812143e-09
2.31411702e-06	5.485320e-09
2.31413553e-06	6.297995e-09
2.31415405e-06	5.964810e-09
2.31417256e-06	6.468076e-09
2.31419107e-06	6.199858e-09
2.31420959e-06	6.865754e-09
2.31422810e-06	6.492300e-09
2.31424662e-06	5.162484e-09
2.31426513e-06	5.778661e-09
2.31428364e-06	6.420384e-09
2.31430216e-06	6.995824e-09
2.31432067e-06	5.613787e-09
2.31433919e-06	5.619997e-09
2.31435770e-06	5.804579e-09
2.31437622e-06	3.982795e-09
2.31439473e-06	3.077513e-09
2.31441325e-06	5.432636e-09
2.31443176e-06	5.295294e-09
2.31445028e-06	5.887602e-09
2.31446879e-06	4.940574e-09
2.31448731e-06	4.722908e-09
2.31450582e-06	5.690744e-09
2.31452434e-06	5.142855e-09
2.31454286e-06	3.849912e-09
2.31456137e-06	5.343016e-09
2.31457989e-06	6.382748e-09
2.31459841e-06	6.275638e-09
2.31461692e-06	5.999764e-09
2.31463544e-06	5.892715e-09
2.31465396e-06	4.241860e-09
2.31467247e-06	7.129952e-10
2.31469099e-06	4.598968e-10
2.31470951e-06	3.019270e-09
2.31472803e-06	3.579306e-09
2.31474654e-06	3.154216e-09
2.31476506e-06	4.619583e-09
2.31478358e-06	5.393506e-09
2.31480210e-06	3.847154e-09
2.31482062e-06	3.782443e-09
2.31483913e-06	5.259785e-09
2.31485765e-06	3.991633e-09
2.31487617e-06	2.876239e-09
2.31489469e-06	4.564586e-09
2.31491321e-06	3.448794e-09
2.31493173e-06	3.455161e-09
2.31495025e-06	3.283992e-09
2.31496877e-06	9.945505e-10
2.31498729e-06	3.231029e-10
2.31500581e-06	2.560852e-10
2.31502433e-06	1.251064e-09
2.31504285e-06	3.374977e-09
2.31506137e-06	3.073941e-09
2.31507989e-06	3.754312e-09
2.31509841e-06	4.890558e-09
2.31511693e-06	3.848495e-09
2.31513545e-06	4.252301e-09
2.31515397e-06	5.560934e-09
2.31517250e-06	5.918018e-09
2.31519102e-06	6.483634e-09
2.31520954e-06	6.071373e-09
2.31522806e-06	4.907515e-09
2.31524658e-06	4.893398e-09
2.31526510e-06	5.330164e-09
2.31528362e-06	3.247015e-09
2.31530215e-06	7.636500e-10
2.31532067e-06	2.610928e-09
2.31533919e-06	5.080314e-09
2.31535771e-06	6.231621e-09
2.31537624e-06	6.659344e-09
2.31539476e-06	6.819544e-09
2.31541328e-06	5.812564e-09
2.31543181e-06	4.962876e-09
2.31545033e-06	5.397394e-09
2.31546885e-06	5.692873e-09
2.31548738e-06	5.422157e-09
2.31550590e-06	5.962988e-09
2.31552443e-06	5.853109e-09
2.31554295e-06	5.822228e-09
2.31556148e-06	5.928884e-09
2.31558000e-06	7.205233e-09
2.31559852e-06	5.514475e-09
2.31561705e-06	5.572675e-09
2.31563557e-06	6.845458e-09
2.31565410e-06	6.828014e-09
2.31567262e-06	6.667358e-09
2.31569115e-06	4.436341e-09
2.31570967e-06	3.600825e-09
2.31572820e-06	4.899228e-09
2.31574673e-06	5.048462e-09
2.31576525e-06	4.014692e-09
2.31578378e-06	4.553616e-09
2.31580231e-06	4.790755e-09
2.31582083e-06	3.277623e-09
2.31583936e-06	5.482196e-09
2.31585788e-06	4.710551e-09
2.31587641e-06	3.666323e-09
2.31589494e-06	5.742046e-09
2.31591347e-06	6.569594e-09
2.31593199e-06	6.980419e-09
2.31595052e-06	6.152013e-09
2.31596905e-06	5.304142e-09
2.31598758e-06	5.573435e-09
2.31600610e-06	4.737678e-09
2.31602463e-06	5.865797e-09
2.31604316e-06	6.874632e-09
2.31606169e-06	7.087729e-09
2.31608022e-06	6.380933e-09
2.31609875e-06	5.661565e-09
2.31611727e-06	4.621455e-09
2.31613580e-06	4.319943e-09
2.31615433e-06	4.231490e-09
2.31617286e-06	3.110683e-09
2.31619139e-06	4.949769e-09
2.31620992e-06	5.469411e-09
2.31622845e-06	4.252782e-09
2.31624698e-06	1.746804e-09
2.31626551e-06	2.267448e-09
2.31628404e-06	1.589915e-09
2.31630257e-06	1.798225e-09
2.31632110e-06	5.399499e-10
2.31633963e-06	2.574484e-10
2.31635816e-06	1.014162e-09
2.31637669e-06	3.243298e-09
2.31639522e-06	3.914434e-09
2.31641375e-06	3.178259e-09
2.31643229e-06	2.721708e-09
2.31645082e-06	4.129847e-09
2.31646935e-06	4.015151e-09
2.31648788e-06	5.181769e-09
2.31650641e-06	5.743223e-09
2.31652494e-06	5.624640e-09
2.31654348e-06	5.184862e-09
2.31656201e-06	1.171126e-09
2.31658054e-06	1.501260e-09
2.31659908e-06	4.552680e-09
2.31661761e-06	4.277049e-09
2.31663614e-06	4.909055e-09
2.31665467e-06	5.632405e-09
2.31667321e-06	5.435498e-09
2.31669174e-06	4.148111e-09
2.31671027e-06	5.627833e-09
2.31672881e-06	6.171786e-09
2.31674734e-06	6.231560e-09
2.31676587e-06	4.937224e-09
2.31678441e-06	6.156019e-09
2.31680294e-06	6.763317e-09
2.31682148e-06	4.569100e-09
2.31684001e-06	2.345265e-09
2.31685855e-06	4.693339e-09
2.31687708e-06	6.000850e-09
2.31689562e-06	6.034996e-09
2.31691415e-06	6.517611e-09
2.31693269e-06	6.013113e-09
2.31695122e-06	6.694323e-09
2.31696976e-06	6.859984e-09
2.31698830e-06	4.355122e-09
2.31700683e-06	3.837358e-09
2.31702537e-06	4.440461e-09
2.31704390e-06	3.446743e-09
2.31706244e-06	4.887321e-09
2.31708098e-06	5.965141e-09
2.31709951e-06	6.793679e-09
2.31711805e-06	6.413394e-09
2.31713659e-06	5.248307e-09
2.31715512e-06	1.128477e-09
2.31717366e-06	1.681002e-09
2.31719220e-06	5.432081e-09
2.31721073e-06	6.195556e-09
2.31722927e-06	5.598726e-09
2.31724781e-06	5.954810e-09
2.31726635e-06	6.464361e-09
2.31728489e-06	5.872649e-09
2.31730342e-06	6.294763e-09
2.31732196e-06	5.782450e-09
2.31734050e-06	5.501234e-09
2.31735904e-06	6.441306e-09
2.31737758e-06	6.433413e-09
2.31739612e-06	5.210054e-09
2.31741466e-06	4.739524e-09
2.31743320e-06	5.243181e-09
2.31745174e-06	3.626578e-09
2.31747028e-06	4.793989e-09
2.31748882e-06	3.104463e-09
2.31750736e-06	1.077375e-09
2.31752590e-06	4.093726e-09
2.31754444e-06	4.899054e-09
2.31756298e-06	4.830209e-09
2.31758152e-06	3.478342e-09
2.31760006e-06	5.296073e-10
2.31761860e-06	4.429036e-10
2.31763714e-06	3.111878e-09
2.31765568e-06	4.034489e-09
2.31767422e-06	3.248982e-09
2.31769276e-06	1.215091e-09
2.31771131e-06	2.618838e-10
2.31772985e-06	4.776214e-10
2.31774839e-06	2.490979e-09
2.31776693e-06	3.637789e-09
2.31778547e-06	2.087803e-09
2.31780401e-06	3.553404e-09
2.31782256e-06	4.893289e-09
2.31784110e-06	5.904191e-09
2.31785964e-06	6.131786e-09
2.31787819e-06	4.878963e-09
2.31789673e-06	4.363249e-09
2.31791527e-06	6.106149e-09
2.31793381e-06	6.069440e-09
2.31795236e-06	5.280551e-09
2.31797090e-06	5.885584e-09
2.31798945e-06	6.269247e-09
2.31800799e-06	4.711074e-09
2.31802653e-06	4.253470e-09
2.31804508e-06	4.821381e-09
2.31806362e-06	5.368802e-09
2.31808217e-06	5.481030e-09
2.31810071e-06	4.566927e-09
2.31811926e-06	6.059735e-09
2.31813780e-06	5.517244e-09
2.31815635e-06	3.290109e-09
2.31817489e-06	3.846440e-09
2.31819344e-06	6.492515e-09
2.31821198e-06	6.199719e-09
2.31823053e-06	4.119052e-09
2.31824907e-06	3.560012e-09
2.31826762e-06	2.088263e-09
2.31828617e-06	3.983973e-09
2.31830471e-06	6.079078e-09
2.31832326e-06	7.046114e-09
2.31834181e-06	6.406799e-09
2.31836035e-06	5.338470e-09
2.31837890e-06	5.638773e-09
2.31839745e-06	6.426971e-09
2.31841599e-06	6.840994e-09
2.31843454e-06	6.748510e-09
2.31845309e-06	4.540200e-09
2.31847164e-06	1.886332e-09
2.31849018e-06	5.566668e-10
2.31850873e-06	2.854653e-09
2.31852728e-06	4.828828e-09
2.31854583e-06	5.740437e-09
2.31856438e-06	6.568106e-09
2.31858292e-06	6.174150e-09
2.31860147e-06	5.320650e-09
2.31862002e-06	5.417623e-09
2.31863857e-06	4.877462e-09
2.31865712e-06	6.097572e-09
2.31867567e-06	5.920076e-09
2.31869422e-06	5.286069e-09
2.31871277e-06	5.640704e-09
2.31873132e-06	6.311670e-09
2.31874987e-06	6.284961e-09
2.31876842e-06	6.760630e-09
2.31878697e-06	7.262052e-09
2.31880552e-06	6.932891e-09
2.31882407e-06	5.733245e-09
2.31884262e-06	6.078125e-09
2.31886117e-06	5.232801e-09
2.31887972e-06	4.467852e-09
2.31889827e-06	5.164112e-09
2.31891682e-06	5.879454e-09
2.31893538e-06	5.504045e-09
2.31895393e-06	5.569018e-09
2.31897248e-06	5.853780e-09
2.31899103e-06	5.306626e-09
2.31900958e-06	5.188261e-09
2.31902813e-06	4.803661e-09
2.31904669e-06	4.718902e-09
2.31906524e-06	3.787693e-09
2.31908379e-06	3.796769e-09
2.31910234e-06	2.331809e-09
2.31912090e-06	2.918129e-10
2.31913945e-06	2.954175e-10
2.31915800e-06	2.281369e-09
2.31917656e-06	3.826112e-09
2.31919511e-06	4.841594e-09
2.31921366e-06	5.411368e-09
2.31923222e-06	5.504299e-09
2.31925077e-06	5.033780e-09
2.31926932e-06	5.324363e-09
2.31928788e-06	5.239035e-09
2.31930643e-06	4.761563e-09
2.31932499e-06	5.482528e-09
2.31934354e-06	3.810953e-09
2.31936210e-06	4.658878e-09
2.31938065e-06	5.510066e-09
2.31939921e-06	6.357997e-09
2.31941776e-06	6.432540e-09
2.31943632e-06	6.788914e-09
2.31945487e-06	5.842900e-09
2.31947343e-06	3.533102e-09
2.31949198e-06	4.035145e-09
2.31951054e-06	3.532404e-09
2.31952910e-06	2.966175e-09
2.31954765e-06	3.104709e-09
2.31956621e-06	2.146406e-09
2.31958477e-06	3.266984e-09
2.31960332e-06	6.141156e-09
2.31962188e-06	7.115490e-09
2.31964044e-06	7.205165e-09
2.31965899e-06	6.917285e-09
2.31967755e-06	5.440627e-09
2.31969611e-06	2.442797e-09
2.31971466e-06	4.034073e-09
2.31973322e-06	5.588183e-09
2.31975178e-06	6.787099e-09
2.31977034e-06	7.201872e-09
2.31978890e-06	7.034888e-09
2.31980746e-06	7.412916e-09
2.31982601e-06	7.211014e-09
2.31984457e-06	7.047916e-09
2.31986313e-06	6.386867e-09
2.31988169e-06	5.572785e-09
2.31990025e-06	6.455442e-09
2.31991881e-06	7.116042e-09
2.31993737e-06	7.208517e-09
2.31995593e-06	5.914480e-09
2.31997449e-06	5.330251e-09
2.31999305e-06	3.802640e-09
2.32001161e-06	1.376107e-09
2.32003017e-06	4.442581e-09
2.32004873e-06	6.286076e-09
2.32006729e-06	5.118507e-09
2.32008585e-06	4.848942e-09
2.32010441e-06	6.001154e-09
2.32012297e-06	6.798098e-09
2.32014153e-06	6.391828e-09
2.32016009e-06	6.760184e-09
2.32017865e-06	6.189050e-09
2.32019721e-06	6.191904e-09
2.32021577e-06	5.652537e-09
2.32023434e-06	5.727962e-09
2.32025290e-06	4.680155e-09
2.32027146e-06	1.710664e-09
2.32029002e-06	4.908463e-09
2.32030858e-06	6.719162e-09
2.32032715e-06	6.994641e-09
2.32034571e-06	5.941262e-09
2.32036427e-06	3.684432e-09
2.32038284e-06	3.276885e-09
2.32040140e-06	4.488838e-09
2.32041996e-06	1.530963e-09
2.32043853e-06	7.870236e-10
2.32045709e-06	4.422209e-09
2.32047565e-06	5.207021e-09
2.32049422e-06	4.403408e-09
2.32051278e-06	4.063103e-09
2.32053135e-06	2.959746e-09
2.32054991e-06	2.338127e-09
2.32056847e-06	7.067797e-10
2.32058704e-06	2.583841e-10
2.32060560e-06	7.212243e-10
2.32062417e-06	1.958739e-09
2.32064273e-06	3.624249e-09
2.32066130e-06	4.116023e-09
2.32067986e-06	4.358703e-09
2.32069843e-06	4.793657e-09
2.32071699e-06	5.118508e-09
2.32073556e-06	3.202434e-09
2.32075413e-06	3.629522e-09
2.32077269e-06	4.118050e-09
2.32079126e-06	5.840157e-09
2.32080982e-06	6.536719e-09
2.32082839e-06	6.647222e-09
2.32084696e-06	6.240552e-09
2.32086552e-06	5.156417e-09
2.32088409e-06	3.032276e-09
2.32090266e-06	3.851311e-09
2.32092123e-06	4.485342e-09
2.32093979e-06	3.491017e-09
2.32095836e-06	3.590709e-09
2.32097693e-06	5.482261e-09
2.32099550e-06	5.656379e-09
2.32101406e-06	4.933220e-09
2.32103263e-06	4.716961e-09
2.32105120e-06	4.056149e-09
2.32106977e-06	5.823254e-09
2.32108834e-06	6.966806e-09
2.32110691e-06	6.887794e-09
2.32112547e-06	5.301827e-09
2.32114404e-06	3.803413e-09
2.32116261e-06	4.844053e-09
2.32118118e-06	3.012045e-09
2.32119975e-06	7.216542e-10
2.32121832e-06	3.203702e-09
2.32123689e-06	5.509300e-09
2.32125546e-06	6.392689e-09
2.32127403e-06	5.610996e-09
2.32129260e-06	5.541937e-09
2.32131117e-06	3.892044e-09
2.32132974e-06	1.965704e-09
2.32134831e-06	2.690253e-09
2.32136688e-06	4.343526e-09
2.32138545e-06	6.653006e-09
2.32140403e-06	7.046132e-09
2.32142260e-06	6.936834e-09
2.32144117e-06	6.779175e-09
2.32145974e-06	6.945718e-09
2.32147831e-06	6.556733e-09
2.32149688e-06	4.591584e-09
2.32151545e-06	4.392974e-09
2.32153403e-06	5.242581e-09
2.32155260e-06	6.134415e-09
2.32157117e-06	6.975436e-09
2.32158974e-06	7.025347e-09
2.32160832e-06	6.571898e-09
2.32162689e-06	5.156811e-09
2.32164546e-06	2.409950e-09
2.32166404e-06	3.692619e-09
2.32168261e-06	5.931372e-09
2.32170118e-06	6.798588e-09
2.32171976e-06	6.747411e-09
2.32173833e-06	6.541032e-09
2.32175690e-06	6.415562e-09
2.32177548e-06	5.231917e-09
2.32179405e-06	3.513862e-09
2.32181263e-06	5.524954e-09
2.32183120e-06	5.277201e-09
2.32184978e-06	4.895292e-09
2.32186835e-06	4.944650e-09
2.32188692e-06	5.378113e-09
2.32190550e-06	4.918092e-09
2.32192408e-06	5.045365e-09
2.32194265e-06	1.291875e-09
2.32196123e-06	6.034110e-10
2.32197980e-06	4.215771e-09
2.32199838e-06	4.812812e-09
2.32201695e-06	4.451607e-09
2.32203553e-06	4.020913e-09
2.32205411e-06	2.689230e-09
2.32207268e-06	3.330410e-10
2.32209126e-06	2.653657e-10
2.32210984e-06	1.910783e-09
2.32212841e-06	3.815358e-09
2.32214699e-06	4.607778e-09
2.32216557e-06	4.479436e-09
2.32218414e-06	2.303672e-09
2.32220272e-06	2.172870e-09
2.32222130e-06	4.586405e-09
2.32223988e-06	4.641845e-09
2.32225846e-06	4.386159e-09
2.32227703e-06	6.088011e-09
2.32229561e-06	5.969155e-09
2.32231419e-06	4.790435e-09
2.32233277e-06	5.169737e-09
2.32235135e-06	4.764311e-09
2.32236993e-06	2.258185e-09
2.32238850e-06	2.870335e-09
2.32240708e-06	5.181338e-09
2.32242566e-06	5.583890e-09
2.32244424e-06	5.812365e-09
2.32246282e-06	3.690412e-09
2.32248140e-06	3.573688e-09
2.32249998e-06	4.347449e-09
2.32251856e-06	6.069610e-09
2.32253714e-06	5.343082e-09
2.32255572e-06	3.547310e-09
2.32257430e-06	3.418778e-09
2.32259288e-06	5.652528e-09
2.32261146e-06	5.313004e-09
2.32263005e-06	3.727177e-09
2.32264863e-06	6.110731e-10
2.32266721e-06	4.390027e-10
2.32268579e-06	8.923456e-10
2.32270437e-06	2.815403e-09
2.32272295e-06	1.601632e-09
2.32274153e-06	1.712844e-09
2.32276012e-06	1.171471e-09
2.32277870e-06	4.490287e-09
2.32279728e-06	5.012749e-09
2.32281586e-06	1.770982e-09
2.32283444e-06	3.055175e-09
2.32285303e-06	2.724708e-09
2.32287161e-06	1.050234e-09
2.32289019e-06	3.809868e-09
2.32290878e-06	3.100136e-09
2.32292736e-06	1.221310e-09
2.32294594e-06	3.331714e-09
2.32296453e-06	2.125323e-09
2.32298311e-06	4.878116e-09
2.32300169e-06	3.836286e-09
2.32302028e-06	7.879502e-10
2.32303886e-06	3.307553e-09
2.32305745e-06	5.530461e-09
2.32307603e-06	3.109233e-09
2.32309462e-06	1.326751e-09
2.32311320e-06	2.962303e-09
2.32313179e-06	2.549137e-09
2.32315037e-06	9.078756e-10
2.32316896e-06	5.559819e-10
2.32318754e-06	1.131267e-09
2.32320613e-06	1.581562e-09
2.32322471e-06	1.423076e-09
2.32324330e-06	4.726934e-09
2.32326188e-06	2.889265e-09
2.32328047e-06	1.685593e-09
2.32329906e-06	5.619340e-09
2.32331764e-06	5.813024e-09
2.32333623e-06	3.188233e-09
2.32335482e-06	2.150930e-09
2.32337340e-06	2.707895e-09
2.32339199e-06	4.925916e-09
2.32341058e-06	5.458268e-09
2.32342916e-06	4.342794e-09
2.32344775e-06	7.716875e-10
2.32346634e-06	2.287016e-09
2.32348493e-06	5.272294e-09
2.32350352e-06	5.818809e-09
2.32352210e-06	5.646441e-09
2.32354069e-06	3.611071e-09
2.32355928e-06	1.821298e-09
2.32357787e-06	3.342548e-09
2.32359646e-06	2.239515e-09
2.32361504e-06	2.796404e-10
2.32363363e-06	2.923363e-10
2.32365222e-06	2.173996e-09
2.32367081e-06	3.846036e-09
2.32368940e-06	4.618497e-09
2.32370799e-06	3.471324e-09
2.32372658e-06	8.171886e-10
2.32374517e-06	1.763098e-09
2.32376376e-06	3.713196e-09
2.32378235e-06	4.973844e-09
2.32380094e-06	2.325168e-09
2.32381953e-06	2.517991e-09
2.32383812e-06	5.370378e-09
2.32385671e-06	5.981293e-09
2.32387530e-06	6.097817e-09
2.32389389e-06	5.297520e-09
2.32391249e-06	5.183113e-09
2.32393108e-06	2.839493e-09
2.32394967e-06	3.266369e-09
2.32396826e-06	5.243902e-09
2.32398685e-06	4.554783e-09
2.32400544e-06	1.629675e-09
2.32402404e-06	3.744645e-10
2.32404263e-06	7.508726e-10
2.32406122e-06	1.615312e-09
2.32407981e-06	4.636504e-09
2.32409840e-06	4.566830e-09
2.32411700e-06	5.598951e-09
2.32413559e-06	6.384751e-09
2.32415418e-06	6.859903e-09
2.32417278e-06	6.528620e-09
2.32419137e-06	5.712869e-09
2.32420996e-06	6.149905e-09
2.32422856e-06	6.365305e-09
2.32424715e-06	6.444693e-09
2.32426575e-06	5.154551e-09
2.32428434e-06	2.394347e-09
2.32430293e-06	3.995645e-09
2.32432153e-06	5.934305e-09
2.32434012e-06	4.327522e-09
2.32435872e-06	4.141623e-09
2.32437731e-06	4.698533e-09
2.32439591e-06	2.277928e-09
2.32441450e-06	7.390795e-10
2.32443310e-06	4.171773e-09
2.32445169e-06	5.643958e-09
2.32447029e-06	4.552372e-09
2.32448888e-06	5.867113e-09
2.32450748e-06	6.668125e-09
2.32452608e-06	4.997597e-09
2.32454467e-06	4.281993e-09
2.32456327e-06	5.048304e-09
2.32458187e-06	6.303158e-09
2.32460046e-06	6.515955e-09
2.32461906e-06	5.463416e-09
2.32463766e-06	6.389281e-09
2.32465625e-06	5.752299e-09
2.32467485e-06	3.126288e-09
2.32469345e-06	3.749884e-09
2.32471205e-06	5.800681e-09
2.32473064e-06	3.444819e-09
2.32474924e-06	2.589412e-09
2.32476784e-06	4.840571e-09
2.32478644e-06	4.277677e-09
2.32480504e-06	6.740489e-10
2.32482363e-06	1.346061e-09
2.32484223e-06	3.796032e-09
2.32486083e-06	2.545812e-09
2.32487943e-06	3.483079e-09
2.32489803e-06	3.476883e-09
2.32491663e-06	4.194061e-09
2.32493523e-06	5.866212e-09
2.32495383e-06	5.871529e-09
2.32497243e-06	6.004735e-09
2.32499103e-06	4.860519e-09
2.32500963e-06	5.414733e-09
2.32502823e-06	5.896711e-09
2.32504683e-06	6.457378e-09
2.32506543e-06	6.366478e-09
2.32508403e-06	5.780731e-09
2.32510263e-06	4.223484e-09
2.32512123e-06	2.508146e-09
2.32513983e-06	4.103881e-09
2.32515843e-06	3.547230e-09
2.32517703e-06	1.994046e-09
2.32519563e-06	2.697004e-10
2.32521424e-06	3.259081e-10
2.32523284e-06	1.821978e-09
2.32525144e-06	5.363837e-10
2.32527004e-06	1.833119e-09
2.32528864e-06	4.380926e-09
2.32530725e-06	4.566419e-09
2.32532585e-06	4.391652e-09
2.32534445e-06	4.984503e-09
2.32536305e-06	6.228463e-09
2.32538166e-06	6.566089e-09
2.32540026e-06	6.120871e-09
2.32541886e-06	5.542471e-09
2.32543747e-06	5.608037e-09
2.32545607e-06	5.229822e-09
2.32547467e-06	6.305704e-09
2.32549328e-06	5.497636e-09
2.32551188e-06	4.991558e-09
2.32553048e-06	5.096461e-09
2.32554909e-06	5.437164e-09
2.32556769e-06	5.556377e-09
2.32558630e-06	4.264203e-09
2.32560490e-06	3.236383e-09
2.32562351e-06	4.539762e-09
2.32564211e-06	5.289948e-09
2.32566072e-06	3.778570e-09
2.32567932e-06	4.961098e-09
2.32569793e-06	5.619295e-09
2.32571654e-06	3.948830e-09
2.32573514e-06	4.713711e-10
2.32575375e-06	1.779746e-09
2.32577235e-06	4.978958e-09
2.32579096e-06	5.659100e-09
2.32580956e-06	6.279468e-09
2.32582817e-06	5.689074e-09
2.32584678e-06	2.620149e-09
2.32586538e-06	2.027847e-09
2.32588399e-06	2.022991e-09
2.32590260e-06	4.140148e-09
2.32592121e-06	4.903985e-09
2.32593981e-06	4.608673e-09
2.32595842e-06	3.234471e-09
2.32597703e-06	2.620225e-09
2.32599564e-06	2.441028e-09
2.32601424e-06	4.921031e-09
2.32603285e-06	5.162556e-09
2.32605146e-06	4.587322e-09
2.32607007e-06	5.013443e-09
2.32608868e-06	3.383625e-09
2.32610729e-06	3.137296e-09
2.32612590e-06	3.513321e-09
2.32614450e-06	5.978025e-09
2.32616311e-06	5.745943e-09
2.32618172e-06	4.944991e-09
2.32620033e-06	5.531636e-09
2.32621894e-06	5.292243e-09
2.32623755e-06	4.519731e-09
2.32625616e-06	7.738534e-10
2.32627477e-06	1.047526e-09
2.32629338e-06	2.497273e-09
2.32631199e-06	1.534814e-09
2.32633060e-06	3.321199e-09
2.32634921e-06	3.485562e-09
2.32636782e-06	4.638380e-09
2.32638643e-06	4.983616e-09
2.32640505e-06	4.793773e-09
2.32642366e-06	4.755422e-09
2.32644227e-06	4.097880e-09
2.32646088e-06	5.174709e-09
2.32647949e-06	5.661308e-09
2.32649810e-06	5.958567e-09
2.32651671e-06	6.022896e-09
2.32653533e-06	7.004237e-09
2.32655394e-06	6.069445e-09
2.32657255e-06	6.248890e-09
2.32659116e-06	6.299230e-09
2.32660978e-06	5.485489e-09
2.32662839e-06	3.928769e-09
2.32664700e-06	3.723219e-09
2.32666562e-06	4.660306e-09
2.32668423e-06	3.173334e-09
2.32670284e-06	4.887724e-09
2.32672146e-06	4.226433e-09
2.32674007e-06	4.267635e-09
2.32675869e-06	4.873842e-09
2.32677730e-06	4.037939e-09
2.32679591e-06	2.268827e-09
2.32681453e-06	3.101981e-10
2.32683314e-06	2.810025e-10
2.32685176e-06	1.850904e-09
2.32687037e-06	3.734622e-09
2.32688899e-06	4.203168e-09
2.32690760e-06	4.396570e-09
2.32692622e-06	4.885125e-09
2.32694483e-06	4.059242e-09
2.32696345e-06	4.477731e-09
2.32698206e-06	5.286473e-09
2.32700068e-06	5.499985e-09
2.32701930e-06	4.912073e-09
2.32703791e-06	5.759830e-09
2.32705653e-06	6.610848e-09
2.32707514e-06	5.720899e-09
2.32709376e-06	4.426561e-09
2.32711238e-06	3.278251e-09
2.32713099e-06	1.974384e-09
2.32714961e-06	3.466417e-09
2.32716823e-06	5.078638e-09
2.32718685e-06	4.491763e-09
2.32720546e-06	5.720521e-09
2.32722408e-06	5.988045e-09
2.32724270e-06	5.022121e-09
2.32726132e-06	6.589972e-09
2.32727993e-06	5.629798e-09
2.32729855e-06	3.499225e-09
2.32731717e-06	4.381412e-09
2.32733579e-06	6.230927e-09
2.32735441e-06	6.705061e-09
2.32737303e-06	5.664980e-09
2.32739165e-06	4.958542e-09
2.32741027e-06	4.007068e-09
2.32742888e-06	8.708003e-10
2.32744750e-06	7.397243e-10
2.32746612e-06	3.853108e-09
2.32748474e-06	5.355845e-09
2.32750336e-06	6.026527e-09
2.32752198e-06	5.800853e-09
2.32754060e-06	6.037666e-09
2.32755922e-06	5.962090e-09
2.32757784e-06	6.592297e-09
2.32759646e-06	4.876613e-09
2.32761509e-06	2.706739e-09
2.32763371e-06	5.198193e-09
2.32765233e-06	6.616264e-09
2.32767095e-06	6.018446e-09
2.32768957e-06	5.838694e-09
2.32770819e-06	6.320246e-09
2.32772681e-06	6.102942e-09
2.32774544e-06	6.447703e-09
2.32776406e-06	6.618148e-09
2.32778268e-06	6.553997e-09
2.32780130e-06	6.114553e-09
2.32781992e-06	4.885942e-09
2.32783855e-06	1.310800e-09
2.32785717e-06	8.604586e-10
2.32787579e-06	2.435046e-09
2.32789442e-06	4.092156e-09
2.32791304e-06	2.652250e-09
2.32793166e-06	2.954369e-09
2.32795028e-06	1.088568e-09
2.32796891e-06	9.524699e-10
2.32798753e-06	4.602024e-09
2.32800616e-06	5.763788e-09
2.32802478e-06	6.030462e-09
2.32804340e-06	5.309920e-09
2.32806203e-06	3.680923e-09
2.32808065e-06	5.193461e-10
2.32809928e-06	8.509785e-10
2.32811790e-06	3.814563e-09
2.32813653e-06	4.324884e-09
2.32815515e-06	4.851800e-09
2.32817378e-06	6.060370e-09
2.32819240e-06	5.310703e-09
2.32821103e-06	5.157634e-09
2.32822965e-06	4.474064e-09
2.32824828e-06	5.460793e-09
2.32826691e-06	6.055886e-09
2.32828553e-06	5.381754e-09
2.32830416e-06	3.240147e-09
2.32832279e-06	3.531906e-09
2.32834141e-06	5.227970e-09
2.32836004e-06	5.634373e-09
2.32837867e-06	5.181231e-09
2.32839729e-06	2.944597e-09
2.32841592e-06	1.312077e-09
2.32843455e-06	3.418256e-09
2.32845317e-06	2.656456e-09
2.32847180e-06	3.378606e-10
2.32849043e-06	2.658627e-10
2.32850906e-06	1.716568e-09
2.32852769e-06	3.397950e-09
2.32854631e-06	4.010198e-09
2.32856494e-06	5.203954e-09
2.32858357e-06	5.993467e-09
2.32860220e-06	5.892843e-09
2.32862083e-06	5.268510e-09
2.32863946e-06	3.574975e-09
2.32865809e-06	3.449839e-09
2.32867672e-06	3.939719e-09
2.32869535e-06	4.305183e-09
2.32871397e-06	1.418354e-09
2.32873260e-06	2.822751e-09
2.32875123e-06	3.968941e-09
2.32876987e-06	5.619071e-10
2.32878849e-06	8.777101e-10
2.32880712e-06	2.966008e-09
2.32882576e-06	3.787920e-09
2.32884439e-06	5.571337e-09
2.32886302e-06	5.988006e-09
2.32888165e-06	4.895787e-09
2.32890028e-06	4.446601e-09
2.32891891e-06	4.427605e-09
2.32893754e-06	4.377776e-09
2.32895617e-06	4.919208e-09
2.32897481e-06	5.728015e-09
2.32899344e-06	4.524120e-09
2.32901207e-06	4.437977e-09
2.32903070e-06	5.900115e-09
2.32904933e-06	5.897176e-09
2.32906797e-06	4.912022e-09
2.32908660e-06	2.439043e-09
2.32910523e-06	3.903426e-09
2.32912386e-06	6.362393e-09
2.32914250e-06	6.348122e-09
2.32916113e-06	5.809186e-09
2.32917976e-06	4.451086e-09
2.32919840e-06	1.216872e-09
2.32921703e-06	1.329397e-09
2.32923566e-06	5.188956e-09
2.32925430e-06	6.399760e-09
2.32927293e-06	6.017060e-09
2.32929157e-06	6.391223e-09
2.32931020e-06	7.042391e-09
2.32932883e-06	6.832276e-09
2.32934747e-06	5.728445e-09
2.32936610e-06	4.764527e-09
2.32938474e-06	3.885583e-09
2.32940337e-06	5.356259e-09
2.32942201e-06	4.627682e-09
2.32944065e-06	5.372731e-09
2.32945928e-06	4.295582e-09
2.32947792e-06	2.748710e-09
2.32949655e-06	1.046087e-09
2.32951519e-06	4.167236e-10
2.32953382e-06	3.549026e-09
2.32955246e-06	4.956933e-09
2.32957110e-06	5.780045e-09
2.32958973e-06	6.475817e-09
2.32960837e-06	6.954145e-09
2.32962701e-06	6.766937e-09
2.32964564e-06	5.865827e-09
2.32966428e-06	6.815636e-09
2.32968292e-06	7.383258e-09
2.32970156e-06	7.776469e-09
2.32972019e-06	7.711744e-09
2.32973883e-06	7.308772e-09
2.32975747e-06	6.432562e-09
2.32977611e-06	6.229892e-09
2.32979475e-06	4.244464e-09
2.32981338e-06	4.547084e-09
2.32983202e-06	6.650941e-09
2.32985066e-06	6.243571e-09
2.32986930e-06	5.001699e-09
2.32988794e-06	6.289281e-09
2.32990658e-06	6.188006e-09
2.32992522e-06	5.129069e-09
2.32994386e-06	5.036657e-09
2.32996250e-06	4.622631e-09
2.32998113e-06	5.483909e-09
2.32999977e-06	5.467476e-09
2.33001842e-06	2.349649e-09
2.33003706e-06	1.578716e-09
2.33005570e-06	4.892032e-09
2.33007434e-06	5.248346e-09
2.33009298e-06	3.818435e-09
2.33011162e-06	3.615563e-09
2.33013026e-06	3.916613e-09
2.33014890e-06	3.547678e-09
2.33016754e-06	1.022793e-09
2.33018618e-06	2.604593e-10
2.33020482e-06	6.048603e-10
2.33022347e-06	2.960089e-09
2.33024211e-06	3.459040e-09
2.33026075e-06	2.296494e-09
2.33027939e-06	3.545247e-10
2.33029803e-06	1.283717e-09
2.33031667e-06	4.349906e-09
2.33033532e-06	5.139417e-09
2.33035396e-06	5.457437e-09
2.33037260e-06	5.053411e-09
2.33039125e-06	2.665784e-09
2.33040989e-06	3.641517e-09
2.33042853e-06	5.416066e-09
2.33044718e-06	3.534072e-09
2.33046582e-06	2.095228e-09
2.33048446e-06	3.775024e-09
2.33050311e-06	3.949595e-09
2.33052175e-06	6.466647e-10
2.33054040e-06	1.001973e-09
2.33055904e-06	4.233183e-09
2.33057768e-06	3.040863e-09
2.33059633e-06	4.615848e-10
2.33061497e-06	2.103272e-09
2.33063362e-06	2.455632e-09
2.33065226e-06	2.262461e-09
2.33067091e-06	2.360461e-09
2.33068955e-06	2.990989e-09
2.33070820e-06	1.600691e-09
2.33072685e-06	3.454173e-09
2.33074549e-06	2.159762e-09
2.33076414e-06	3.838473e-09
2.33078278e-06	4.459014e-09
2.33080143e-06	3.412949e-09
2.33082008e-06	5.099171e-09
2.33083872e-06	5.917499e-09
2.33085737e-06	6.115444e-09
2.33087602e-06	5.511759e-09
2.33089466e-06	4.979554e-09
2.33091331e-06	5.751152e-09
2.33093196e-06	5.391714e-09
2.33095061e-06	4.800822e-09
2.33096925e-06	5.307842e-09
2.33098790e-06	4.446377e-09
2.33100655e-06	4.443640e-09
2.33102520e-06	3.040137e-09
2.33104384e-06	4.242038e-09
2.33106249e-06	4.601993e-09
2.33108114e-06	1.157762e-09
2.33109979e-06	4.132330e-10
2.33111844e-06	3.090319e-09
2.33113709e-06	4.479073e-09
2.33115574e-06	3.798327e-09
2.33117439e-06	3.566898e-09
2.33119304e-06	2.969702e-09
2.33121169e-06	4.812192e-10
2.33123033e-06	1.596167e-09
2.33124898e-06	3.400755e-09
2.33126763e-06	3.840006e-09
2.33128629e-06	5.715780e-09
2.33130493e-06	5.316225e-09
2.33132359e-06	5.237355e-09
2.33134224e-06	6.305551e-09
2.33136089e-06	5.670896e-09
2.33137954e-06	3.381404e-09
2.33139819e-06	4.534841e-09
2.33141684e-06	5.545291e-09
2.33143549e-06	5.254879e-09
2.33145414e-06	5.052931e-09
2.33147280e-06	6.050406e-09
2.33149145e-06	5.699343e-09
2.33151010e-06	5.544983e-09
2.33152875e-06	4.954062e-09
2.33154740e-06	3.094670e-09
2.33156606e-06	4.312651e-09
2.33158471e-06	4.046426e-09
2.33160336e-06	2.090039e-09
2.33162201e-06	3.214666e-09
2.33164067e-06	1.882304e-09
2.33165932e-06	1.317906e-09
2.33167797e-06	5.298386e-09
2.33169663e-06	5.680934e-09
2.33171528e-06	3.628903e-09
2.33173393e-06	1.955487e-09
2.33175259e-06	4.965638e-09
2.33177124e-06	4.579023e-09
2.33178990e-06	3.359899e-09
2.33180855e-06	4.873093e-09
2.33182720e-06	4.803346e-09
2.33184586e-06	5.062640e-09
2.33186451e-06	3.675299e-09
2.33188317e-06	3.458123e-09
2.33190182e-06	2.325893e-09
2.33192048e-06	3.406602e-10
2.33193913e-06	2.629778e-10
2.33195779e-06	4.109738e-10
2.33197644e-06	2.512101e-09
2.33199510e-06	3.385274e-09
2.33201376e-06	4.039455e-09
2.33203241e-06	5.457126e-09
2.33205107e-06	5.836677e-09
2.33206973e-06	5.728976e-09
2.33208838e-06	5.858150e-09
2.33210704e-06	4.288889e-09
2.33212570e-06	5.320799e-09
2.33214435e-06	6.038498e-09
2.33216301e-06	5.612702e-09
2.33218167e-06	5.909969e-09
2.33220033e-06	6.245998e-09
2.33221898e-06	4.376456e-09
2.33223764e-06	4.016191e-09
2.33225630e-06	3.068094e-09
2.33227496e-06	4.876146e-09
2.33229361e-06	6.479823e-09
2.33231227e-06	7.155499e-09
2.33233093e-06	6.680991e-09
2.33234959e-06	6.758605e-09
2.33236825e-06	6.528263e-09
2.33238691e-06	4.629418e-09
2.33240557e-06	4.117337e-09
2.33242423e-06	5.997417e-09
2.33244288e-06	6.343297e-09
2.33246154e-06	4.996112e-09
2.33248020e-06	3.982468e-09
2.33249886e-06	4.733910e-09
2.33251752e-06	6.169467e-09
2.33253618e-06	6.122817e-09
2.33255485e-06	3.345419e-09
2.33257350e-06	2.973032e-09
2.33259217e-06	4.944281e-09
2.33261083e-06	5.320052e-09
2.33262949e-06	6.637830e-09
2.33264815e-06	6.665152e-09
2.33266681e-06	6.031831e-09
2.33268547e-06	6.880788e-09
2.33270413e-06	6.711785e-09
2.33272279e-06	5.560098e-09
2.33274146e-06	4.270913e-09
2.33276012e-06	4.893908e-09
2.33277878e-06	3.971903e-09
2.33279744e-06	4.125171e-09
2.33281610e-06	3.720060e-09
2.33283477e-06	5.455073e-10
2.33285343e-06	4.321890e-10
2.33287209e-06	3.260099e-09
2.33289075e-06	1.285411e-09
2.33290942e-06	5.101632e-10
2.33292808e-06	3.774671e-09
2.33294675e-06	5.215599e-09
2.33296541e-06	5.767466e-09
2.33298407e-06	5.219303e-09
2.33300274e-06	5.413426e-09
2.33302140e-06	6.535346e-09
2.33304006e-06	6.100263e-09
2.33305873e-06	5.827614e-09
2.33307739e-06	5.972753e-09
2.33309606e-06	5.848663e-09
2.33311472e-06	5.017975e-09
2.33313339e-06	5.310210e-09
2.33315205e-06	4.019100e-09
2.33317072e-06	3.039257e-09
2.33318938e-06	5.249906e-09
2.33320805e-06	5.724419e-09
2.33322671e-06	3.773004e-09
2.33324538e-06	3.243868e-09
2.33326405e-06	4.708439e-09
2.33328271e-06	3.458089e-09
2.33330138e-06	5.470111e-09
2.33332004e-06	6.067721e-09
2.33333871e-06	6.011602e-09
2.33335738e-06	5.300537e-09
2.33337604e-06	4.410124e-09
2.33339471e-06	4.962314e-09
2.33341338e-06	4.785018e-09
2.33343205e-06	6.464433e-09
2.33345071e-06	6.663031e-09
2.33346938e-06	6.653632e-09
2.33348805e-06	5.995455e-09
2.33350672e-06	4.645134e-09
2.33352538e-06	3.268968e-09
2.33354405e-06	3.859262e-09
2.33356272e-06	2.993567e-09
2.33358139e-06	1.443728e-09
2.33360006e-06	4.670652e-09
2.33361873e-06	5.586348e-09
2.33363740e-06	4.796960e-09
2.33365607e-06	4.539333e-09
2.33367473e-06	4.023562e-09
2.33369340e-06	1.856474e-09
2.33371207e-06	2.701964e-10
2.33373074e-06	3.906733e-10
2.33374941e-06	2.416202e-09
2.33376808e-06	9.953584e-10
2.33378675e-06	3.556585e-10
2.33380542e-06	2.928489e-09
2.33382410e-06	4.823724e-09
2.33384277e-06	4.906192e-09
2.33386144e-06	5.465990e-09
2.33388011e-06	6.215017e-09
2.33389878e-06	5.849489e-09
2.33391745e-06	6.038672e-09
2.33393612e-06	5.290849e-09
2.33395479e-06	3.806000e-09
2.33397346e-06	5.721620e-09
2.33399213e-06	7.059082e-09
2.33401081e-06	6.804213e-09
2.33402948e-06	6.236842e-09
2.33404815e-06	5.776212e-09
2.33406682e-06	6.232851e-09
2.33408550e-06	7.017381e-09
2.33410417e-06	6.912797e-09
2.33412284e-06	5.391023e-09
2.33414152e-06	2.058990e-09
2.33416019e-06	8.144143e-10
2.33417886e-06	3.427509e-09
2.33419754e-06	2.938271e-09
2.33421621e-06	2.687184e-09
2.33423488e-06	4.502368e-09
2.33425356e-06	5.269216e-09
2.33427223e-06	5.132289e-09
2.33429090e-06	3.840198e-09
2.33430958e-06	1.894095e-09
2.33432825e-06	3.109261e-09
2.33434693e-06	3.695662e-09
2.33436560e-06	4.341333e-09
2.33438428e-06	5.614027e-09
2.33440295e-06	6.170987e-09
2.33442163e-06	4.394724e-09
2.33444030e-06	2.519121e-09
2.33445898e-06	3.827069e-09
2.33447765e-06	4.505512e-09
2.33449633e-06	4.954406e-09
2.33451501e-06	3.761089e-09
2.33453368e-06	4.675045e-09
2.33455236e-06	5.507041e-09
2.33457104e-06	4.539299e-09
2.33458971e-06	5.768231e-09
2.33460839e-06	6.081679e-09
2.33462706e-06	3.838080e-09
2.33464574e-06	3.578128e-09
2.33466442e-06	5.131258e-09
2.33468310e-06	5.926216e-09
2.33470177e-06	5.370800e-09
2.33472045e-06	4.482019e-09
2.33473913e-06	2.109105e-09
2.33475781e-06	3.411954e-10
2.33477648e-06	5.388563e-10
2.33479516e-06	2.353353e-09
2.33481384e-06	3.556317e-09
2.33483252e-06	3.105862e-09
2.33485120e-06	3.214799e-09
2.33486988e-06	2.934219e-09
2.33488856e-06	3.915210e-09
2.33490724e-06	6.246794e-09
2.33492591e-06	6.826205e-09
2.33494460e-06	6.520720e-09
2.33496327e-06	5.807786e-09
2.33498195e-06	3.077487e-09
2.33500063e-06	3.693701e-09
2.33501931e-06	6.396563e-09
2.33503799e-06	6.776700e-09
2.33505667e-06	6.876853e-09
2.33507535e-06	6.518562e-09
2.33509404e-06	4.523329e-09
2.33511272e-06	1.066945e-09
2.33513140e-06	9.988654e-10
2.33515008e-06	4.513423e-09
2.33516876e-06	5.122529e-09
2.33518744e-06	3.609422e-09
2.33520612e-06	4.055649e-09
2.33522480e-06	4.951735e-09
2.33524348e-06	3.702055e-09
2.33526217e-06	3.594678e-09
2.33528085e-06	4.798130e-09
2.33529953e-06	5.145059e-09
2.33531821e-06	4.774569e-09
2.33533690e-06	4.317224e-09
2.33535558e-06	4.551354e-09
2.33537426e-06	2.900748e-09
2.33539294e-06	2.583274e-09
2.33541163e-06	4.948179e-09
2.33543031e-06	5.352816e-09
2.33544900e-06	5.384841e-09
2.33546768e-06	4.796963e-09
2.33548636e-06	4.370475e-09
2.33550505e-06	3.827955e-09
2.33552373e-06	1.465125e-09
2.33554242e-06	2.636691e-10
2.33556110e-06	7.231993e-10
2.33557978e-06	3.572582e-09
2.33559847e-06	4.496089e-09
2.33561715e-06	4.429648e-09
2.33563584e-06	4.053084e-09
2.33565452e-06	2.560916e-09
2.33567321e-06	8.564568e-10
2.33569189e-06	3.057182e-09
2.33571058e-06	3.286142e-09
2.33572927e-06	3.009591e-09
2.33574795e-06	2.875671e-09
2.33576664e-06	5.439356e-10
2.33578532e-06	3.663562e-10
2.33580401e-06	2.991522e-09
2.33582269e-06	4.399909e-09
2.33584138e-06	5.441151e-09
2.33586007e-06	6.042019e-09
2.33587876e-06	5.604934e-09
2.33589744e-06	4.044658e-09
2.33591613e-06	4.121227e-09
2.33593482e-06	6.058522e-09
2.33595350e-06	5.894335e-09
2.33597219e-06	4.160430e-09
2.33599088e-06	4.830599e-09
2.33600957e-06	5.627282e-09
2.33602826e-06	5.693110e-09
2.33604694e-06	6.013292e-09
2.33606563e-06	6.751495e-09
2.33608432e-06	7.310299e-09
2.33610301e-06	7.496622e-09
2.33612170e-06	7.595078e-09
2.33614039e-06	7.078402e-09
2.33615908e-06	6.397088e-09
2.33617777e-06	6.472586e-09
2.33619646e-06	5.579673e-09
2.33621514e-06	5.651056e-09
2.33623383e-06	6.642788e-09
2.33625253e-06	5.834568e-09
2.33627121e-06	5.448567e-09
2.33628990e-06	5.025917e-09
2.33630860e-06	5.520838e-09
2.33632729e-06	3.962200e-09
2.33634598e-06	1.898840e-09
2.33636467e-06	2.557795e-09
2.33638336e-06	5.347987e-09
2.33640205e-06	4.917946e-09
2.33642074e-06	4.957799e-09
2.33643943e-06	6.203543e-09
2.33645812e-06	4.889785e-09
2.33647681e-06	6.140409e-09
2.33649551e-06	6.201674e-09
2.33651420e-06	6.105360e-09
2.33653289e-06	7.123695e-09
2.33655158e-06	6.326274e-09
2.33657028e-06	5.106890e-09
2.33658897e-06	6.304758e-09
2.33660766e-06	5.708102e-09
2.33662635e-06	5.364436e-09
2.33664505e-06	5.648604e-09
2.33666374e-06	5.924313e-09
2.33668243e-06	5.215702e-09
2.33670113e-06	2.525177e-09
2.33671982e-06	1.848941e-09
2.33673851e-06	3.254500e-09
2.33675721e-06	3.236454e-09
2.33677590e-06	4.731051e-09
2.33679460e-06	4.850411e-09
2.33681329e-06	3.153630e-09
2.33683198e-06	3.687741e-10
2.33685068e-06	7.668877e-10
2.33686937e-06	3.341647e-09
2.33688807e-06	3.771216e-09
2.33690676e-06	3.612626e-09
2.33692546e-06	4.004690e-09
2.33694415e-06	4.057302e-09
2.33696285e-06	4.472382e-09
2.33698155e-06	2.114312e-09
2.33700024e-06	2.818224e-09
2.33701894e-06	4.423677e-09
2.33703763e-06	5.129178e-09
2.33705633e-06	4.805690e-09
2.33707503e-06	5.505415e-09
2.33709372e-06	5.849665e-09
2.33711242e-06	5.811761e-09
2.33713112e-06	5.956020e-09
2.33714981e-06	5.089591e-09
2.33716851e-06	5.706158e-09
2.33718721e-06	6.764505e-09
2.33720591e-06	5.166542e-09
2.33722460e-06	4.251513e-09
2.33724330e-06	5.122175e-09
2.33726200e-06	4.973377e-09
2.33728070e-06	3.249897e-09
2.33729940e-06	3.278954e-09
2.33731809e-06	5.190386e-09
2.33733679e-06	5.485276e-09
2.33735549e-06	5.136793e-09
2.33737419e-06	4.227731e-09
2.33739289e-06	1.496442e-09
2.33741159e-06	2.645033e-10
2.33743029e-06	7.433262e-10
2.33744899e-06	3.781062e-09
2.33746769e-06	4.733990e-09
2.33748639e-06	4.206433e-09
2.33750509e-06	4.754767e-09
2.33752379e-06	5.421263e-09
2.33754249e-06	5.549762e-09
2.33756119e-06	5.619569e-09
2.33757989e-06	6.815640e-09
2.33759859e-06	6.892058e-09
2.33761729e-06	5.963265e-09
2.33763599e-06	4.376774e-09
2.33765469e-06	5.905647e-09
2.33767339e-06	5.845677e-09
2.33769209e-06	5.587312e-09
2.33771079e-06	4.929010e-09
2.33772950e-06	3.441013e-09
2.33774820e-06	1.447687e-09
2.33776690e-06	3.630397e-09
2.33778560e-06	5.527583e-09
2.33780431e-06	5.847472e-09
2.33782301e-06	5.957395e-09
2.33784171e-06	5.353262e-09
2.33786041e-06	5.482380e-09
2.33787912e-06	5.573109e-09
2.33789782e-06	4.615148e-09
2.33791652e-06	2.495566e-09
2.33793523e-06	3.585207e-10
2.33795393e-06	8.205735e-10
2.33797263e-06	2.964099e-09
2.33799134e-06	4.541622e-09
2.33801004e-06	5.322187e-09
2.33802874e-06	4.830480e-09
2.33804745e-06	3.966211e-09
2.33806615e-06	5.352056e-09
2.33808486e-06	5.361100e-09
2.33810356e-06	5.939211e-09
2.33812227e-06	4.961523e-09
2.33814097e-06	5.309285e-09
2.33815968e-06	5.507928e-09
2.33817838e-06	4.604742e-09
2.33819709e-06	3.574536e-09
2.33821579e-06	4.117581e-09
2.33823450e-06	1.723620e-09
2.33825321e-06	4.505666e-09
2.33827191e-06	5.083889e-09
2.33829062e-06	5.059483e-09
2.33830932e-06	4.758734e-09
2.33832803e-06	2.767449e-09
2.33834674e-06	2.811610e-09
2.33836544e-06	5.574137e-09
2.33838415e-06	5.370264e-09
2.33840286e-06	6.180897e-09
2.33842156e-06	5.960338e-09
2.33844027e-06	4.426378e-09
2.33845898e-06	2.350961e-09
2.33847769e-06	3.938167e-09
2.33849639e-06	5.083965e-09
2.33851510e-06	5.094477e-09
2.33853381e-06	3.906067e-09
2.33855252e-06	4.597007e-09
2.33857123e-06	4.646041e-09
2.33858994e-06	3.664055e-09
2.33860864e-06	4.198431e-09
2.33862735e-06	5.661602e-09
2.33864606e-06	5.482300e-09
2.33866477e-06	5.153215e-09
2.33868348e-06	3.835183e-09
2.33870219e-06	3.578100e-09
2.33872090e-06	1.695453e-09
2.33873961e-06	1.241675e-09
2.33875832e-06	3.122042e-09
2.33877703e-06	3.762983e-09
2.33879574e-06	5.665217e-09
2.33881445e-06	6.094019e-09
2.33883316e-06	6.589452e-09
2.33885187e-06	6.707198e-09
2.33887058e-06	4.758583e-09
2.33888929e-06	5.269323e-09
2.33890800e-06	5.252696e-09
2.33892672e-06	4.666550e-09
2.33894543e-06	2.669658e-09
2.33896414e-06	2.322100e-09
2.33898285e-06	4.884682e-09
2.33900156e-06	5.066838e-09
2.33902027e-06	4.654721e-09
2.33903899e-06	4.303437e-09
2.33905770e-06	2.851779e-09
2.33907641e-06	3.413001e-10
2.33909512e-06	6.141051e-10
2.33911384e-06	3.468146e-09
2.33913255e-06	4.804562e-09
2.33915126e-06	4.888223e-09
2.33916998e-06	4.764725e-09
2.33918869e-06	3.177460e-09
2.33920740e-06	3.665699e-09
2.33922612e-06	4.396283e-09
2.33924483e-06	5.128992e-09
2.33926354e-06	5.412183e-09
2.33928226e-06	3.956129e-09
2.33930097e-06	1.732248e-09
2.33931969e-06	2.723100e-10
2.33933840e-06	6.931710e-10
2.33935712e-06	3.886301e-09
2.33937583e-06	5.054519e-09
2.33939455e-06	5.349558e-09
2.33941326e-06	5.766408e-09
2.33943198e-06	5.767744e-09
2.33945069e-06	4.721825e-09
2.33946941e-06	2.444291e-09
2.33948812e-06	3.444695e-09
2.33950684e-06	5.703297e-09
2.33952556e-06	6.381166e-09
2.33954427e-06	6.357284e-09
2.33956299e-06	5.497946e-09
2.33958171e-06	4.922261e-09
2.33960042e-06	2.474980e-09
2.33961914e-06	1.962057e-09
2.33963785e-06	4.406019e-09
2.33965657e-06	3.224937e-09
2.33967529e-06	2.581863e-09
2.33969401e-06	5.792032e-09
2.33971272e-06	5.889720e-09
2.33973144e-06	4.658919e-09
2.33975016e-06	3.419839e-09
2.33976888e-06	4.972157e-09
2.33978760e-06	5.354601e-09
2.33980631e-06	5.281382e-09
2.33982503e-06	6.108429e-09
2.33984375e-06	5.290058e-09
2.33986247e-06	2.244772e-09
2.33988119e-06	4.017771e-10
2.33989991e-06	4.877769e-10
2.33991863e-06	3.060374e-09
2.33993735e-06	5.573298e-09
2.33995607e-06	4.888647e-09
2.33997479e-06	6.144233e-09
2.33999351e-06	6.420018e-09
2.34001223e-06	4.942062e-09
2.34003095e-06	2.478074e-09
2.34004967e-06	2.737603e-09
2.34006839e-06	2.816651e-09
2.34008711e-06	3.776123e-09
2.34010583e-06	5.317911e-09
2.34012455e-06	3.430188e-09
2.34014327e-06	4.502133e-09
2.34016199e-06	3.703329e-09
2.34018071e-06	3.963510e-09
2.34019943e-06	4.773216e-09
2.34021815e-06	5.030750e-09
2.34023688e-06	3.744610e-09
2.34025560e-06	4.740753e-10
2.34027432e-06	3.667721e-10
2.34029304e-06	1.896496e-09
2.34031177e-06	3.987264e-09
2.34033049e-06	4.798786e-09
2.34034921e-06	3.069120e-09
2.34036793e-06	1.669470e-09
2.34038666e-06	1.909920e-09
2.34040538e-06	1.829513e-09
2.34042410e-06	1.902830e-09
2.34044283e-06	1.519578e-09
2.34046155e-06	4.438022e-09
2.34048027e-06	5.814101e-09
2.34049900e-06	5.357082e-09
2.34051772e-06	1.929676e-09
2.34053644e-06	2.487393e-09
2.34055517e-06	4.168509e-09
2.34057389e-06	2.872147e-09
2.34059262e-06	3.846634e-09
2.34061134e-06	3.071433e-09
2.34063007e-06	2.548726e-09
2.34064879e-06	4.679397e-09
2.34066752e-06	3.410357e-09
2.34068624e-06	4.616570e-09
2.34070497e-06	6.796528e-09
2.34072369e-06	6.805011e-09
2.34074242e-06	6.766428e-09
2.34076115e-06	6.893157e-09
2.34077987e-06	5.570954e-09
2.34079860e-06	6.374276e-09
2.34081733e-06	5.839605e-09
2.34083605e-06	5.002956e-09
2.34085478e-06	5.975312e-09
2.34087350e-06	5.678003e-09
2.34089223e-06	5.565864e-09
2.34091096e-06	5.949614e-09
2.34092969e-06	5.693687e-09
2.34094841e-06	6.851425e-09
2.34096714e-06	6.238958e-09
2.34098587e-06	5.751484e-09
2.34100460e-06	5.712510e-09
2.34102333e-06	5.521396e-09
2.34104205e-06	4.637660e-09
2.34106078e-06	1.810617e-09
2.34107951e-06	5.074738e-10
2.34109824e-06	2.454611e-09
2.34111697e-06	3.946104e-09
2.34113570e-06	2.097673e-09
2.34115443e-06	3.838594e-10
2.34117315e-06	2.967622e-09
2.34119188e-06	5.026927e-09
2.34121061e-06	5.027652e-09
2.34122934e-06	4.550083e-09
2.34124807e-06	3.413234e-09
2.34126680e-06	3.468450e-10
2.34128553e-06	3.648421e-10
2.34130426e-06	3.889689e-09
2.34132299e-06	4.964865e-09
2.34134172e-06	3.234112e-09
2.34136045e-06	1.013141e-09
2.34137919e-06	4.091363e-09
2.34139792e-06	5.305122e-09
2.34141665e-06	4.779826e-09
2.34143538e-06	4.374138e-09
2.34145411e-06	3.093714e-09
2.34147284e-06	1.697884e-09
2.34149158e-06	3.038188e-10
2.34151031e-06	1.544425e-09
2.34152904e-06	3.864783e-09
2.34154777e-06	3.519493e-09
2.34156650e-06	4.236863e-09
2.34158524e-06	4.899415e-09
2.34160397e-06	6.052073e-09
2.34162270e-06	6.193157e-09
2.34164143e-06	6.274556e-09
2.34166017e-06	5.885341e-09
2.34167890e-06	4.417379e-09
2.34169763e-06	1.641382e-09
2.34171637e-06	1.625340e-09
2.34173510e-06	3.951966e-09
2.34175384e-06	5.034689e-09
2.34177257e-06	6.232274e-09
2.34179130e-06	5.663625e-09
2.34181004e-06	6.347832e-09
2.34182877e-06	6.192565e-09
2.34184751e-06	4.361277e-09
2.34186624e-06	2.530486e-09
2.34188498e-06	1.735001e-09
2.34190371e-06	4.403119e-09
2.34192245e-06	3.987507e-09
2.34194118e-06	2.930186e-09
2.34195992e-06	3.733207e-09
2.34197865e-06	4.653121e-09
2.34199739e-06	5.133215e-09
2.34201613e-06	4.472299e-09
2.34203486e-06	1.265869e-09
2.34205360e-06	3.360450e-10
2.34207233e-06	2.525433e-09
2.34209107e-06	4.244093e-09
2.34210981e-06	5.807179e-09
2.34212855e-06	6.323437e-09
2.34214728e-06	5.482040e-09
2.34216602e-06	4.194810e-09
2.34218476e-06	4.697015e-09
2.34220349e-06	6.293180e-09
2.34222223e-06	7.025620e-09
2.34224097e-06	7.139322e-09
2.34225971e-06	7.258736e-09
2.34227844e-06	7.628953e-09
2.34229718e-06	7.878778e-09
2.34231592e-06	7.073877e-09
2.34233466e-06	6.372142e-09
2.34235340e-06	7.053871e-09
2.34237214e-06	5.964881e-09
2.34239088e-06	5.441462e-09
2.34240962e-06	5.750621e-09
2.34242835e-06	5.509777e-09
2.34244709e-06	2.757524e-09
2.34246583e-06	4.212674e-09
2.34248457e-06	6.299148e-09
2.34250331e-06	6.877433e-09
2.34252205e-06	6.865083e-09
2.34254079e-06	4.809984e-09
2.34255953e-06	3.456963e-09
2.34257827e-06	4.258752e-09
2.34259702e-06	4.113199e-09
2.34261576e-06	5.019310e-09
2.34263450e-06	6.177915e-09
2.34265324e-06	6.322701e-09
2.34267198e-06	5.300697e-09
2.34269072e-06	4.276945e-09
2.34270946e-06	5.045475e-09
2.34272820e-06	3.697007e-09
2.34274695e-06	4.414727e-10
2.34276569e-06	3.509205e-10
2.34278443e-06	2.646299e-09
2.34280317e-06	4.539777e-09
2.34282191e-06	5.207295e-09
2.34284066e-06	3.874354e-09
2.34285940e-06	3.603602e-09
2.34287814e-06	4.324427e-09
2.34289689e-06	4.977492e-09
2.34291563e-06	5.881378e-09
2.34293437e-06	6.315287e-09
2.34295312e-06	6.386191e-09
2.34297186e-06	5.753387e-09
2.34299060e-06	4.786431e-09
2.34300935e-06	5.826364e-09
2.34302809e-06	6.708069e-09
2.34304684e-06	5.791591e-09
2.34306558e-06	4.571007e-09
2.34308432e-06	5.838869e-09
2.34310307e-06	6.441142e-09
2.34312181e-06	6.228196e-09
2.34314056e-06	6.113842e-09
2.34315930e-06	4.001007e-09
2.34317805e-06	4.942640e-09
2.34319679e-06	5.729166e-09
2.34321554e-06	4.425646e-09
2.34323429e-06	2.289740e-09
2.34325303e-06	1.410119e-09
2.34327178e-06	2.853225e-10
2.34329052e-06	2.586022e-09
2.34330927e-06	4.179758e-09
2.34332802e-06	5.645654e-09
2.34334676e-06	6.676214e-09
2.34336551e-06	6.511130e-09
2.34338426e-06	4.965927e-09
2.34340300e-06	5.679973e-09
2.34342175e-06	4.880868e-09
2.34344050e-06	4.729226e-09
2.34345925e-06	4.624973e-09
2.34347799e-06	2.520917e-09
2.34349674e-06	1.753254e-09
2.34351549e-06	4.362943e-09
2.34353424e-06	5.454546e-09
2.34355299e-06	5.398615e-09
2.34357173e-06	5.371951e-09
2.34359048e-06	4.153619e-09
2.34360923e-06	1.662441e-09
2.34362798e-06	1.159663e-09
2.34364673e-06	4.023914e-09
2.34366548e-06	2.607706e-09
2.34368423e-06	6.083709e-10
2.34370298e-06	1.769132e-09
2.34372173e-06	3.603659e-09
2.34374048e-06	5.784917e-09
2.34375923e-06	5.270540e-09
2.34377798e-06	5.340641e-09
2.34379673e-06	5.679103e-09
2.34381548e-06	3.010073e-09
2.34383423e-06	1.736972e-09
2.34385298e-06	3.737729e-09
2.34387173e-06	4.491709e-09
2.34389048e-06	5.940140e-09
2.34390923e-06	5.322352e-09
2.34392798e-06	5.153970e-09
2.34394673e-06	6.354492e-09
2.34396549e-06	5.819307e-09
2.34398424e-06	4.063153e-09
2.34400299e-06	4.908374e-09
2.34402174e-06	3.676424e-09
2.34404049e-06	2.678528e-09
2.34405925e-06	3.514727e-10
2.34407800e-06	5.004338e-10
2.34409675e-06	3.291756e-09
2.34411550e-06	4.425311e-09
2.34413426e-06	4.328315e-09
2.34415301e-06	5.157660e-09
2.34417176e-06	6.004214e-09
2.34419052e-06	6.121730e-09
2.34420927e-06	5.735209e-09
2.34422802e-06	5.834607e-09
2.34424678e-06	6.079345e-09
2.34426553e-06	6.455419e-09
2.34428429e-06	4.792836e-09
2.34430304e-06	4.616871e-09
2.34432179e-06	3.582961e-09
2.34434055e-06	4.587258e-09
2.34435930e-06	5.812156e-09
2.34437806e-06	5.606647e-09
2.34439681e-06	4.916104e-09
2.34441557e-06	4.662322e-09
2.34443432e-06	4.385745e-09
2.34445308e-06	1.549604e-09
2.34447183e-06	2.039204e-09
2.34449059e-06	3.854844e-09
2.34450935e-06	2.781196e-09
2.34452810e-06	3.909202e-09
2.34454686e-06	4.716957e-09
2.34456562e-06	4.012483e-09
2.34458437e-06	4.315998e-09
2.34460313e-06	5.541757e-09
2.34462189e-06	5.848888e-09
2.34464064e-06	5.143505e-09
2.34465940e-06	4.498452e-09
2.34467816e-06	3.014143e-09
2.34469691e-06	3.996043e-10
2.34471567e-06	3.837517e-10
2.34473443e-06	2.913746e-09
2.34475319e-06	3.731187e-09
2.34477195e-06	2.420495e-09
2.34479070e-06	5.801655e-10
2.34480946e-06	1.156006e-09
2.34482822e-06	2.805227e-09
2.34484698e-06	5.287811e-09
2.34486574e-06	5.209902e-09
2.34488450e-06	3.285015e-09
2.34490326e-06	3.603313e-09
2.34492202e-06	3.835316e-09
2.34494077e-06	4.327106e-09
2.34495953e-06	2.324579e-09
2.34497829e-06	3.975086e-09
2.34499705e-06	4.681666e-09
2.34501581e-06	2.894854e-09
2.34503457e-06	3.591435e-10
2.34505333e-06	5.920942e-10
2.34507209e-06	3.149328e-09
2.34509086e-06	2.554643e-09
2.34510962e-06	4.643613e-09
2.34512838e-06	6.102924e-09
2.34514714e-06	6.453438e-09
2.34516590e-06	5.847309e-09
2.34518466e-06	5.100079e-09
2.34520342e-06	4.889528e-09
2.34522218e-06	3.231679e-09
2.34524094e-06	1.882579e-09
2.34525971e-06	3.714154e-09
2.34527847e-06	3.498351e-09
2.34529723e-06	4.109595e-10
2.34531599e-06	6.734025e-10
2.34533476e-06	3.903887e-09
2.34535352e-06	4.414480e-09
2.34537228e-06	3.060639e-09
2.34539104e-06	2.632369e-09
2.34540981e-06	3.374960e-10
2.34542857e-06	5.400674e-10
2.34544733e-06	1.568792e-09
2.34546610e-06	2.687794e-09
2.34548486e-06	1.394006e-09
2.34550363e-06	2.402616e-09
2.34552239e-06	5.166912e-09
2.34554115e-06	5.428276e-09
2.34555992e-06	4.169819e-09
2.34557868e-06	5.324960e-09
2.34559745e-06	5.619299e-09
2.34561621e-06	1.758476e-09
2.34563498e-06	2.300485e-09
2.34565374e-06	5.306333e-09
2.34567251e-06	6.726354e-09
2.34569127e-06	5.982328e-09
2.34571004e-06	5.292513e-09
2.34572880e-06	6.520389e-09
2.34574757e-06	5.208155e-09
2.34576634e-06	5.180088e-09
2.34578510e-06	7.234740e-09
2.34580387e-06	7.606732e-09
2.34582263e-06	6.642196e-09
2.34584140e-06	4.282569e-09
2.34586017e-06	4.913581e-09
2.34587894e-06	7.030316e-09
2.34589770e-06	7.031893e-09
2.34591647e-06	7.132847e-09
2.34593524e-06	6.917082e-09
2.34595400e-06	6.391540e-09
2.34597277e-06	4.796237e-09
2.34599154e-06	3.887744e-09
2.34601031e-06	6.639815e-09
2.34602908e-06	7.432170e-09
2.34604784e-06	5.548960e-09
2.34606661e-06	4.802442e-09
2.34608538e-06	5.848545e-09
2.34610415e-06	5.231216e-09
2.34612292e-06	5.130346e-09
2.34614169e-06	6.235155e-09
2.34616046e-06	5.385219e-09
2.34617923e-06	3.680526e-09
2.34619800e-06	5.917500e-09
2.34621676e-06	6.822154e-09
2.34623553e-06	6.447472e-09
2.34625430e-06	6.124936e-09
2.34627307e-06	6.418134e-09
2.34629184e-06	6.661644e-09
2.34631061e-06	5.038429e-09
2.34632938e-06	4.853638e-09
2.34634816e-06	4.498675e-09
2.34636693e-06	4.692585e-09
2.34638570e-06	5.251299e-09
2.34640447e-06	4.804789e-09
2.34642324e-06	3.869261e-09
2.34644201e-06	9.542115e-10
2.34646078e-06	3.402976e-10
2.34647955e-06	2.518629e-09
2.34649833e-06	4.436528e-09
2.34651710e-06	5.417813e-09
2.34653587e-06	5.058876e-09
2.34655464e-06	6.020742e-09
2.34657341e-06	6.645008e-09
2.34659219e-06	6.013635e-09
2.34661096e-06	5.366052e-09
2.34662973e-06	5.524563e-09
2.34664851e-06	4.853976e-09
2.34666728e-06	4.999903e-09
2.34668605e-06	6.196681e-09
2.34670483e-06	6.584046e-09
2.34672360e-06	6.023470e-09
2.34674237e-06	5.686735e-09
2.34676115e-06	4.721460e-09
2.34677992e-06	3.107690e-09
2.34679870e-06	4.037271e-10
2.34681747e-06	4.501006e-10
2.34683625e-06	3.451246e-09
2.34685502e-06	4.654306e-09
2.34687379e-06	4.552014e-09
2.34689257e-06	2.166356e-09
2.34691134e-06	1.231704e-09
2.34693012e-06	2.372900e-09
2.34694889e-06	4.149038e-09
2.34696767e-06	5.188462e-09
2.34698645e-06	6.168416e-09
2.34700522e-06	5.929225e-09
2.34702400e-06	5.847469e-09
2.34704277e-06	6.416626e-09
2.34706155e-06	6.433666e-09
2.34708033e-06	6.797720e-09
2.34709910e-06	7.282549e-09
2.34711788e-06	6.900833e-09
2.34713666e-06	6.262342e-09
2.34715543e-06	4.314576e-09
2.34717421e-06	3.267076e-09
2.34719299e-06	1.603162e-09
2.34721177e-06	4.385069e-09
2.34723054e-06	4.777319e-09
2.34724932e-06	4.824102e-09
2.34726810e-06	5.211046e-09
2.34728688e-06	4.264345e-09
2.34730566e-06	4.154480e-09
2.34732444e-06	1.914030e-09
2.34734321e-06	5.233172e-09
2.34736199e-06	6.270193e-09
2.34738077e-06	6.164179e-09
2.34739955e-06	4.536341e-09
2.34741833e-06	2.532937e-09
2.34743711e-06	3.415887e-09
2.34745589e-06	5.590391e-09
2.34747467e-06	5.852286e-09
2.34749345e-06	3.824249e-09
2.34751223e-06	1.069760e-09
2.34753101e-06	2.818698e-09
2.34754979e-06	2.241068e-09
2.34756857e-06	2.813478e-09
2.34758735e-06	4.203188e-09
2.34760613e-06	5.694324e-09
2.34762491e-06	6.111958e-09
2.34764369e-06	4.294599e-09
2.34766247e-06	1.711319e-09
2.34768125e-06	3.400286e-09
2.34770004e-06	3.928234e-09
2.34771882e-06	3.565115e-09
2.34773760e-06	3.368194e-09
2.34775638e-06	4.345910e-09
2.34777516e-06	3.364347e-09
2.34779395e-06	4.547766e-09
2.34781273e-06	5.103371e-09
2.34783151e-06	5.479371e-09
2.34785029e-06	7.029795e-09
2.34786908e-06	6.347126e-09
2.34788786e-06	6.103251e-09
2.34790664e-06	7.141241e-09
2.34792542e-06	7.202124e-09
2.34794421e-06	6.668562e-09
2.34796299e-06	6.029047e-09
2.34798178e-06	6.519690e-09
2.34800056e-06	6.731844e-09
2.34801934e-06	5.566130e-09
2.34803813e-06	6.452130e-09
2.34805691e-06	6.530670e-09
2.34807570e-06	6.066366e-09
2.34809448e-06	5.409344e-09
2.34811327e-06	4.446702e-09
2.34813205e-06	3.738285e-09
2.34815084e-06	3.929862e-09
2.34816962e-06	5.340636e-09
2.34818841e-06	5.069563e-09
2.34820719e-06	3.865111e-09
2.34822598e-06	7.806593e-10
2.34824476e-06	3.179086e-10
2.34826355e-06	2.484816e-09
2.34828234e-06	4.394360e-09
2.34830112e-06	5.383609e-09
2.34831991e-06	6.116765e-09
2.34833869e-06	5.578562e-09
2.34835748e-06	5.835480e-09
2.34837627e-06	5.570310e-09
2.34839506e-06	6.257518e-09
2.34841384e-06	5.512627e-09
2.34843263e-06	5.053903e-09
2.34845142e-06	5.024950e-09
2.34847021e-06	6.407073e-09
2.34848899e-06	6.130520e-09
2.34850778e-06	6.082918e-09
2.34852657e-06	4.496884e-09
2.34854536e-06	4.395002e-09
2.34856415e-06	5.376529e-09
2.34858293e-06	5.667139e-09
2.34860172e-06	5.501034e-09
2.34862051e-06	6.940842e-09
2.34863930e-06	6.768623e-09
2.34865809e-06	5.487355e-09
2.34867688e-06	2.355164e-09
2.34869567e-06	2.686204e-09
2.34871446e-06	4.782049e-09
2.34873325e-06	4.678052e-09
2.34875204e-06	6.614918e-09
2.34877083e-06	7.079981e-09
2.34878962e-06	5.807076e-09
2.34880841e-06	4.858898e-09
2.34882720e-06	4.281676e-09
2.34884599e-06	4.389838e-09
2.34886478e-06	6.070638e-09
2.34888357e-06	5.900501e-09
2.34890236e-06	6.363847e-09
2.34892115e-06	7.111310e-09
2.34893994e-06	6.895322e-09
2.34895873e-06	4.021688e-09
2.34897753e-06	5.218272e-09
2.34899632e-06	4.358514e-09
2.34901511e-06	3.602616e-09
2.34903390e-06	6.143117e-09
2.34905269e-06	6.376290e-09
2.34907149e-06	6.386278e-09
2.34909028e-06	5.774031e-09
2.34910907e-06	5.045028e-09
2.34912787e-06	5.862653e-09
2.34914666e-06	5.586233e-09
2.34916545e-06	4.546329e-09
2.34918425e-06	5.259384e-09
2.34920304e-06	4.258512e-09
2.34922183e-06	4.817809e-09
2.34924063e-06	4.477853e-09
2.34925942e-06	5.936034e-09
2.34927821e-06	6.393108e-09
2.34929701e-06	3.370859e-09
2.34931580e-06	4.038808e-09
2.34933460e-06	4.512276e-09
2.34935339e-06	3.023457e-09
2.34937219e-06	1.862447e-09
2.34939098e-06	3.758544e-09
2.34940978e-06	4.277629e-09
2.34942857e-06	1.573758e-09
2.34944737e-06	4.232711e-09
2.34946616e-06	4.803832e-09
2.34948496e-06	2.850606e-09
2.34950375e-06	3.139728e-10
2.34952255e-06	2.425418e-09
2.34954135e-06	5.186442e-09
2.34956014e-06	5.794392e-09
2.34957894e-06	4.960172e-09
2.34959774e-06	5.930393e-09
2.34961653e-06	4.065856e-09
2.34963533e-06	3.201721e-09
2.34965413e-06	4.205786e-09
2.34967292e-06	2.863982e-09
2.34969172e-06	2.297894e-09
2.34971052e-06	3.259925e-10
2.34972932e-06	9.008125e-10
2.34974812e-06	2.890276e-09
2.34976691e-06	7.886143e-10
2.34978571e-06	3.252275e-09
2.34980451e-06	3.939567e-09
2.34982331e-06	2.910046e-09
2.34984211e-06	6.487426e-10
2.34986090e-06	2.427108e-09
2.34987970e-06	3.588720e-09
2.34989850e-06	4.291383e-09
2.34991730e-06	6.114524e-09
2.34993610e-06	5.964273e-09
2.34995490e-06	6.378813e-09
2.34997370e-06	5.082083e-09
