2.30001633e-06	1.365918e-08
2.30003473e-06	1.318090e-08
2.30005313e-06	1.345660e-08
2.30007153e-06	1.287774e-08
2.30008993e-06	1.303486e-08
2.30010833e-06	1.377948e-08
2.30012673e-06	1.383883e-08
2.30014513e-06	1.374468e-08
2.30016353e-06	1.356631e-08
2.30018194e-06	1.368083e-08
2.30020034e-06	1.370671e-08
2.30021874e-06	1.390764e-08
2.30023714e-06	1.375898e-08
2.30025554e-06	1.348329e-08
2.30027395e-06	1.325085e-08
2.30029235e-06	1.292303e-08
2.30031075e-06	1.334997e-08
2.30032915e-06	1.364147e-08
2.30034756e-06	1.383709e-08
2.30036596e-06	1.337083e-08
2.30038436e-06	1.281604e-08
2.30040276e-06	1.310837e-08
2.30042117e-06	1.319392e-08
2.30043957e-06	1.340997e-08
2.30045797e-06	1.354327e-08
2.30047638e-06	1.301432e-08
2.30049478e-06	1.215185e-08
2.30051319e-06	1.230239e-08
2.30053159e-06	1.198822e-08
2.30054999e-06	1.263288e-08
2.30056840e-06	1.273954e-08
2.30058680e-06	1.301202e-08
2.30060521e-06	1.178085e-08
2.30062361e-06	1.246335e-08
2.30064202e-06	1.308804e-08
2.30066042e-06	1.321989e-08
2.30067883e-06	1.342488e-08
2.30069723e-06	1.347860e-08
2.30071564e-06	1.322261e-08
2.30073404e-06	1.173477e-08
2.30075245e-06	1.192125e-08
2.30077086e-06	1.323065e-08
2.30078926e-06	1.349237e-08
2.30080767e-06	1.345455e-08
2.30082608e-06	1.341850e-08
2.30084448e-06	1.342584e-08
2.30086289e-06	1.341549e-08
2.30088129e-06	1.343903e-08
2.30089970e-06	1.339326e-08
2.30091811e-06	1.355260e-08
2.30093652e-06	1.358972e-08
2.30095492e-06	1.357397e-08
2.30097333e-06	1.292334e-08
2.30099174e-06	1.301690e-08
2.30101015e-06	1.324466e-08
2.30102856e-06	1.298536e-08
2.30104696e-06	1.342124e-08
2.30106537e-06	1.334766e-08
2.30108378e-06	1.229002e-08
2.30110219e-06	1.188117e-08
2.30112060e-06	1.315358e-08
2.30113901e-06	1.360989e-08
2.30115742e-06	1.378550e-08
2.30117583e-06	1.368222e-08
2.30119423e-06	1.315755e-08
2.30121265e-06	1.290853e-08
2.30123105e-06	1.346464e-08
2.30124946e-06	1.350747e-08
2.30126787e-06	1.327283e-08
2.30128628e-06	1.214956e-08
2.30130469e-06	1.227514e-08
2.30132310e-06	1.257561e-08
2.30134152e-06	1.174937e-08
2.30135993e-06	1.235890e-08
2.30137834e-06	1.260554e-08
2.30139675e-06	1.172678e-08
2.30141516e-06	1.246568e-08
2.30143357e-06	1.374023e-08
2.30145198e-06	1.380071e-08
2.30147039e-06	1.324887e-08
2.30148881e-06	1.219062e-08
2.30150722e-06	1.197253e-08
2.30152563e-06	1.309788e-08
2.30154404e-06	1.353000e-08
2.30156245e-06	1.353023e-08
2.30158087e-06	1.329888e-08
2.30159928e-06	1.358148e-08
2.30161769e-06	1.365736e-08
2.30163611e-06	1.321583e-08
2.30165452e-06	1.307075e-08
2.30167293e-06	1.321395e-08
2.30169135e-06	1.353211e-08
2.30170976e-06	1.365752e-08
2.30172817e-06	1.377963e-08
2.30174659e-06	1.362824e-08
2.30176500e-06	1.334151e-08
2.30178341e-06	1.376665e-08
2.30180183e-06	1.365629e-08
2.30182024e-06	1.328202e-08
2.30183866e-06	1.355133e-08
2.30185707e-06	1.340960e-08
2.30187549e-06	1.309039e-08
2.30189390e-06	1.335426e-08
2.30191232e-06	1.372485e-08
2.30193073e-06	1.356120e-08
2.30194915e-06	1.352658e-08
2.30196756e-06	1.378662e-08
2.30198598e-06	1.369836e-08
2.30200440e-06	1.346254e-08
2.30202281e-06	1.284306e-08
2.30204123e-06	1.294007e-08
2.30205964e-06	1.331976e-08
2.30207806e-06	1.358266e-08
2.30209648e-06	1.312070e-08
2.30211489e-06	1.225413e-08
2.30213331e-06	1.257941e-08
2.30215173e-06	1.269455e-08
2.30217014e-06	1.356581e-08
2.30218856e-06	1.367221e-08
2.30220698e-06	1.369056e-08
2.30222540e-06	1.353049e-08
2.30224381e-06	1.352617e-08
2.30226223e-06	1.295466e-08
2.30228065e-06	1.278661e-08
2.30229907e-06	1.332047e-08
2.30231749e-06	1.346258e-08
2.30233591e-06	1.360945e-08
2.30235433e-06	1.376100e-08
2.30237274e-06	1.378922e-08
2.30239116e-06	1.382416e-08
2.30240958e-06	1.358433e-08
2.30242800e-06	1.343734e-08
2.30244642e-06	1.360150e-08
2.30246484e-06	1.368212e-08
2.30248326e-06	1.369622e-08
2.30250168e-06	1.360113e-08
2.30252010e-06	1.348343e-08
2.30253852e-06	1.326322e-08
2.30255694e-06	1.352735e-08
2.30257536e-06	1.373727e-08
2.30259378e-06	1.369090e-08
2.30261220e-06	1.359450e-08
2.30263062e-06	1.353843e-08
2.30264904e-06	1.349396e-08
2.30266747e-06	1.353611e-08
2.30268589e-06	1.382777e-08
2.30270431e-06	1.366737e-08
2.30272273e-06	1.344497e-08
2.30274115e-06	1.318956e-08
2.30275957e-06	1.180596e-08
2.30277800e-06	1.208204e-08
2.30279642e-06	1.287634e-08
2.30281484e-06	1.275013e-08
2.30283326e-06	1.337534e-08
2.30285168e-06	1.343049e-08
2.30287011e-06	1.368174e-08
2.30288853e-06	1.363463e-08
2.30290695e-06	1.328491e-08
2.30292538e-06	1.314197e-08
2.30294380e-06	1.334602e-08
2.30296222e-06	1.190578e-08
2.30298065e-06	1.272873e-08
2.30299907e-06	1.171767e-08
2.30301750e-06	1.229812e-08
2.30303592e-06	1.257296e-08
2.30305434e-06	1.345245e-08
2.30307277e-06	1.355728e-08
2.30309119e-06	1.355297e-08
2.30310962e-06	1.337365e-08
2.30312804e-06	1.290851e-08
2.30314647e-06	1.353219e-08
2.30316489e-06	1.369670e-08
2.30318332e-06	1.344401e-08
2.30320174e-06	1.270042e-08
2.30322017e-06	1.308066e-08
2.30323860e-06	1.383552e-08
2.30325702e-06	1.378146e-08
2.30327545e-06	1.354239e-08
2.30329387e-06	1.320507e-08
2.30331230e-06	1.241638e-08
2.30333073e-06	1.212188e-08
2.30334915e-06	1.224365e-08
2.30336758e-06	1.291551e-08
2.30338601e-06	1.374096e-08
2.30340443e-06	1.383413e-08
2.30342286e-06	1.399222e-08
2.30344129e-06	1.386477e-08
2.30345972e-06	1.364722e-08
2.30347814e-06	1.363215e-08
2.30349657e-06	1.372434e-08
2.30351500e-06	1.377064e-08
2.30353343e-06	1.346085e-08
2.30355186e-06	1.327500e-08
2.30357028e-06	1.298799e-08
2.30358871e-06	1.244296e-08
2.30360714e-06	1.247762e-08
2.30362557e-06	1.307793e-08
2.30364400e-06	1.339512e-08
2.30366243e-06	1.373243e-08
2.30368086e-06	1.363364e-08
2.30369929e-06	1.359383e-08
2.30371772e-06	1.340127e-08
2.30373615e-06	1.277266e-08
2.30375458e-06	1.266207e-08
2.30377301e-06	1.251659e-08
2.30379144e-06	1.286712e-08
2.30380987e-06	1.243968e-08
2.30382830e-06	1.247418e-08
2.30384673e-06	1.249937e-08
2.30386516e-06	1.257035e-08
2.30388359e-06	1.216473e-08
2.30390202e-06	1.216357e-08
2.30392045e-06	1.219293e-08
2.30393888e-06	1.305480e-08
2.30395731e-06	1.284605e-08
2.30397575e-06	1.317887e-08
2.30399418e-06	1.362270e-08
2.30401261e-06	1.359647e-08
2.30403104e-06	1.377395e-08
2.30404947e-06	1.365768e-08
2.30406791e-06	1.347906e-08
2.30408634e-06	1.345253e-08
2.30410477e-06	1.353986e-08
2.30412321e-06	1.378563e-08
2.30414164e-06	1.383849e-08
2.30416007e-06	1.368210e-08
2.30417850e-06	1.359785e-08
2.30419694e-06	1.354722e-08
2.30421537e-06	1.335511e-08
2.30423381e-06	1.335440e-08
2.30425224e-06	1.366969e-08
2.30427067e-06	1.348247e-08
2.30428911e-06	1.350021e-08
2.30430754e-06	1.355708e-08
2.30432598e-06	1.327223e-08
2.30434441e-06	1.344857e-08
2.30436285e-06	1.374794e-08
2.30438128e-06	1.399648e-08
2.30439971e-06	1.389963e-08
2.30441815e-06	1.388217e-08
2.30443659e-06	1.384716e-08
2.30445502e-06	1.351027e-08
2.30447346e-06	1.360921e-08
2.30449189e-06	1.362845e-08
2.30451033e-06	1.359607e-08
2.30452877e-06	1.361299e-08
2.30454720e-06	1.380414e-08
2.30456564e-06	1.366027e-08
2.30458407e-06	1.368849e-08
2.30460251e-06	1.369909e-08
2.30462095e-06	1.346042e-08
2.30463938e-06	1.323431e-08
2.30465782e-06	1.347714e-08
2.30467626e-06	1.376339e-08
2.30469470e-06	1.352075e-08
2.30471313e-06	1.320028e-08
2.30473157e-06	1.241885e-08
2.30475001e-06	1.271939e-08
2.30476845e-06	1.335240e-08
2.30478688e-06	1.185460e-08
2.30480532e-06	1.272525e-08
2.30482376e-06	1.202910e-08
2.30484220e-06	1.337999e-08
2.30486064e-06	1.263994e-08
2.30487908e-06	1.264794e-08
2.30489752e-06	1.334906e-08
2.30491596e-06	1.324357e-08
2.30493440e-06	1.210107e-08
2.30495284e-06	1.267450e-08
2.30497128e-06	1.278569e-08
2.30498972e-06	1.228370e-08
2.30500815e-06	1.268921e-08
2.30502660e-06	1.353762e-08
2.30504504e-06	1.319322e-08
2.30506347e-06	1.317869e-08
2.30508192e-06	1.313636e-08
2.30510036e-06	1.323116e-08
2.30511880e-06	1.340741e-08
2.30513724e-06	1.354386e-08
2.30515568e-06	1.331654e-08
2.30517412e-06	1.340204e-08
2.30519256e-06	1.354384e-08
2.30521100e-06	1.321609e-08
2.30522944e-06	1.337092e-08
2.30524789e-06	1.349745e-08
2.30526633e-06	1.343800e-08
2.30528477e-06	1.351030e-08
2.30530321e-06	1.362238e-08
2.30532166e-06	1.327456e-08
2.30534010e-06	1.334002e-08
2.30535854e-06	1.342392e-08
2.30537698e-06	1.345871e-08
2.30539543e-06	1.308766e-08
2.30541387e-06	1.174529e-08
2.30543231e-06	1.260483e-08
2.30545076e-06	1.329721e-08
2.30546920e-06	1.280453e-08
2.30548764e-06	1.181764e-08
2.30550609e-06	1.283445e-08
2.30552453e-06	1.360550e-08
2.30554298e-06	1.377408e-08
2.30556142e-06	1.368117e-08
2.30557987e-06	1.351756e-08
2.30559831e-06	1.358145e-08
2.30561675e-06	1.348640e-08
2.30563520e-06	1.204735e-08
2.30565365e-06	1.164425e-08
2.30567209e-06	1.284279e-08
2.30569054e-06	1.326550e-08
2.30570898e-06	1.350606e-08
2.30572743e-06	1.307226e-08
2.30574587e-06	1.301666e-08
2.30576432e-06	1.216038e-08
2.30578276e-06	1.259615e-08
2.30580121e-06	1.257829e-08
2.30581966e-06	1.357319e-08
2.30583810e-06	1.367691e-08
2.30585655e-06	1.304852e-08
2.30587500e-06	1.211280e-08
2.30589344e-06	1.227450e-08
2.30591189e-06	1.306314e-08
2.30593034e-06	1.336757e-08
2.30594879e-06	1.305244e-08
2.30596723e-06	1.311930e-08
2.30598568e-06	1.305914e-08
2.30600413e-06	1.343503e-08
2.30602258e-06	1.364997e-08
2.30604102e-06	1.376332e-08
2.30605947e-06	1.381891e-08
2.30607792e-06	1.371555e-08
2.30609637e-06	1.362953e-08
2.30611482e-06	1.353508e-08
2.30613327e-06	1.303064e-08
2.30615172e-06	1.300345e-08
2.30617017e-06	1.337275e-08
2.30618862e-06	1.296694e-08
2.30620707e-06	1.281497e-08
2.30622551e-06	1.313197e-08
2.30624396e-06	1.355198e-08
2.30626241e-06	1.353861e-08
2.30628087e-06	1.351166e-08
2.30629932e-06	1.365175e-08
2.30631777e-06	1.385374e-08
2.30633622e-06	1.368281e-08
2.30635467e-06	1.347198e-08
2.30637312e-06	1.357461e-08
2.30639157e-06	1.350277e-08
2.30641002e-06	1.331387e-08
2.30642847e-06	1.366338e-08
2.30644692e-06	1.329033e-08
2.30646537e-06	1.305629e-08
2.30648383e-06	1.302515e-08
2.30650228e-06	1.287654e-08
2.30652073e-06	1.292650e-08
2.30653918e-06	1.251431e-08
2.30655763e-06	1.284886e-08
2.30657609e-06	1.322967e-08
2.30659454e-06	1.349419e-08
2.30661299e-06	1.358061e-08
2.30663144e-06	1.302324e-08
2.30664990e-06	1.241759e-08
2.30666835e-06	1.166781e-08
2.30668681e-06	1.275941e-08
2.30670526e-06	1.312077e-08
2.30672371e-06	1.302394e-08
2.30674217e-06	1.345487e-08
2.30676062e-06	1.250091e-08
2.30677907e-06	1.240367e-08
2.30679753e-06	1.244977e-08
2.30681598e-06	1.303156e-08
2.30683444e-06	1.306449e-08
2.30685289e-06	1.248892e-08
2.30687135e-06	1.328790e-08
2.30688980e-06	1.348895e-08
2.30690826e-06	1.293723e-08
2.30692671e-06	1.231306e-08
2.30694517e-06	1.318483e-08
2.30696362e-06	1.339907e-08
2.30698208e-06	1.361189e-08
2.30700053e-06	1.375790e-08
2.30701899e-06	1.378545e-08
2.30703745e-06	1.359792e-08
2.30705590e-06	1.337220e-08
2.30707436e-06	1.369391e-08
2.30709282e-06	1.369348e-08
2.30711127e-06	1.375517e-08
2.30712973e-06	1.379926e-08
2.30714819e-06	1.380299e-08
2.30716664e-06	1.378319e-08
2.30718510e-06	1.379870e-08
2.30720356e-06	1.378497e-08
2.30722202e-06	1.355406e-08
2.30724047e-06	1.323621e-08
2.30725893e-06	1.337543e-08
2.30727739e-06	1.360918e-08
2.30729585e-06	1.288823e-08
2.30731431e-06	1.264861e-08
2.30733277e-06	1.348007e-08
2.30735122e-06	1.369139e-08
2.30736968e-06	1.355614e-08
2.30738814e-06	1.297069e-08
2.30740660e-06	1.305554e-08
2.30742506e-06	1.359016e-08
2.30744352e-06	1.381099e-08
2.30746198e-06	1.376882e-08
2.30748044e-06	1.342796e-08
2.30749890e-06	1.326141e-08
2.30751736e-06	1.259412e-08
2.30753582e-06	1.308360e-08
2.30755428e-06	1.346072e-08
2.30757274e-06	1.341040e-08
2.30759120e-06	1.323613e-08
2.30760966e-06	1.265811e-08
2.30762812e-06	1.173532e-08
2.30764658e-06	1.149375e-08
2.30766504e-06	1.240254e-08
2.30768351e-06	1.290912e-08
2.30770197e-06	1.352276e-08
2.30772043e-06	1.384277e-08
2.30773889e-06	1.380866e-08
2.30775735e-06	1.379766e-08
2.30777581e-06	1.371078e-08
2.30779428e-06	1.297626e-08
2.30781274e-06	1.258220e-08
2.30783120e-06	1.234312e-08
2.30784966e-06	1.247077e-08
2.30786813e-06	1.294509e-08
2.30788659e-06	1.350901e-08
2.30790505e-06	1.371510e-08
2.30792352e-06	1.363036e-08
2.30794198e-06	1.344364e-08
2.30796044e-06	1.367202e-08
2.30797891e-06	1.368450e-08
2.30799737e-06	1.353111e-08
2.30801583e-06	1.257442e-08
2.30803430e-06	1.304872e-08
2.30805276e-06	1.263574e-08
2.30807123e-06	1.316195e-08
2.30808969e-06	1.357023e-08
2.30810816e-06	1.350746e-08
2.30812662e-06	1.345177e-08
2.30814509e-06	1.365868e-08
2.30816355e-06	1.380528e-08
2.30818202e-06	1.369289e-08
2.30820048e-06	1.331706e-08
2.30821895e-06	1.344585e-08
2.30823741e-06	1.360837e-08
2.30825588e-06	1.369044e-08
2.30827434e-06	1.324193e-08
2.30829281e-06	1.286464e-08
2.30831128e-06	1.341137e-08
2.30832974e-06	1.358601e-08
2.30834821e-06	1.351171e-08
2.30836668e-06	1.338955e-08
2.30838514e-06	1.335567e-08
2.30840361e-06	1.357887e-08
2.30842208e-06	1.369884e-08
2.30844055e-06	1.375398e-08
2.30845901e-06	1.360535e-08
2.30847748e-06	1.333781e-08
2.30849595e-06	1.304869e-08
2.30851442e-06	1.271631e-08
2.30853288e-06	1.318869e-08
2.30855135e-06	1.351711e-08
2.30856982e-06	1.350905e-08
2.30858829e-06	1.350309e-08
2.30860676e-06	1.365401e-08
2.30862523e-06	1.380012e-08
2.30864370e-06	1.360990e-08
2.30866217e-06	1.364102e-08
2.30868063e-06	1.381319e-08
2.30869911e-06	1.358635e-08
2.30871757e-06	1.340112e-08
2.30873604e-06	1.325267e-08
2.30875451e-06	1.333632e-08
2.30877298e-06	1.368753e-08
2.30879145e-06	1.342046e-08
2.30880992e-06	1.282462e-08
2.30882840e-06	1.298426e-08
2.30884687e-06	1.359827e-08
2.30886534e-06	1.366843e-08
2.30888381e-06	1.324900e-08
2.30890228e-06	1.264214e-08
2.30892075e-06	1.198450e-08
2.30893922e-06	1.264164e-08
2.30895769e-06	1.228201e-08
2.30897616e-06	1.291689e-08
2.30899464e-06	1.223196e-08
2.30901311e-06	1.284342e-08
2.30903158e-06	1.348324e-08
2.30905005e-06	1.341170e-08
2.30906852e-06	1.317685e-08
2.30908700e-06	1.245478e-08
2.30910547e-06	1.241545e-08
2.30912394e-06	1.288819e-08
2.30914242e-06	1.308703e-08
2.30916089e-06	1.253126e-08
2.30917936e-06	1.330788e-08
2.30919784e-06	1.268369e-08
2.30921631e-06	1.276743e-08
2.30923478e-06	1.328135e-08
2.30925326e-06	1.353592e-08
2.30927173e-06	1.368869e-08
2.30929021e-06	1.358357e-08
2.30930868e-06	1.375517e-08
2.30932715e-06	1.358699e-08
2.30934563e-06	1.327586e-08
2.30936410e-06	1.225420e-08
2.30938258e-06	1.292842e-08
2.30940105e-06	1.362867e-08
2.30941953e-06	1.338845e-08
2.30943800e-06	1.321939e-08
2.30945648e-06	1.295599e-08
2.30947495e-06	1.277108e-08
2.30949343e-06	1.327826e-08
2.30951191e-06	1.324039e-08
2.30953038e-06	1.298454e-08
2.30954886e-06	1.320049e-08
2.30956733e-06	1.351567e-08
2.30958581e-06	1.359805e-08
2.30960429e-06	1.349395e-08
2.30962277e-06	1.351918e-08
2.30964124e-06	1.353732e-08
2.30965972e-06	1.220148e-08
2.30967820e-06	1.154456e-08
2.30969667e-06	1.241354e-08
2.30971515e-06	1.357009e-08
2.30973363e-06	1.378331e-08
2.30975211e-06	1.313300e-08
2.30977059e-06	1.175340e-08
2.30978906e-06	1.220958e-08
2.30980754e-06	1.259547e-08
2.30982602e-06	1.255515e-08
2.30984450e-06	1.211245e-08
2.30986298e-06	1.340897e-08
2.30988146e-06	1.355688e-08
2.30989994e-06	1.333496e-08
2.30991842e-06	1.320860e-08
2.30993689e-06	1.262653e-08
2.30995537e-06	1.309333e-08
2.30997385e-06	1.355577e-08
2.30999233e-06	1.316806e-08
2.31001081e-06	1.291781e-08
2.31002929e-06	1.346229e-08
2.31004777e-06	1.194349e-08
2.31006625e-06	1.271766e-08
2.31008473e-06	1.167894e-08
2.31010321e-06	1.326865e-08
2.31012170e-06	1.316626e-08
2.31014018e-06	1.243874e-08
2.31015866e-06	1.300059e-08
2.31017714e-06	1.358781e-08
2.31019562e-06	1.371865e-08
2.31021410e-06	1.330467e-08
2.31023258e-06	1.339715e-08
2.31025107e-06	1.380645e-08
2.31026955e-06	1.389466e-08
2.31028803e-06	1.375567e-08
2.31030651e-06	1.372463e-08
2.31032499e-06	1.340785e-08
2.31034348e-06	1.260674e-08
2.31036196e-06	1.312872e-08
2.31038044e-06	1.253710e-08
2.31039893e-06	1.230555e-08
2.31041741e-06	1.292969e-08
2.31043589e-06	1.335275e-08
2.31045438e-06	1.282241e-08
2.31047286e-06	1.263096e-08
2.31049134e-06	1.290600e-08
2.31050983e-06	1.232117e-08
2.31052831e-06	1.311669e-08
2.31054680e-06	1.350490e-08
2.31056528e-06	1.339679e-08
2.31058377e-06	1.290788e-08
2.31060225e-06	1.334853e-08
2.31062073e-06	1.385296e-08
2.31063922e-06	1.365025e-08
2.31065770e-06	1.331723e-08
2.31067619e-06	1.361212e-08
2.31069467e-06	1.344867e-08
2.31071316e-06	1.327260e-08
2.31073165e-06	1.305024e-08
2.31075013e-06	1.319068e-08
2.31076862e-06	1.319741e-08
2.31078710e-06	1.330084e-08
2.31080559e-06	1.298038e-08
2.31082408e-06	1.329597e-08
2.31084256e-06	1.349671e-08
2.31086105e-06	1.341065e-08
2.31087954e-06	1.343787e-08
2.31089802e-06	1.299757e-08
2.31091651e-06	1.264351e-08
2.31093500e-06	1.300865e-08
2.31095349e-06	1.321138e-08
2.31097197e-06	1.233003e-08
2.31099046e-06	1.239179e-08
2.31100895e-06	1.293232e-08
2.31102744e-06	1.310001e-08
2.31104593e-06	1.361002e-08
2.31106441e-06	1.377444e-08
2.31108290e-06	1.339667e-08
2.31110139e-06	1.343392e-08
2.31111988e-06	1.367384e-08
2.31113837e-06	1.378467e-08
2.31115686e-06	1.363785e-08
2.31117535e-06	1.243385e-08
2.31119384e-06	1.151509e-08
2.31121233e-06	1.180031e-08
2.31123082e-06	1.229869e-08
2.31124931e-06	1.243978e-08
2.31126780e-06	1.285300e-08
2.31128629e-06	1.302232e-08
2.31130478e-06	1.288328e-08
2.31132327e-06	1.255335e-08
2.31134176e-06	1.248375e-08
2.31136025e-06	1.303554e-08
2.31137874e-06	1.342068e-08
2.31139723e-06	1.357566e-08
2.31141572e-06	1.328352e-08
2.31143421e-06	1.309453e-08
2.31145270e-06	1.313082e-08
2.31147120e-06	1.229219e-08
2.31148969e-06	1.298505e-08
2.31150818e-06	1.330567e-08
2.31152667e-06	1.287381e-08
2.31154516e-06	1.268889e-08
2.31156366e-06	1.164555e-08
2.31158215e-06	1.282768e-08
2.31160064e-06	1.373065e-08
2.31161913e-06	1.312517e-08
2.31163763e-06	1.225829e-08
2.31165612e-06	1.193956e-08
2.31167461e-06	1.263853e-08
2.31169311e-06	1.335457e-08
2.31171160e-06	1.355832e-08
2.31173009e-06	1.311185e-08
2.31174859e-06	1.308913e-08
2.31176708e-06	1.339953e-08
2.31178558e-06	1.299655e-08
2.31180407e-06	1.337141e-08
2.31182257e-06	1.338139e-08
2.31184106e-06	1.296093e-08
2.31185955e-06	1.308955e-08
2.31187805e-06	1.360887e-08
2.31189654e-06	1.287140e-08
2.31191504e-06	1.263903e-08
2.31193353e-06	1.325842e-08
2.31195203e-06	1.289781e-08
2.31197052e-06	1.330044e-08
2.31198902e-06	1.362221e-08
2.31200752e-06	1.342180e-08
2.31202601e-06	1.310186e-08
2.31204451e-06	1.219418e-08
2.31206301e-06	1.261794e-08
2.31208150e-06	1.296799e-08
2.31210000e-06	1.347795e-08
2.31211850e-06	1.357508e-08
2.31213699e-06	1.329802e-08
2.31215549e-06	1.350094e-08
2.31217399e-06	1.346441e-08
2.31219248e-06	1.313142e-08
2.31221098e-06	1.291188e-08
2.31222948e-06	1.301300e-08
2.31224798e-06	1.321710e-08
2.31226648e-06	1.325493e-08
2.31228497e-06	1.293158e-08
2.31230347e-06	1.272816e-08
2.31232197e-06	1.358370e-08
2.31234047e-06	1.335925e-08
2.31235897e-06	1.298622e-08
2.31237747e-06	1.271631e-08
2.31239596e-06	1.290938e-08
2.31241446e-06	1.336438e-08
2.31243296e-06	1.216354e-08
2.31245146e-06	1.268421e-08
2.31246996e-06	1.179613e-08
2.31248846e-06	1.307718e-08
2.31250696e-06	1.334894e-08
2.31252546e-06	1.344852e-08
2.31254396e-06	1.285618e-08
2.31256246e-06	1.327604e-08
2.31258096e-06	1.307011e-08
2.31259946e-06	1.279353e-08
2.31261796e-06	1.353379e-08
2.31263647e-06	1.352149e-08
2.31265497e-06	1.350098e-08
2.31267347e-06	1.375902e-08
2.31269197e-06	1.364958e-08
2.31271047e-06	1.313348e-08
2.31272897e-06	1.331008e-08
2.31274748e-06	1.323706e-08
2.31276598e-06	1.326405e-08
2.31278448e-06	1.370152e-08
2.31280298e-06	1.358941e-08
2.31282148e-06	1.351917e-08
2.31283999e-06	1.258080e-08
2.31285849e-06	1.272924e-08
2.31287699e-06	1.327567e-08
2.31289550e-06	1.345732e-08
2.31291400e-06	1.310542e-08
2.31293250e-06	1.300990e-08
2.31295100e-06	1.329393e-08
2.31296951e-06	1.292656e-08
2.31298801e-06	1.360456e-08
2.31300652e-06	1.341477e-08
2.31302502e-06	1.311038e-08
2.31304352e-06	1.319113e-08
2.31306203e-06	1.296055e-08
2.31308053e-06	1.289040e-08
2.31309904e-06	1.262682e-08
2.31311754e-06	1.248895e-08
2.31313605e-06	1.264401e-08
2.31315455e-06	1.308882e-08
2.31317306e-06	1.262079e-08
2.31319156e-06	1.303377e-08
2.31321007e-06	1.319838e-08
2.31322857e-06	1.239862e-08
2.31324708e-06	1.211383e-08
2.31326559e-06	1.346876e-08
2.31328409e-06	1.351403e-08
2.31330260e-06	1.334552e-08
2.31332111e-06	1.361246e-08
2.31333961e-06	1.380069e-08
2.31335812e-06	1.346186e-08
2.31337662e-06	1.329294e-08
2.31339513e-06	1.308966e-08
2.31341364e-06	1.310487e-08
2.31343215e-06	1.367281e-08
2.31345065e-06	1.382895e-08
2.31346916e-06	1.353199e-08
2.31348767e-06	1.350051e-08
2.31350618e-06	1.360026e-08
2.31352469e-06	1.354870e-08
2.31354319e-06	1.363893e-08
2.31356170e-06	1.351443e-08
2.31358021e-06	1.347605e-08
2.31359872e-06	1.262850e-08
2.31361723e-06	1.272927e-08
2.31363574e-06	1.339465e-08
2.31365425e-06	1.332725e-08
2.31367275e-06	1.306678e-08
2.31369127e-06	1.174774e-08
2.31370977e-06	1.266815e-08
2.31372828e-06	1.202239e-08
2.31374679e-06	1.355492e-08
2.31376530e-06	1.318143e-08
2.31378381e-06	1.299189e-08
2.31380232e-06	1.332092e-08
2.31382083e-06	1.243766e-08
2.31383935e-06	1.240416e-08
2.31385786e-06	1.304301e-08
2.31387637e-06	1.332823e-08
2.31389488e-06	1.312581e-08
2.31391339e-06	1.336962e-08
2.31393190e-06	1.344137e-08
2.31395041e-06	1.294047e-08
2.31396892e-06	1.313617e-08
2.31398744e-06	1.323670e-08
2.31400595e-06	1.269474e-08
2.31402446e-06	1.308712e-08
2.31404297e-06	1.164504e-08
2.31406148e-06	1.162467e-08
2.31408000e-06	1.301493e-08
2.31409851e-06	1.359807e-08
2.31411702e-06	1.350182e-08
2.31413553e-06	1.361037e-08
2.31415405e-06	1.307292e-08
2.31417256e-06	1.352771e-08
2.31419107e-06	1.346556e-08
2.31420959e-06	1.366903e-08
2.31422810e-06	1.358774e-08
2.31424662e-06	1.318527e-08
2.31426513e-06	1.331721e-08
2.31428364e-06	1.352779e-08
2.31430216e-06	1.376910e-08
2.31432067e-06	1.327305e-08
2.31433919e-06	1.328136e-08
2.31435770e-06	1.337246e-08
2.31437622e-06	1.299133e-08
2.31439473e-06	1.274016e-08
2.31441325e-06	1.318574e-08
2.31443176e-06	1.297473e-08
2.31445028e-06	1.327578e-08
2.31446879e-06	1.297869e-08
2.31448731e-06	1.309269e-08
2.31450582e-06	1.334785e-08
2.31452434e-06	1.298075e-08
2.31454286e-06	1.226425e-08
2.31456137e-06	1.308968e-08
2.31457989e-06	1.362409e-08
2.31459841e-06	1.360186e-08
2.31461692e-06	1.360595e-08
2.31463544e-06	1.382477e-08
2.31465396e-06	1.337671e-08
2.31467247e-06	1.164953e-08
2.31469099e-06	1.150749e-08
2.31470951e-06	1.244219e-08
2.31472803e-06	1.241384e-08
2.31474654e-06	1.200204e-08
2.31476506e-06	1.285425e-08
2.31478358e-06	1.339377e-08
2.31480210e-06	1.245198e-08
2.31482062e-06	1.240919e-08
2.31483913e-06	1.346403e-08
2.31485765e-06	1.276305e-08
2.31487617e-06	1.205406e-08
2.31489469e-06	1.318185e-08
2.31491321e-06	1.298669e-08
2.31493173e-06	1.305078e-08
2.31495025e-06	1.303375e-08
2.31496877e-06	1.179744e-08
2.31498729e-06	1.174411e-08
2.31500581e-06	1.264465e-08
2.31502433e-06	1.217660e-08
2.31504285e-06	1.340160e-08
2.31506137e-06	1.278111e-08
2.31507989e-06	1.297884e-08
2.31509841e-06	1.339843e-08
2.31511693e-06	1.285838e-08
2.31513545e-06	1.296897e-08
2.31515397e-06	1.344351e-08
2.31517250e-06	1.347735e-08
2.31519102e-06	1.372311e-08
2.31520954e-06	1.357503e-08
2.31522806e-06	1.327268e-08
2.31524658e-06	1.330117e-08
2.31526510e-06	1.356782e-08
2.31528362e-06	1.292745e-08
2.31530215e-06	1.168651e-08
2.31532067e-06	1.225662e-08
2.31533919e-06	1.320136e-08
2.31535771e-06	1.361932e-08
2.31537624e-06	1.370406e-08
2.31539476e-06	1.375278e-08
2.31541328e-06	1.336290e-08
2.31543181e-06	1.289508e-08
2.31545033e-06	1.311922e-08
2.31546885e-06	1.343214e-08
2.31548738e-06	1.331887e-08
2.31550590e-06	1.335528e-08
2.31552443e-06	1.294454e-08
2.31554295e-06	1.335490e-08
2.31556148e-06	1.344380e-08
2.31558000e-06	1.383422e-08
2.31559852e-06	1.332159e-08
2.31561705e-06	1.332333e-08
2.31563557e-06	1.372008e-08
2.31565410e-06	1.377254e-08
2.31567262e-06	1.369344e-08
2.31569115e-06	1.302783e-08
2.31570967e-06	1.285592e-08
2.31572820e-06	1.312167e-08
2.31574673e-06	1.307672e-08
2.31576525e-06	1.279710e-08
2.31578378e-06	1.286283e-08
2.31580231e-06	1.325076e-08
2.31582083e-06	1.311258e-08
2.31583936e-06	1.347114e-08
2.31585788e-06	1.281566e-08
2.31587641e-06	1.217571e-08
2.31589494e-06	1.336356e-08
2.31591347e-06	1.375155e-08
2.31593199e-06	1.374629e-08
2.31595052e-06	1.342716e-08
2.31596905e-06	1.311459e-08
2.31598758e-06	1.324775e-08
2.31600610e-06	1.294270e-08
2.31602463e-06	1.341483e-08
2.31604316e-06	1.378700e-08
2.31606169e-06	1.385762e-08
2.31608022e-06	1.347988e-08
2.31609875e-06	1.323304e-08
2.31611727e-06	1.293032e-08
2.31613580e-06	1.271322e-08
2.31615433e-06	1.268937e-08
2.31617286e-06	1.253856e-08
2.31619139e-06	1.336843e-08
2.31620992e-06	1.342864e-08
2.31622845e-06	1.303209e-08
2.31624698e-06	1.196310e-08
2.31626551e-06	1.211839e-08
2.31628404e-06	1.225477e-08
2.31630257e-06	1.251566e-08
2.31632110e-06	1.176041e-08
2.31633963e-06	1.267263e-08
2.31635816e-06	1.201440e-08
2.31637669e-06	1.317565e-08
2.31639522e-06	1.299465e-08
2.31641375e-06	1.211034e-08
2.31643229e-06	1.193272e-08
2.31645082e-06	1.286722e-08
2.31646935e-06	1.284148e-08
2.31648788e-06	1.327488e-08
2.31650641e-06	1.343805e-08
2.31652494e-06	1.347882e-08
2.31654348e-06	1.353358e-08
2.31656201e-06	1.246349e-08
2.31658054e-06	1.249450e-08
2.31659908e-06	1.310583e-08
2.31661761e-06	1.259370e-08
2.31663614e-06	1.284381e-08
2.31665467e-06	1.323931e-08
2.31667321e-06	1.324938e-08
2.31669174e-06	1.288084e-08
2.31671027e-06	1.339814e-08
2.31672881e-06	1.354083e-08
2.31674734e-06	1.355062e-08
2.31676587e-06	1.296021e-08
2.31678441e-06	1.346845e-08
2.31680294e-06	1.378769e-08
2.31682148e-06	1.312982e-08
2.31684001e-06	1.214664e-08
2.31685855e-06	1.307438e-08
2.31687708e-06	1.343451e-08
2.31689562e-06	1.341815e-08
2.31691415e-06	1.355063e-08
2.31693269e-06	1.297397e-08
2.31695122e-06	1.360166e-08
2.31696976e-06	1.374183e-08
2.31698830e-06	1.307041e-08
2.31700683e-06	1.271079e-08
2.31702537e-06	1.278221e-08
2.31704390e-06	1.218405e-08
2.31706244e-06	1.292274e-08
2.31708098e-06	1.342076e-08
2.31709951e-06	1.372557e-08
2.31711805e-06	1.363739e-08
2.31713659e-06	1.344387e-08
2.31715512e-06	1.225068e-08
2.31717366e-06	1.241704e-08
2.31719220e-06	1.343187e-08
2.31721073e-06	1.355619e-08
2.31722927e-06	1.344757e-08
2.31724781e-06	1.356318e-08
2.31726635e-06	1.367942e-08
2.31728489e-06	1.352861e-08
2.31730342e-06	1.353496e-08
2.31732196e-06	1.334165e-08
2.31734050e-06	1.331907e-08
2.31735904e-06	1.360556e-08
2.31737758e-06	1.361847e-08
2.31739612e-06	1.330862e-08
2.31741466e-06	1.322400e-08
2.31743320e-06	1.325647e-08
2.31745174e-06	1.235022e-08
2.31747028e-06	1.306217e-08
2.31748882e-06	1.267476e-08
2.31750736e-06	1.209710e-08
2.31752590e-06	1.291303e-08
2.31754444e-06	1.333409e-08
2.31756298e-06	1.351759e-08
2.31758152e-06	1.311697e-08
2.31760006e-06	1.147301e-08
2.31761860e-06	1.146700e-08
2.31763714e-06	1.306162e-08
2.31765568e-06	1.355497e-08
2.31767422e-06	1.330473e-08
2.31769276e-06	1.211830e-08
2.31771131e-06	1.258179e-08
2.31772985e-06	1.172074e-08
2.31774839e-06	1.273286e-08
2.31776693e-06	1.314305e-08
2.31778547e-06	1.209360e-08
2.31780401e-06	1.283082e-08
2.31782256e-06	1.342824e-08
2.31784110e-06	1.366546e-08
2.31785964e-06	1.366804e-08
2.31787819e-06	1.285028e-08
2.31789673e-06	1.264225e-08
2.31791527e-06	1.357258e-08
2.31793381e-06	1.356012e-08
2.31795236e-06	1.321757e-08
2.31797090e-06	1.342153e-08
2.31798945e-06	1.358011e-08
2.31800799e-06	1.270170e-08
2.31802653e-06	1.248437e-08
2.31804508e-06	1.320620e-08
2.31806362e-06	1.324200e-08
2.31808217e-06	1.316648e-08
2.31810071e-06	1.287676e-08
2.31811926e-06	1.351458e-08
2.31813780e-06	1.330289e-08
2.31815635e-06	1.238943e-08
2.31817489e-06	1.269093e-08
2.31819344e-06	1.369938e-08
2.31821198e-06	1.362375e-08
2.31823053e-06	1.307545e-08
2.31824907e-06	1.298230e-08
2.31826762e-06	1.213329e-08
2.31828617e-06	1.283514e-08
2.31830471e-06	1.355755e-08
2.31832326e-06	1.379943e-08
2.31834181e-06	1.359666e-08
2.31836035e-06	1.342164e-08
2.31837890e-06	1.327375e-08
2.31839745e-06	1.335946e-08
2.31841599e-06	1.370978e-08
2.31843454e-06	1.378053e-08
2.31845309e-06	1.322572e-08
2.31847164e-06	1.247710e-08
2.31849018e-06	1.188966e-08
2.31850873e-06	1.268255e-08
2.31852728e-06	1.319030e-08
2.31854583e-06	1.350274e-08
2.31856438e-06	1.360859e-08
2.31858292e-06	1.348203e-08
2.31860147e-06	1.324357e-08
2.31862002e-06	1.327556e-08
2.31863857e-06	1.300982e-08
2.31865712e-06	1.346214e-08
2.31867567e-06	1.338501e-08
2.31869422e-06	1.320434e-08
2.31871277e-06	1.327514e-08
2.31873132e-06	1.341228e-08
2.31874987e-06	1.342316e-08
2.31876842e-06	1.362388e-08
2.31878697e-06	1.376539e-08
2.31880552e-06	1.372002e-08
2.31882407e-06	1.342979e-08
2.31884262e-06	1.345770e-08
2.31886117e-06	1.306905e-08
2.31887972e-06	1.281392e-08
2.31889827e-06	1.305938e-08
2.31891682e-06	1.332251e-08
2.31893538e-06	1.323717e-08
2.31895393e-06	1.333955e-08
2.31897248e-06	1.347349e-08
2.31899103e-06	1.320255e-08
2.31900958e-06	1.317574e-08
2.31902813e-06	1.307688e-08
2.31904669e-06	1.323320e-08
2.31906524e-06	1.277868e-08
2.31908379e-06	1.325080e-08
2.31910234e-06	1.286448e-08
2.31912090e-06	1.222492e-08
2.31913945e-06	1.231163e-08
2.31915800e-06	1.306595e-08
2.31917656e-06	1.347530e-08
2.31919511e-06	1.365191e-08
2.31921366e-06	1.364273e-08
2.31923222e-06	1.351297e-08
2.31925077e-06	1.322521e-08
2.31926932e-06	1.333133e-08
2.31928788e-06	1.335176e-08
2.31930643e-06	1.319870e-08
2.31932499e-06	1.320601e-08
2.31934354e-06	1.293755e-08
2.31936210e-06	1.320619e-08
2.31938065e-06	1.332387e-08
2.31939921e-06	1.357588e-08
2.31941776e-06	1.363080e-08
2.31943632e-06	1.377993e-08
2.31945487e-06	1.333544e-08
2.31947343e-06	1.261893e-08
2.31949198e-06	1.290698e-08
2.31951054e-06	1.223884e-08
2.31952910e-06	1.190883e-08
2.31954765e-06	1.195853e-08
2.31956621e-06	1.180562e-08
2.31958477e-06	1.266894e-08
2.31960332e-06	1.362198e-08
2.31962188e-06	1.385719e-08
2.31964044e-06	1.382962e-08
2.31965899e-06	1.376196e-08
2.31967755e-06	1.337922e-08
2.31969611e-06	1.246296e-08
2.31971466e-06	1.283613e-08
2.31973322e-06	1.313571e-08
2.31975178e-06	1.364144e-08
2.31977034e-06	1.375781e-08
2.31978890e-06	1.368931e-08
2.31980746e-06	1.379230e-08
2.31982601e-06	1.371273e-08
2.31984457e-06	1.368610e-08
2.31986313e-06	1.354069e-08
2.31988169e-06	1.314598e-08
2.31990025e-06	1.335357e-08
2.31991881e-06	1.370511e-08
2.31993737e-06	1.378542e-08
2.31995593e-06	1.335798e-08
2.31997449e-06	1.328063e-08
2.31999305e-06	1.282949e-08
2.32001161e-06	1.191876e-08
2.32003017e-06	1.314725e-08
2.32004873e-06	1.370350e-08
2.32006729e-06	1.324119e-08
2.32008585e-06	1.302860e-08
2.32010441e-06	1.334851e-08
2.32012297e-06	1.362565e-08
2.32014153e-06	1.344238e-08
2.32016009e-06	1.360145e-08
2.32017865e-06	1.338921e-08
2.32019721e-06	1.346936e-08
2.32021577e-06	1.338936e-08
2.32023434e-06	1.346262e-08
2.32025290e-06	1.333677e-08
2.32027146e-06	1.237577e-08
2.32029002e-06	1.331318e-08
2.32030858e-06	1.378340e-08
2.32032715e-06	1.389900e-08
2.32034571e-06	1.358761e-08
2.32036427e-06	1.237467e-08
2.32038284e-06	1.215863e-08
2.32040140e-06	1.315479e-08
2.32041996e-06	1.219787e-08
2.32043853e-06	1.176325e-08
2.32045709e-06	1.329671e-08
2.32047565e-06	1.358056e-08
2.32049422e-06	1.325538e-08
2.32051278e-06	1.310384e-08
2.32053135e-06	1.271107e-08
2.32054991e-06	1.266116e-08
2.32056847e-06	1.174717e-08
2.32058704e-06	1.263820e-08
2.32060560e-06	1.167734e-08
2.32062417e-06	1.200975e-08
2.32064273e-06	1.283479e-08
2.32066130e-06	1.299501e-08
2.32067986e-06	1.302037e-08
2.32069843e-06	1.316658e-08
2.32071699e-06	1.324188e-08
2.32073556e-06	1.204908e-08
2.32075413e-06	1.232288e-08
2.32077269e-06	1.287920e-08
2.32079126e-06	1.347978e-08
2.32080982e-06	1.361949e-08
2.32082839e-06	1.368982e-08
2.32084696e-06	1.354062e-08
2.32086552e-06	1.307220e-08
2.32088409e-06	1.195484e-08
2.32090266e-06	1.237765e-08
2.32092123e-06	1.272549e-08
2.32093979e-06	1.230429e-08
2.32095836e-06	1.235309e-08
2.32097693e-06	1.325685e-08
2.32099550e-06	1.320695e-08
2.32101406e-06	1.270496e-08
2.32103263e-06	1.269427e-08
2.32105120e-06	1.231208e-08
2.32106977e-06	1.330330e-08
2.32108834e-06	1.377841e-08
2.32110691e-06	1.377541e-08
2.32112547e-06	1.326463e-08
2.32114404e-06	1.260226e-08
2.32116261e-06	1.323074e-08
2.32118118e-06	1.257477e-08
2.32119975e-06	1.164370e-08
2.32121832e-06	1.269755e-08
2.32123689e-06	1.347019e-08
2.32125546e-06	1.366029e-08
2.32127403e-06	1.330658e-08
2.32129260e-06	1.336500e-08
2.32131117e-06	1.291227e-08
2.32132974e-06	1.212690e-08
2.32134831e-06	1.241914e-08
2.32136688e-06	1.298281e-08
2.32138545e-06	1.369996e-08
2.32140403e-06	1.373461e-08
2.32142260e-06	1.363257e-08
2.32144117e-06	1.336541e-08
2.32145974e-06	1.368222e-08
2.32147831e-06	1.362812e-08
2.32149688e-06	1.285158e-08
2.32151545e-06	1.265802e-08
2.32153403e-06	1.294522e-08
2.32155260e-06	1.339107e-08
2.32157117e-06	1.369388e-08
2.32158974e-06	1.369472e-08
2.32160832e-06	1.366328e-08
2.32162689e-06	1.331531e-08
2.32164546e-06	1.219046e-08
2.32166404e-06	1.268040e-08
2.32168261e-06	1.347509e-08
2.32170118e-06	1.371969e-08
2.32171976e-06	1.370032e-08
2.32173833e-06	1.360282e-08
2.32175690e-06	1.352074e-08
2.32177548e-06	1.322802e-08
2.32179405e-06	1.282517e-08
2.32181263e-06	1.322960e-08
2.32183120e-06	1.293052e-08
2.32184978e-06	1.307927e-08
2.32186835e-06	1.321254e-08
2.32188692e-06	1.330237e-08
2.32190550e-06	1.313091e-08
2.32192408e-06	1.341443e-08
2.32194265e-06	1.220454e-08
2.32196123e-06	1.195513e-08
2.32197980e-06	1.320485e-08
2.32199838e-06	1.325919e-08
2.32201695e-06	1.320122e-08
2.32203553e-06	1.338414e-08
2.32205411e-06	1.322449e-08
2.32207268e-06	1.195915e-08
2.32209126e-06	1.246523e-08
2.32210984e-06	1.276614e-08
2.32212841e-06	1.356784e-08
2.32214699e-06	1.355701e-08
2.32216557e-06	1.314636e-08
2.32218414e-06	1.193812e-08
2.32220272e-06	1.219277e-08
2.32222130e-06	1.325421e-08
2.32223988e-06	1.305173e-08
2.32225846e-06	1.286824e-08
2.32227703e-06	1.355633e-08
2.32229561e-06	1.343349e-08
2.32231419e-06	1.289372e-08
2.32233277e-06	1.314861e-08
2.32235135e-06	1.303858e-08
2.32236993e-06	1.183981e-08
2.32238850e-06	1.211170e-08
2.32240708e-06	1.319781e-08
2.32242566e-06	1.342111e-08
2.32244424e-06	1.352260e-08
2.32246282e-06	1.264351e-08
2.32248140e-06	1.247088e-08
2.32249998e-06	1.279756e-08
2.32251856e-06	1.354847e-08
2.32253714e-06	1.312501e-08
2.32255572e-06	1.289558e-08
2.32257430e-06	1.316409e-08
2.32259288e-06	1.363428e-08
2.32261146e-06	1.352104e-08
2.32263005e-06	1.288129e-08
2.32264863e-06	1.212701e-08
2.32266721e-06	1.256802e-08
2.32268579e-06	1.248122e-08
2.32270437e-06	1.210278e-08
2.32272295e-06	1.230028e-08
2.32274153e-06	1.229088e-08
2.32276012e-06	1.235232e-08
2.32277870e-06	1.299230e-08
2.32279728e-06	1.320484e-08
2.32281586e-06	1.221647e-08
2.32283444e-06	1.213791e-08
2.32285303e-06	1.211356e-08
2.32287161e-06	1.238176e-08
2.32289019e-06	1.250486e-08
2.32290878e-06	1.225166e-08
2.32292736e-06	1.180624e-08
2.32294594e-06	1.215724e-08
2.32296453e-06	1.223059e-08
2.32298311e-06	1.307871e-08
2.32300169e-06	1.244184e-08
2.32302028e-06	1.245747e-08
2.32303886e-06	1.224057e-08
2.32305745e-06	1.355524e-08
2.32307603e-06	1.304627e-08
2.32309462e-06	1.239113e-08
2.32311320e-06	1.281407e-08
2.32313179e-06	1.213203e-08
2.32315037e-06	1.191552e-08
2.32316896e-06	1.174006e-08
2.32318754e-06	1.203993e-08
2.32320613e-06	1.220268e-08
2.32322471e-06	1.224381e-08
2.32324330e-06	1.328808e-08
2.32326188e-06	1.309068e-08
2.32328047e-06	1.280690e-08
2.32329906e-06	1.363960e-08
2.32331764e-06	1.368828e-08
2.32333623e-06	1.281835e-08
2.32335482e-06	1.200213e-08
2.32337340e-06	1.214853e-08
2.32339199e-06	1.309810e-08
2.32341058e-06	1.342256e-08
2.32342916e-06	1.285798e-08
2.32344775e-06	1.242962e-08
2.32346634e-06	1.206904e-08
2.32348493e-06	1.360902e-08
2.32350352e-06	1.375904e-08
2.32352210e-06	1.373507e-08
2.32354069e-06	1.300134e-08
2.32355928e-06	1.231213e-08
2.32357787e-06	1.314167e-08
2.32359646e-06	1.278701e-08
2.32361504e-06	1.233782e-08
2.32363363e-06	1.241336e-08
2.32365222e-06	1.275384e-08
2.32367081e-06	1.341605e-08
2.32368940e-06	1.365721e-08
2.32370799e-06	1.270479e-08
2.32372658e-06	1.240100e-08
2.32374517e-06	1.183490e-08
2.32376376e-06	1.261356e-08
2.32378235e-06	1.332592e-08
2.32380094e-06	1.252627e-08
2.32381953e-06	1.257226e-08
2.32383812e-06	1.344786e-08
2.32385671e-06	1.352225e-08
2.32387530e-06	1.351414e-08
2.32389389e-06	1.309943e-08
2.32391249e-06	1.306767e-08
2.32393108e-06	1.217148e-08
2.32394967e-06	1.211245e-08
2.32396826e-06	1.339585e-08
2.32398685e-06	1.324562e-08
2.32400544e-06	1.206487e-08
2.32402404e-06	1.146571e-08
2.32404263e-06	1.235709e-08
2.32406122e-06	1.214040e-08
2.32407981e-06	1.343467e-08
2.32409840e-06	1.319010e-08
2.32411700e-06	1.345342e-08
2.32413559e-06	1.364332e-08
2.32415418e-06	1.377206e-08
2.32417278e-06	1.367906e-08
2.32419137e-06	1.350737e-08
2.32420996e-06	1.349278e-08
2.32422856e-06	1.355451e-08
2.32424715e-06	1.361093e-08
2.32426575e-06	1.304885e-08
2.32428434e-06	1.215645e-08
2.32430293e-06	1.231840e-08
2.32432153e-06	1.351130e-08
2.32434012e-06	1.271807e-08
2.32435872e-06	1.271566e-08
2.32437731e-06	1.318718e-08
2.32439591e-06	1.203469e-08
2.32441450e-06	1.241606e-08
2.32443310e-06	1.283024e-08
2.32445169e-06	1.356991e-08
2.32447029e-06	1.310303e-08
2.32448888e-06	1.346798e-08
2.32450748e-06	1.370017e-08
2.32452608e-06	1.315332e-08
2.32454467e-06	1.289847e-08
2.32456327e-06	1.323089e-08
2.32458187e-06	1.357817e-08
2.32460046e-06	1.365925e-08
2.32461906e-06	1.351458e-08
2.32463766e-06	1.356722e-08
2.32465625e-06	1.336840e-08
2.32467485e-06	1.215301e-08
2.32469345e-06	1.220958e-08
2.32471205e-06	1.350264e-08
2.32473064e-06	1.214844e-08
2.32474924e-06	1.176915e-08
2.32476784e-06	1.306490e-08
2.32478644e-06	1.295579e-08
2.32480504e-06	1.234618e-08
2.32482363e-06	1.213584e-08
2.32484223e-06	1.250111e-08
2.32486083e-06	1.174965e-08
2.32487943e-06	1.207845e-08
2.32489803e-06	1.229936e-08
2.32491663e-06	1.291372e-08
2.32493523e-06	1.347126e-08
2.32495383e-06	1.341806e-08
2.32497243e-06	1.340183e-08
2.32499103e-06	1.268328e-08
2.32500963e-06	1.312015e-08
2.32502823e-06	1.352665e-08
2.32504683e-06	1.374126e-08
2.32506543e-06	1.373654e-08
2.32508403e-06	1.359310e-08
2.32510263e-06	1.257523e-08
2.32512123e-06	1.219283e-08
2.32513983e-06	1.298637e-08
2.32515843e-06	1.300026e-08
2.32517703e-06	1.258722e-08
2.32519563e-06	1.226962e-08
2.32521424e-06	1.203416e-08
2.32523284e-06	1.200315e-08
2.32525144e-06	1.247341e-08
2.32527004e-06	1.199195e-08
2.32528864e-06	1.338556e-08
2.32530725e-06	1.311105e-08
2.32532585e-06	1.302263e-08
2.32534445e-06	1.331394e-08
2.32536305e-06	1.367915e-08
2.32538166e-06	1.371937e-08
2.32540026e-06	1.360610e-08
2.32541886e-06	1.349930e-08
2.32543747e-06	1.335272e-08
2.32545607e-06	1.324971e-08
2.32547467e-06	1.363939e-08
2.32549328e-06	1.315932e-08
2.32551188e-06	1.293249e-08
2.32553048e-06	1.297854e-08
2.32554909e-06	1.319356e-08
2.32556769e-06	1.332750e-08
2.32558630e-06	1.228516e-08
2.32560490e-06	1.214092e-08
2.32562351e-06	1.293296e-08
2.32564211e-06	1.324153e-08
2.32566072e-06	1.247999e-08
2.32567932e-06	1.302234e-08
2.32569793e-06	1.358034e-08
2.32571654e-06	1.284356e-08
2.32573514e-06	1.248522e-08
2.32575375e-06	1.200728e-08
2.32577235e-06	1.343557e-08
2.32579096e-06	1.351211e-08
2.32580956e-06	1.369499e-08
2.32582817e-06	1.355606e-08
2.32584678e-06	1.250022e-08
2.32586538e-06	1.215283e-08
2.32588399e-06	1.200236e-08
2.32590260e-06	1.266186e-08
2.32592121e-06	1.287332e-08
2.32593981e-06	1.280501e-08
2.32595842e-06	1.206903e-08
2.32597703e-06	1.174121e-08
2.32599564e-06	1.174115e-08
2.32601424e-06	1.309557e-08
2.32603285e-06	1.326649e-08
2.32605146e-06	1.280701e-08
2.32607007e-06	1.295443e-08
2.32608868e-06	1.206371e-08
2.32610729e-06	1.191085e-08
2.32612590e-06	1.216347e-08
2.32614450e-06	1.354033e-08
2.32616311e-06	1.333771e-08
2.32618172e-06	1.298721e-08
2.32620033e-06	1.335891e-08
2.32621894e-06	1.330408e-08
2.32623755e-06	1.303245e-08
2.32625616e-06	1.231583e-08
2.32627477e-06	1.221127e-08
2.32629338e-06	1.228028e-08
2.32631199e-06	1.175071e-08
2.32633060e-06	1.234566e-08
2.32634921e-06	1.229102e-08
2.32636782e-06	1.259633e-08
2.32638643e-06	1.300194e-08
2.32640505e-06	1.297865e-08
2.32642366e-06	1.294538e-08
2.32644227e-06	1.294883e-08
2.32646088e-06	1.331075e-08
2.32647949e-06	1.328496e-08
2.32649810e-06	1.338379e-08
2.32651671e-06	1.344546e-08
2.32653533e-06	1.377068e-08
2.32655394e-06	1.348126e-08
2.32657255e-06	1.353409e-08
2.32659116e-06	1.353707e-08
2.32660978e-06	1.338017e-08
2.32662839e-06	1.304289e-08
2.32664700e-06	1.305998e-08
2.32666562e-06	1.295698e-08
2.32668423e-06	1.219051e-08
2.32670284e-06	1.296405e-08
2.32672146e-06	1.291213e-08
2.32674007e-06	1.301685e-08
2.32675869e-06	1.359705e-08
2.32677730e-06	1.355995e-08
2.32679591e-06	1.286554e-08
2.32681453e-06	1.220723e-08
2.32683314e-06	1.268536e-08
2.32685176e-06	1.214336e-08
2.32687037e-06	1.330871e-08
2.32688899e-06	1.322925e-08
2.32690760e-06	1.314387e-08
2.32692622e-06	1.333329e-08
2.32694483e-06	1.310826e-08
2.32696345e-06	1.317639e-08
2.32698206e-06	1.335231e-08
2.32700068e-06	1.323147e-08
2.32701930e-06	1.278194e-08
2.32703791e-06	1.326308e-08
2.32705653e-06	1.373102e-08
2.32707514e-06	1.328246e-08
2.32709376e-06	1.277644e-08
2.32711238e-06	1.246759e-08
2.32713099e-06	1.198542e-08
2.32714961e-06	1.249220e-08
2.32716823e-06	1.317189e-08
2.32718685e-06	1.289611e-08
2.32720546e-06	1.323506e-08
2.32722408e-06	1.328336e-08
2.32724270e-06	1.298979e-08
2.32726132e-06	1.367492e-08
2.32727993e-06	1.296610e-08
2.32729855e-06	1.218046e-08
2.32731717e-06	1.281323e-08
2.32733579e-06	1.357568e-08
2.32735441e-06	1.377594e-08
2.32737303e-06	1.336817e-08
2.32739165e-06	1.310335e-08
2.32741027e-06	1.274760e-08
2.32742888e-06	1.220971e-08
2.32744750e-06	1.233370e-08
2.32746612e-06	1.270697e-08
2.32748474e-06	1.337845e-08
2.32750336e-06	1.357668e-08
2.32752198e-06	1.337626e-08
2.32754060e-06	1.345618e-08
2.32755922e-06	1.344992e-08
2.32757784e-06	1.371331e-08
2.32759646e-06	1.310141e-08
2.32761509e-06	1.204557e-08
2.32763371e-06	1.315311e-08
2.32765233e-06	1.367942e-08
2.32767095e-06	1.352049e-08
2.32768957e-06	1.334786e-08
2.32770819e-06	1.343367e-08
2.32772681e-06	1.339002e-08
2.32774544e-06	1.353882e-08
2.32776406e-06	1.359505e-08
2.32778268e-06	1.362293e-08
2.32780130e-06	1.357436e-08
2.32781992e-06	1.339702e-08
2.32783855e-06	1.228780e-08
2.32785717e-06	1.208807e-08
2.32787579e-06	1.284264e-08
2.32789442e-06	1.311282e-08
2.32791304e-06	1.196228e-08
2.32793166e-06	1.202578e-08
2.32795028e-06	1.181579e-08
2.32796891e-06	1.185195e-08
2.32798753e-06	1.327792e-08
2.32800616e-06	1.356133e-08
2.32802478e-06	1.365248e-08
2.32804340e-06	1.353680e-08
2.32806203e-06	1.287242e-08
2.32808065e-06	1.233695e-08
2.32809928e-06	1.226087e-08
2.32811790e-06	1.286094e-08
2.32813653e-06	1.296162e-08
2.32815515e-06	1.299546e-08
2.32817378e-06	1.358262e-08
2.32819240e-06	1.334763e-08
2.32821103e-06	1.308993e-08
2.32822965e-06	1.264779e-08
2.32824828e-06	1.317043e-08
2.32826691e-06	1.351303e-08
2.32828553e-06	1.336824e-08
2.32830416e-06	1.216985e-08
2.32832279e-06	1.217151e-08
2.32834141e-06	1.330319e-08
2.32836004e-06	1.350489e-08
2.32837867e-06	1.335143e-08
2.32839729e-06	1.253417e-08
2.32841592e-06	1.191646e-08
2.32843455e-06	1.313004e-08
2.32845317e-06	1.312873e-08
2.32847180e-06	1.166148e-08
2.32849043e-06	1.239228e-08
2.32850906e-06	1.263329e-08
2.32852769e-06	1.309480e-08
2.32854631e-06	1.311708e-08
2.32856494e-06	1.356878e-08
2.32858357e-06	1.380045e-08
2.32860220e-06	1.361835e-08
2.32862083e-06	1.321311e-08
2.32863946e-06	1.215801e-08
2.32865809e-06	1.209464e-08
2.32867672e-06	1.247244e-08
2.32869535e-06	1.279187e-08
2.32871397e-06	1.202957e-08
2.32873260e-06	1.213055e-08
2.32875123e-06	1.290152e-08
2.32876987e-06	1.237199e-08
2.32878849e-06	1.221318e-08
2.32880712e-06	1.219469e-08
2.32882576e-06	1.268681e-08
2.32884439e-06	1.354089e-08
2.32886302e-06	1.358331e-08
2.32888165e-06	1.315973e-08
2.32890028e-06	1.308125e-08
2.32891891e-06	1.290883e-08
2.32893754e-06	1.250610e-08
2.32895617e-06	1.271207e-08
2.32897481e-06	1.323088e-08
2.32899344e-06	1.267831e-08
2.32901207e-06	1.284140e-08
2.32903070e-06	1.342799e-08
2.32904933e-06	1.335684e-08
2.32906797e-06	1.296562e-08
2.32908660e-06	1.175809e-08
2.32910523e-06	1.249622e-08
2.32912386e-06	1.371351e-08
2.32914250e-06	1.360556e-08
2.32916113e-06	1.346855e-08
2.32917976e-06	1.314446e-08
2.32919840e-06	1.201262e-08
2.32921703e-06	1.214504e-08
2.32923566e-06	1.349074e-08
2.32925430e-06	1.364445e-08
2.32927293e-06	1.319536e-08
2.32929157e-06	1.343638e-08
2.32931020e-06	1.375317e-08
2.32932883e-06	1.369101e-08
2.32934747e-06	1.323474e-08
2.32936610e-06	1.258100e-08
2.32938474e-06	1.218821e-08
2.32940337e-06	1.305042e-08
2.32942201e-06	1.259207e-08
2.32944065e-06	1.319340e-08
2.32945928e-06	1.272220e-08
2.32947792e-06	1.188836e-08
2.32949655e-06	1.200417e-08
2.32951519e-06	1.252656e-08
2.32953382e-06	1.266620e-08
2.32955246e-06	1.315737e-08
2.32957110e-06	1.350268e-08
2.32958973e-06	1.361076e-08
2.32960837e-06	1.376977e-08
2.32962701e-06	1.371052e-08
2.32964564e-06	1.338712e-08
2.32966428e-06	1.368724e-08
2.32968292e-06	1.379289e-08
2.32970156e-06	1.388882e-08
2.32972019e-06	1.386381e-08
2.32973883e-06	1.377047e-08
2.32975747e-06	1.346515e-08
2.32977611e-06	1.347799e-08
2.32979475e-06	1.245231e-08
2.32981338e-06	1.260398e-08
2.32983202e-06	1.365698e-08
2.32985066e-06	1.352281e-08
2.32986930e-06	1.312114e-08
2.32988794e-06	1.343427e-08
2.32990658e-06	1.348052e-08
2.32992522e-06	1.311664e-08
2.32994386e-06	1.313168e-08
2.32996250e-06	1.309960e-08
2.32998113e-06	1.337577e-08
2.32999977e-06	1.346101e-08
2.33001842e-06	1.224704e-08
2.33003706e-06	1.202076e-08
2.33005570e-06	1.334935e-08
2.33007434e-06	1.341584e-08
2.33009298e-06	1.264025e-08
2.33011162e-06	1.251432e-08
2.33013026e-06	1.293009e-08
2.33014890e-06	1.304809e-08
2.33016754e-06	1.202859e-08
2.33018618e-06	1.246723e-08
2.33020482e-06	1.170033e-08
2.33022347e-06	1.297116e-08
2.33024211e-06	1.301192e-08
2.33026075e-06	1.209133e-08
2.33027939e-06	1.260710e-08
2.33029803e-06	1.182743e-08
2.33031667e-06	1.338180e-08
2.33033532e-06	1.348890e-08
2.33035396e-06	1.350398e-08
2.33037260e-06	1.334542e-08
2.33039125e-06	1.197649e-08
2.33040989e-06	1.246662e-08
2.33042853e-06	1.351033e-08
2.33044718e-06	1.233211e-08
2.33046582e-06	1.162534e-08
2.33048446e-06	1.263241e-08
2.33050311e-06	1.302171e-08
2.33052175e-06	1.157483e-08
2.33054040e-06	1.192280e-08
2.33055904e-06	1.335399e-08
2.33057768e-06	1.279011e-08
2.33059633e-06	1.179327e-08
2.33061497e-06	1.235899e-08
2.33063362e-06	1.224829e-08
2.33065226e-06	1.176583e-08
2.33067091e-06	1.167000e-08
2.33068955e-06	1.212159e-08
2.33070820e-06	1.213341e-08
2.33072685e-06	1.259379e-08
2.33074549e-06	1.194494e-08
2.33076414e-06	1.266871e-08
2.33078278e-06	1.300018e-08
2.33080143e-06	1.264027e-08
2.33082008e-06	1.302642e-08
2.33083872e-06	1.329420e-08
2.33085737e-06	1.342465e-08
2.33087602e-06	1.321300e-08
2.33089466e-06	1.298890e-08
2.33091331e-06	1.337913e-08
2.33093196e-06	1.320734e-08
2.33095061e-06	1.289420e-08
2.33096925e-06	1.318343e-08
2.33098790e-06	1.227850e-08
2.33100655e-06	1.247285e-08
2.33102520e-06	1.220018e-08
2.33104384e-06	1.288263e-08
2.33106249e-06	1.347932e-08
2.33108114e-06	1.200643e-08
2.33109979e-06	1.250188e-08
2.33111844e-06	1.250014e-08
2.33113709e-06	1.311157e-08
2.33115574e-06	1.244883e-08
2.33117439e-06	1.290522e-08
2.33119304e-06	1.280923e-08
2.33121169e-06	1.179697e-08
2.33123033e-06	1.236848e-08
2.33124898e-06	1.281703e-08
2.33126763e-06	1.272893e-08
2.33128629e-06	1.350932e-08
2.33130493e-06	1.319348e-08
2.33132359e-06	1.297308e-08
2.33134224e-06	1.353586e-08
2.33136089e-06	1.328526e-08
2.33137954e-06	1.200933e-08
2.33139819e-06	1.257008e-08
2.33141684e-06	1.314358e-08
2.33143549e-06	1.301969e-08
2.33145414e-06	1.311187e-08
2.33147280e-06	1.347989e-08
2.33149145e-06	1.332736e-08
2.33151010e-06	1.339800e-08
2.33152875e-06	1.305373e-08
2.33154740e-06	1.216504e-08
2.33156606e-06	1.287097e-08
2.33158471e-06	1.266669e-08
2.33160336e-06	1.164857e-08
2.33162201e-06	1.231320e-08
2.33164067e-06	1.259084e-08
2.33165932e-06	1.245103e-08
2.33167797e-06	1.356020e-08
2.33169663e-06	1.343733e-08
2.33171528e-06	1.266639e-08
2.33173393e-06	1.211260e-08
2.33175259e-06	1.331816e-08
2.33177124e-06	1.296147e-08
2.33178990e-06	1.224572e-08
2.33180855e-06	1.317309e-08
2.33182720e-06	1.335078e-08
2.33184586e-06	1.343163e-08
2.33186451e-06	1.223162e-08
2.33188317e-06	1.256087e-08
2.33190182e-06	1.230434e-08
2.33192048e-06	1.181458e-08
2.33193913e-06	1.265295e-08
2.33195779e-06	1.242880e-08
2.33197644e-06	1.208567e-08
2.33199510e-06	1.270346e-08
2.33201376e-06	1.299573e-08
2.33203241e-06	1.359032e-08
2.33205107e-06	1.364656e-08
2.33206973e-06	1.352152e-08
2.33208838e-06	1.349870e-08
2.33210704e-06	1.263951e-08
2.33212570e-06	1.321568e-08
2.33214435e-06	1.366931e-08
2.33216301e-06	1.342540e-08
2.33218167e-06	1.346519e-08
2.33220033e-06	1.359990e-08
2.33221898e-06	1.268974e-08
2.33223764e-06	1.251304e-08
2.33225630e-06	1.231745e-08
2.33227496e-06	1.307921e-08
2.33229361e-06	1.361188e-08
2.33231227e-06	1.374526e-08
2.33233093e-06	1.351021e-08
2.33234959e-06	1.352999e-08
2.33236825e-06	1.357512e-08
2.33238691e-06	1.310397e-08
2.33240557e-06	1.313731e-08
2.33242423e-06	1.356255e-08
2.33244288e-06	1.349057e-08
2.33246154e-06	1.313682e-08
2.33248020e-06	1.294417e-08
2.33249886e-06	1.315961e-08
2.33251752e-06	1.352455e-08
2.33253618e-06	1.358140e-08
2.33255485e-06	1.253260e-08
2.33257350e-06	1.232894e-08
2.33259217e-06	1.308141e-08
2.33261083e-06	1.322017e-08
2.33262949e-06	1.364043e-08
2.33264815e-06	1.361727e-08
2.33266681e-06	1.343281e-08
2.33268547e-06	1.370926e-08
2.33270413e-06	1.370095e-08
2.33272279e-06	1.334013e-08
2.33274146e-06	1.295430e-08
2.33276012e-06	1.311402e-08
2.33277878e-06	1.216280e-08
2.33279744e-06	1.255895e-08
2.33281610e-06	1.272443e-08
2.33283477e-06	1.227865e-08
2.33285343e-06	1.241345e-08
2.33287209e-06	1.271371e-08
2.33289075e-06	1.192561e-08
2.33290942e-06	1.154884e-08
2.33292808e-06	1.314457e-08
2.33294675e-06	1.344784e-08
2.33296541e-06	1.343221e-08
2.33298407e-06	1.314000e-08
2.33300274e-06	1.331092e-08
2.33302140e-06	1.357547e-08
2.33304006e-06	1.340769e-08
2.33305873e-06	1.336728e-08
2.33307739e-06	1.342640e-08
2.33309606e-06	1.331276e-08
2.33311472e-06	1.291078e-08
2.33313339e-06	1.307110e-08
2.33315205e-06	1.240222e-08
2.33317072e-06	1.226094e-08
2.33318938e-06	1.331205e-08
2.33320805e-06	1.343984e-08
2.33322671e-06	1.243104e-08
2.33324538e-06	1.217100e-08
2.33326405e-06	1.294481e-08
2.33328271e-06	1.237153e-08
2.33330138e-06	1.326817e-08
2.33332004e-06	1.349064e-08
2.33333871e-06	1.344938e-08
2.33335738e-06	1.305682e-08
2.33337604e-06	1.272850e-08
2.33339471e-06	1.301829e-08
2.33341338e-06	1.304856e-08
2.33343205e-06	1.363728e-08
2.33345071e-06	1.366484e-08
2.33346938e-06	1.364409e-08
2.33348805e-06	1.345133e-08
2.33350672e-06	1.289547e-08
2.33352538e-06	1.233057e-08
2.33354405e-06	1.267687e-08
2.33356272e-06	1.243796e-08
2.33358139e-06	1.197397e-08
2.33360006e-06	1.325339e-08
2.33361873e-06	1.348765e-08
2.33363740e-06	1.306035e-08
2.33365607e-06	1.313463e-08
2.33367473e-06	1.339125e-08
2.33369340e-06	1.245810e-08
2.33371207e-06	1.221633e-08
2.33373074e-06	1.187892e-08
2.33374941e-06	1.215061e-08
2.33376808e-06	1.210081e-08
2.33378675e-06	1.255459e-08
2.33380542e-06	1.258174e-08
2.33382410e-06	1.357924e-08
2.33384277e-06	1.322364e-08
2.33386144e-06	1.337887e-08
2.33388011e-06	1.371111e-08
2.33389878e-06	1.352235e-08
2.33391745e-06	1.349344e-08
2.33393612e-06	1.323742e-08
2.33395479e-06	1.273434e-08
2.33397346e-06	1.339353e-08
2.33399213e-06	1.379651e-08
2.33401081e-06	1.364999e-08
2.33402948e-06	1.341019e-08
2.33404815e-06	1.320255e-08
2.33406682e-06	1.348901e-08
2.33408550e-06	1.379922e-08
2.33410417e-06	1.386072e-08
2.33412284e-06	1.344987e-08
2.33414152e-06	1.212601e-08
2.33416019e-06	1.162486e-08
2.33417886e-06	1.227927e-08
2.33419754e-06	1.193993e-08
2.33421621e-06	1.178949e-08
2.33423488e-06	1.283583e-08
2.33425356e-06	1.333018e-08
2.33427223e-06	1.311977e-08
2.33429090e-06	1.217130e-08
2.33430958e-06	1.155285e-08
2.33432825e-06	1.206942e-08
2.33434693e-06	1.249838e-08
2.33436560e-06	1.275628e-08
2.33438428e-06	1.326358e-08
2.33440295e-06	1.353441e-08
2.33442163e-06	1.284834e-08
2.33444030e-06	1.193710e-08
2.33445898e-06	1.253895e-08
2.33447765e-06	1.288335e-08
2.33449633e-06	1.299428e-08
2.33451501e-06	1.264141e-08
2.33453368e-06	1.317567e-08
2.33455236e-06	1.327974e-08
2.33457104e-06	1.255030e-08
2.33458971e-06	1.323015e-08
2.33460839e-06	1.363504e-08
2.33462706e-06	1.269577e-08
2.33464574e-06	1.243919e-08
2.33466442e-06	1.320292e-08
2.33468310e-06	1.371193e-08
2.33470177e-06	1.350870e-08
2.33472045e-06	1.330065e-08
2.33473913e-06	1.197352e-08
2.33475781e-06	1.259596e-08
2.33477648e-06	1.159326e-08
2.33479516e-06	1.215104e-08
2.33481384e-06	1.268621e-08
2.33483252e-06	1.243763e-08
2.33485120e-06	1.224492e-08
2.33486988e-06	1.225821e-08
2.33488856e-06	1.287164e-08
2.33490724e-06	1.367521e-08
2.33492591e-06	1.378003e-08
2.33494460e-06	1.364166e-08
2.33496327e-06	1.345002e-08
2.33498195e-06	1.256928e-08
2.33500063e-06	1.268087e-08
2.33501931e-06	1.362191e-08
2.33503799e-06	1.369641e-08
2.33505667e-06	1.376924e-08
2.33507535e-06	1.370860e-08
2.33509404e-06	1.309576e-08
2.33511272e-06	1.189577e-08
2.33513140e-06	1.217613e-08
2.33515008e-06	1.340860e-08
2.33516876e-06	1.307131e-08
2.33518744e-06	1.211473e-08
2.33520612e-06	1.241568e-08
2.33522480e-06	1.306327e-08
2.33524348e-06	1.258474e-08
2.33526217e-06	1.247058e-08
2.33528085e-06	1.303800e-08
2.33529953e-06	1.317371e-08
2.33531821e-06	1.287865e-08
2.33533690e-06	1.273352e-08
2.33535558e-06	1.284962e-08
2.33537426e-06	1.194872e-08
2.33539294e-06	1.181366e-08
2.33541163e-06	1.299953e-08
2.33543031e-06	1.304522e-08
2.33544900e-06	1.281271e-08
2.33546768e-06	1.216715e-08
2.33548636e-06	1.224216e-08
2.33550505e-06	1.248188e-08
2.33552373e-06	1.231625e-08
2.33554242e-06	1.225942e-08
2.33556110e-06	1.181748e-08
2.33557978e-06	1.314863e-08
2.33559847e-06	1.324545e-08
2.33561715e-06	1.314685e-08
2.33563584e-06	1.315017e-08
2.33565452e-06	1.258276e-08
2.33567321e-06	1.189164e-08
2.33569189e-06	1.268671e-08
2.33571058e-06	1.254185e-08
2.33572927e-06	1.264482e-08
2.33574795e-06	1.274057e-08
2.33576664e-06	1.207756e-08
2.33578532e-06	1.253094e-08
2.33580401e-06	1.215844e-08
2.33582269e-06	1.310695e-08
2.33584138e-06	1.346520e-08
2.33586007e-06	1.357031e-08
2.33587876e-06	1.332094e-08
2.33589744e-06	1.271021e-08
2.33591613e-06	1.296643e-08
2.33593482e-06	1.351260e-08
2.33595350e-06	1.333517e-08
2.33597219e-06	1.231163e-08
2.33599088e-06	1.261387e-08
2.33600957e-06	1.311645e-08
2.33602826e-06	1.317697e-08
2.33604694e-06	1.333870e-08
2.33606563e-06	1.354979e-08
2.33608432e-06	1.373074e-08
2.33610301e-06	1.376404e-08
2.33612170e-06	1.379102e-08
2.33614039e-06	1.363021e-08
2.33615908e-06	1.342845e-08
2.33617777e-06	1.349759e-08
2.33619646e-06	1.313402e-08
2.33621514e-06	1.315799e-08
2.33623383e-06	1.356459e-08
2.33625253e-06	1.323023e-08
2.33627121e-06	1.320992e-08
2.33628990e-06	1.319512e-08
2.33630860e-06	1.334251e-08
2.33632729e-06	1.239903e-08
2.33634598e-06	1.169094e-08
2.33636467e-06	1.196991e-08
2.33638336e-06	1.327298e-08
2.33640205e-06	1.290097e-08
2.33642074e-06	1.284846e-08
2.33643943e-06	1.346880e-08
2.33645812e-06	1.298570e-08
2.33647681e-06	1.343845e-08
2.33649551e-06	1.345225e-08
2.33651420e-06	1.340601e-08
2.33653289e-06	1.372993e-08
2.33655158e-06	1.350154e-08
2.33657028e-06	1.315852e-08
2.33658897e-06	1.350686e-08
2.33660766e-06	1.326806e-08
2.33662635e-06	1.317740e-08
2.33664505e-06	1.332312e-08
2.33666374e-06	1.350483e-08
2.33668243e-06	1.333107e-08
2.33670113e-06	1.177186e-08
2.33671982e-06	1.153864e-08
2.33673851e-06	1.221052e-08
2.33675721e-06	1.250978e-08
2.33677590e-06	1.322520e-08
2.33679460e-06	1.343983e-08
2.33681329e-06	1.273076e-08
2.33683198e-06	1.249705e-08
2.33685068e-06	1.205404e-08
2.33686937e-06	1.232829e-08
2.33688807e-06	1.236015e-08
2.33690676e-06	1.237246e-08
2.33692546e-06	1.284806e-08
2.33694415e-06	1.286176e-08
2.33696285e-06	1.281466e-08
2.33698155e-06	1.160956e-08
2.33700024e-06	1.181803e-08
2.33701894e-06	1.264774e-08
2.33703763e-06	1.306937e-08
2.33705633e-06	1.307960e-08
2.33707503e-06	1.334597e-08
2.33709372e-06	1.339290e-08
2.33711242e-06	1.327762e-08
2.33713112e-06	1.340501e-08
2.33714981e-06	1.309176e-08
2.33716851e-06	1.328560e-08
2.33718721e-06	1.371342e-08
2.33720591e-06	1.317916e-08
2.33722460e-06	1.283705e-08
2.33724330e-06	1.316168e-08
2.33726200e-06	1.310704e-08
2.33728070e-06	1.209978e-08
2.33729940e-06	1.216673e-08
2.33731809e-06	1.337376e-08
2.33733679e-06	1.355525e-08
2.33735549e-06	1.359223e-08
2.33737419e-06	1.355724e-08
2.33739289e-06	1.250173e-08
2.33741159e-06	1.217936e-08
2.33743029e-06	1.198705e-08
2.33744899e-06	1.311199e-08
2.33746769e-06	1.326184e-08
2.33748639e-06	1.264908e-08
2.33750509e-06	1.282145e-08
2.33752379e-06	1.308182e-08
2.33754249e-06	1.330671e-08
2.33756119e-06	1.348938e-08
2.33757989e-06	1.374399e-08
2.33759859e-06	1.374542e-08
2.33761729e-06	1.349206e-08
2.33763599e-06	1.287632e-08
2.33765469e-06	1.331642e-08
2.33767339e-06	1.321697e-08
2.33769209e-06	1.324702e-08
2.33771079e-06	1.310990e-08
2.33772950e-06	1.230307e-08
2.33774820e-06	1.149034e-08
2.33776690e-06	1.243238e-08
2.33778560e-06	1.347483e-08
2.33780431e-06	1.345986e-08
2.33782301e-06	1.348798e-08
2.33784171e-06	1.317847e-08
2.33786041e-06	1.320322e-08
2.33787912e-06	1.356250e-08
2.33789782e-06	1.339776e-08
2.33791652e-06	1.229419e-08
2.33793523e-06	1.250039e-08
2.33795393e-06	1.196161e-08
2.33797263e-06	1.275375e-08
2.33799134e-06	1.328713e-08
2.33801004e-06	1.344749e-08
2.33802874e-06	1.274313e-08
2.33804745e-06	1.212801e-08
2.33806615e-06	1.304976e-08
2.33808486e-06	1.301413e-08
2.33810356e-06	1.334958e-08
2.33812227e-06	1.302600e-08
2.33814097e-06	1.334822e-08
2.33815968e-06	1.340938e-08
2.33817838e-06	1.287302e-08
2.33819709e-06	1.248055e-08
2.33821579e-06	1.303268e-08
2.33823450e-06	1.236408e-08
2.33825321e-06	1.318850e-08
2.33827191e-06	1.315696e-08
2.33829062e-06	1.310005e-08
2.33830932e-06	1.305092e-08
2.33832803e-06	1.184717e-08
2.33834674e-06	1.187970e-08
2.33836544e-06	1.336280e-08
2.33838415e-06	1.318668e-08
2.33840286e-06	1.350439e-08
2.33842156e-06	1.343546e-08
2.33844027e-06	1.291022e-08
2.33845898e-06	1.221233e-08
2.33847769e-06	1.270265e-08
2.33849639e-06	1.281627e-08
2.33851510e-06	1.237825e-08
2.33853381e-06	1.200153e-08
2.33855252e-06	1.237656e-08
2.33857123e-06	1.202887e-08
2.33858994e-06	1.203253e-08
2.33860864e-06	1.241201e-08
2.33862735e-06	1.313301e-08
2.33864606e-06	1.315365e-08
2.33866477e-06	1.306945e-08
2.33868348e-06	1.254845e-08
2.33870219e-06	1.264038e-08
2.33872090e-06	1.184518e-08
2.33873961e-06	1.155494e-08
2.33875832e-06	1.255358e-08
2.33877703e-06	1.282457e-08
2.33879574e-06	1.330655e-08
2.33881445e-06	1.345924e-08
2.33883316e-06	1.368628e-08
2.33885187e-06	1.376861e-08
2.33887058e-06	1.341683e-08
2.33888929e-06	1.326007e-08
2.33890800e-06	1.310056e-08
2.33892672e-06	1.292226e-08
2.33894543e-06	1.188110e-08
2.33896414e-06	1.173780e-08
2.33898285e-06	1.308023e-08
2.33900156e-06	1.328534e-08
2.33902027e-06	1.317714e-08
2.33903899e-06	1.324440e-08
2.33905770e-06	1.244794e-08
2.33907641e-06	1.251835e-08
2.33909512e-06	1.206024e-08
2.33911384e-06	1.272010e-08
2.33913255e-06	1.324249e-08
2.33915126e-06	1.293515e-08
2.33916998e-06	1.298078e-08
2.33918869e-06	1.252645e-08
2.33920740e-06	1.275690e-08
2.33922612e-06	1.244575e-08
2.33924483e-06	1.326500e-08
2.33926354e-06	1.366234e-08
2.33928226e-06	1.312837e-08
2.33930097e-06	1.192072e-08
2.33931969e-06	1.201727e-08
2.33933840e-06	1.165407e-08
2.33935712e-06	1.332752e-08
2.33937583e-06	1.356466e-08
2.33939455e-06	1.348735e-08
2.33941326e-06	1.347857e-08
2.33943198e-06	1.351326e-08
2.33945069e-06	1.310148e-08
2.33946941e-06	1.191145e-08
2.33948812e-06	1.229586e-08
2.33950684e-06	1.331873e-08
2.33952556e-06	1.348146e-08
2.33954427e-06	1.351217e-08
2.33956299e-06	1.329275e-08
2.33958171e-06	1.323606e-08
2.33960042e-06	1.224487e-08
2.33961914e-06	1.177047e-08
2.33963785e-06	1.279746e-08
2.33965657e-06	1.243353e-08
2.33967529e-06	1.226308e-08
2.33969401e-06	1.353749e-08
2.33971272e-06	1.345320e-08
2.33973144e-06	1.307023e-08
2.33975016e-06	1.244709e-08
2.33976888e-06	1.307965e-08
2.33978760e-06	1.325299e-08
2.33980631e-06	1.332741e-08
2.33982503e-06	1.366243e-08
2.33984375e-06	1.348235e-08
2.33986247e-06	1.229940e-08
2.33988119e-06	1.153156e-08
2.33989991e-06	1.178154e-08
2.33991863e-06	1.307190e-08
2.33993735e-06	1.358085e-08
2.33995607e-06	1.307724e-08
2.33997479e-06	1.349649e-08
2.33999351e-06	1.362686e-08
2.34001223e-06	1.289586e-08
2.34003095e-06	1.198701e-08
2.34004967e-06	1.234947e-08
2.34006839e-06	1.214979e-08
2.34008711e-06	1.256383e-08
2.34010583e-06	1.327540e-08
2.34012455e-06	1.241122e-08
2.34014327e-06	1.299635e-08
2.34016199e-06	1.302818e-08
2.34018071e-06	1.260524e-08
2.34019943e-06	1.288583e-08
2.34021815e-06	1.348223e-08
2.34023688e-06	1.317051e-08
2.34025560e-06	1.219644e-08
2.34027432e-06	1.242716e-08
2.34029304e-06	1.167975e-08
2.34031177e-06	1.290131e-08
2.34033049e-06	1.327074e-08
2.34034921e-06	1.231601e-08
2.34036793e-06	1.187587e-08
2.34038666e-06	1.167225e-08
2.34040538e-06	1.158024e-08
2.34042410e-06	1.187317e-08
2.34044283e-06	1.189676e-08
2.34046155e-06	1.246039e-08
2.34048027e-06	1.354291e-08
2.34049900e-06	1.344996e-08
2.34051772e-06	1.196682e-08
2.34053644e-06	1.216526e-08
2.34055517e-06	1.294332e-08
2.34057389e-06	1.246095e-08
2.34059262e-06	1.297504e-08
2.34061134e-06	1.213023e-08
2.34063007e-06	1.172305e-08
2.34064879e-06	1.290554e-08
2.34066752e-06	1.263718e-08
2.34068624e-06	1.308578e-08
2.34070497e-06	1.371092e-08
2.34072369e-06	1.361274e-08
2.34074242e-06	1.349787e-08
2.34076115e-06	1.365036e-08
2.34077987e-06	1.339197e-08
2.34079860e-06	1.357614e-08
2.34081733e-06	1.335502e-08
2.34083605e-06	1.303425e-08
2.34085478e-06	1.335932e-08
2.34087350e-06	1.321147e-08
2.34089223e-06	1.317480e-08
2.34091096e-06	1.337811e-08
2.34092969e-06	1.334020e-08
2.34094841e-06	1.368426e-08
2.34096714e-06	1.346117e-08
2.34098587e-06	1.323214e-08
2.34100460e-06	1.332352e-08
2.34102333e-06	1.341806e-08
2.34104205e-06	1.322657e-08
2.34106078e-06	1.170976e-08
2.34107951e-06	1.140616e-08
2.34109824e-06	1.199205e-08
2.34111697e-06	1.286239e-08
2.34113570e-06	1.242266e-08
2.34115443e-06	1.166428e-08
2.34117315e-06	1.270386e-08
2.34119188e-06	1.327756e-08
2.34121061e-06	1.353965e-08
2.34122934e-06	1.344303e-08
2.34124807e-06	1.319837e-08
2.34126680e-06	1.159205e-08
2.34128553e-06	1.158190e-08
2.34130426e-06	1.357912e-08
2.34132299e-06	1.359502e-08
2.34134172e-06	1.276861e-08
2.34136045e-06	1.178476e-08
2.34137919e-06	1.312403e-08
2.34139792e-06	1.343415e-08
2.34141665e-06	1.303259e-08
2.34143538e-06	1.284412e-08
2.34145411e-06	1.210874e-08
2.34147284e-06	1.185827e-08
2.34149158e-06	1.260015e-08
2.34151031e-06	1.184168e-08
2.34152904e-06	1.294967e-08
2.34154777e-06	1.245232e-08
2.34156650e-06	1.261439e-08
2.34158524e-06	1.288952e-08
2.34160397e-06	1.358960e-08
2.34162270e-06	1.363217e-08
2.34164143e-06	1.362613e-08
2.34166017e-06	1.361723e-08
2.34167890e-06	1.292768e-08
2.34169763e-06	1.152590e-08
2.34171637e-06	1.156074e-08
2.34173510e-06	1.235734e-08
2.34175384e-06	1.281561e-08
2.34177257e-06	1.361881e-08
2.34179130e-06	1.338428e-08
2.34181004e-06	1.352642e-08
2.34182877e-06	1.354685e-08
2.34184751e-06	1.304929e-08
2.34186624e-06	1.221202e-08
2.34188498e-06	1.178626e-08
2.34190371e-06	1.301644e-08
2.34192245e-06	1.297773e-08
2.34194118e-06	1.243346e-08
2.34195992e-06	1.260064e-08
2.34197865e-06	1.296643e-08
2.34199739e-06	1.329564e-08
2.34201613e-06	1.341649e-08
2.34203486e-06	1.223366e-08
2.34205360e-06	1.147568e-08
2.34207233e-06	1.221390e-08
2.34209107e-06	1.260391e-08
2.34210981e-06	1.339156e-08
2.34212855e-06	1.363522e-08
2.34214728e-06	1.338923e-08
2.34216602e-06	1.249016e-08
2.34218476e-06	1.265318e-08
2.34220349e-06	1.338179e-08
2.34222223e-06	1.363799e-08
2.34224097e-06	1.365276e-08
2.34225971e-06	1.368182e-08
2.34227844e-06	1.376963e-08
2.34229718e-06	1.382531e-08
2.34231592e-06	1.369446e-08
2.34233466e-06	1.353841e-08
2.34235340e-06	1.369815e-08
2.34237214e-06	1.337475e-08
2.34239088e-06	1.321139e-08
2.34240962e-06	1.329715e-08
2.34242835e-06	1.332494e-08
2.34244709e-06	1.272474e-08
2.34246583e-06	1.311056e-08
2.34248457e-06	1.345839e-08
2.34250331e-06	1.358414e-08
2.34252205e-06	1.370501e-08
2.34254079e-06	1.313577e-08
2.34255953e-06	1.233698e-08
2.34257827e-06	1.237365e-08
2.34259702e-06	1.235005e-08
2.34261576e-06	1.290099e-08
2.34263450e-06	1.355091e-08
2.34265324e-06	1.365579e-08
2.34267198e-06	1.338455e-08
2.34269072e-06	1.295314e-08
2.34270946e-06	1.357141e-08
2.34272820e-06	1.316529e-08
2.34274695e-06	1.203351e-08
2.34276569e-06	1.244715e-08
2.34278443e-06	1.240268e-08
2.34280317e-06	1.333394e-08
2.34282191e-06	1.342411e-08
2.34284066e-06	1.268641e-08
2.34285940e-06	1.259915e-08
2.34287814e-06	1.269740e-08
2.34289689e-06	1.292398e-08
2.34291563e-06	1.329382e-08
2.34293437e-06	1.352193e-08
2.34295312e-06	1.352577e-08
2.34297186e-06	1.327058e-08
2.34299060e-06	1.283785e-08
2.34300935e-06	1.328844e-08
2.34302809e-06	1.357950e-08
2.34304684e-06	1.328727e-08
2.34306558e-06	1.246395e-08
2.34308432e-06	1.328684e-08
2.34310307e-06	1.362582e-08
2.34312181e-06	1.351864e-08
2.34314056e-06	1.349437e-08
2.34315930e-06	1.277600e-08
2.34317805e-06	1.316259e-08
2.34319679e-06	1.354720e-08
2.34321554e-06	1.310063e-08
2.34323429e-06	1.218221e-08
2.34325303e-06	1.233184e-08
2.34327178e-06	1.168221e-08
2.34329052e-06	1.268668e-08
2.34330927e-06	1.297867e-08
2.34332802e-06	1.354961e-08
2.34334676e-06	1.377055e-08
2.34336551e-06	1.364289e-08
2.34338426e-06	1.305961e-08
2.34340300e-06	1.334740e-08
2.34342175e-06	1.305407e-08
2.34344050e-06	1.288204e-08
2.34345925e-06	1.292634e-08
2.34347799e-06	1.180002e-08
2.34349674e-06	1.153315e-08
2.34351549e-06	1.283738e-08
2.34353424e-06	1.327912e-08
2.34355299e-06	1.307139e-08
2.34357173e-06	1.319388e-08
2.34359048e-06	1.267954e-08
2.34360923e-06	1.159150e-08
2.34362798e-06	1.157970e-08
2.34364673e-06	1.292409e-08
2.34366548e-06	1.240979e-08
2.34368423e-06	1.155859e-08
2.34370298e-06	1.162357e-08
2.34372173e-06	1.226185e-08
2.34374048e-06	1.346738e-08
2.34375923e-06	1.318394e-08
2.34377798e-06	1.333718e-08
2.34379673e-06	1.351779e-08
2.34381548e-06	1.199859e-08
2.34383423e-06	1.151635e-08
2.34385298e-06	1.241906e-08
2.34387173e-06	1.279820e-08
2.34389048e-06	1.342765e-08
2.34390923e-06	1.310196e-08
2.34392798e-06	1.302990e-08
2.34394673e-06	1.361829e-08
2.34396549e-06	1.350003e-08
2.34398424e-06	1.287960e-08
2.34400299e-06	1.326567e-08
2.34402174e-06	1.293817e-08
2.34404049e-06	1.227410e-08
2.34405925e-06	1.235252e-08
2.34407800e-06	1.213169e-08
2.34409675e-06	1.293148e-08
2.34411550e-06	1.323695e-08
2.34413426e-06	1.294685e-08
2.34415301e-06	1.324218e-08
2.34417176e-06	1.352844e-08
2.34419052e-06	1.347227e-08
2.34420927e-06	1.329429e-08
2.34422802e-06	1.338283e-08
2.34424678e-06	1.345390e-08
2.34426553e-06	1.355147e-08
2.34428429e-06	1.298250e-08
2.34430304e-06	1.294632e-08
2.34432179e-06	1.255445e-08
2.34434055e-06	1.280588e-08
2.34435930e-06	1.329944e-08
2.34437806e-06	1.308346e-08
2.34439681e-06	1.286709e-08
2.34441557e-06	1.291923e-08
2.34443432e-06	1.263832e-08
2.34445308e-06	1.149500e-08
2.34447183e-06	1.155341e-08
2.34449059e-06	1.246851e-08
2.34450935e-06	1.199337e-08
2.34452810e-06	1.242782e-08
2.34454686e-06	1.305803e-08
2.34456562e-06	1.281165e-08
2.34458437e-06	1.269655e-08
2.34460313e-06	1.331384e-08
2.34462189e-06	1.359960e-08
2.34464064e-06	1.334044e-08
2.34465940e-06	1.320120e-08
2.34467816e-06	1.269633e-08
2.34469691e-06	1.138676e-08
2.34471567e-06	1.138943e-08
2.34473443e-06	1.288674e-08
2.34475319e-06	1.300771e-08
2.34477195e-06	1.225013e-08
2.34479070e-06	1.150805e-08
2.34480946e-06	1.192444e-08
2.34482822e-06	1.248643e-08
2.34484698e-06	1.338007e-08
2.34486574e-06	1.323355e-08
2.34488450e-06	1.204326e-08
2.34490326e-06	1.220727e-08
2.34492202e-06	1.269159e-08
2.34494077e-06	1.290957e-08
2.34495953e-06	1.191525e-08
2.34497829e-06	1.272747e-08
2.34499705e-06	1.328324e-08
2.34501581e-06	1.278110e-08
2.34503457e-06	1.148163e-08
2.34505333e-06	1.168207e-08
2.34507209e-06	1.270667e-08
2.34509086e-06	1.246413e-08
2.34510962e-06	1.315503e-08
2.34512838e-06	1.357780e-08
2.34514714e-06	1.366802e-08
2.34516590e-06	1.341762e-08
2.34518466e-06	1.323571e-08
2.34520342e-06	1.324587e-08
2.34522218e-06	1.215444e-08
2.34524094e-06	1.154862e-08
2.34525971e-06	1.250216e-08
2.34527847e-06	1.265546e-08
2.34529723e-06	1.154696e-08
2.34531599e-06	1.181171e-08
2.34533476e-06	1.292573e-08
2.34535352e-06	1.302692e-08
2.34537228e-06	1.206481e-08
2.34539104e-06	1.226850e-08
2.34540981e-06	1.245049e-08
2.34542857e-06	1.202146e-08
2.34544733e-06	1.152781e-08
2.34546610e-06	1.199418e-08
2.34548486e-06	1.146912e-08
2.34550363e-06	1.179672e-08
2.34552239e-06	1.336349e-08
2.34554115e-06	1.341220e-08
2.34555992e-06	1.292000e-08
2.34557868e-06	1.334343e-08
2.34559745e-06	1.357822e-08
2.34561621e-06	1.263606e-08
2.34563498e-06	1.261195e-08
2.34565374e-06	1.326532e-08
2.34567251e-06	1.365151e-08
2.34569127e-06	1.344689e-08
2.34571004e-06	1.331317e-08
2.34572880e-06	1.359550e-08
2.34574757e-06	1.303063e-08
2.34576634e-06	1.300954e-08
2.34578510e-06	1.373936e-08
2.34580387e-06	1.380316e-08
2.34582263e-06	1.359577e-08
2.34584140e-06	1.292380e-08
2.34586017e-06	1.264919e-08
2.34587894e-06	1.367347e-08
2.34589770e-06	1.354780e-08
2.34591647e-06	1.360409e-08
2.34593524e-06	1.358982e-08
2.34595400e-06	1.342087e-08
2.34597277e-06	1.284288e-08
2.34599154e-06	1.256057e-08
2.34601031e-06	1.363613e-08
2.34602908e-06	1.383485e-08
2.34604784e-06	1.317427e-08
2.34606661e-06	1.263877e-08
2.34608538e-06	1.324784e-08
2.34610415e-06	1.302163e-08
2.34612292e-06	1.305238e-08
2.34614169e-06	1.343498e-08
2.34616046e-06	1.320013e-08
2.34617923e-06	1.265350e-08
2.34619800e-06	1.335116e-08
2.34621676e-06	1.362908e-08
2.34623553e-06	1.349194e-08
2.34625430e-06	1.337960e-08
2.34627307e-06	1.350338e-08
2.34629184e-06	1.360332e-08
2.34631061e-06	1.298210e-08
2.34632938e-06	1.289674e-08
2.34634816e-06	1.312917e-08
2.34636693e-06	1.325290e-08
2.34638570e-06	1.342041e-08
2.34640447e-06	1.320894e-08
2.34642324e-06	1.308138e-08
2.34644201e-06	1.159790e-08
2.34646078e-06	1.138826e-08
2.34647955e-06	1.249542e-08
2.34649833e-06	1.326609e-08
2.34651710e-06	1.342675e-08
2.34653587e-06	1.315348e-08
2.34655464e-06	1.349890e-08
2.34657341e-06	1.365202e-08
2.34659219e-06	1.342205e-08
2.34661096e-06	1.321374e-08
2.34662973e-06	1.322265e-08
2.34664851e-06	1.273598e-08
2.34666728e-06	1.289120e-08
2.34668605e-06	1.359741e-08
2.34670483e-06	1.374207e-08
2.34672360e-06	1.358182e-08
2.34674237e-06	1.359592e-08
2.34676115e-06	1.333717e-08
2.34677992e-06	1.265875e-08
2.34679870e-06	1.227624e-08
2.34681747e-06	1.214889e-08
2.34683625e-06	1.303735e-08
2.34685502e-06	1.336829e-08
2.34687379e-06	1.317542e-08
2.34689257e-06	1.173499e-08
2.34691134e-06	1.144314e-08
2.34693012e-06	1.182705e-08
2.34694889e-06	1.250473e-08
2.34696767e-06	1.301230e-08
2.34698645e-06	1.346986e-08
2.34700522e-06	1.321474e-08
2.34702400e-06	1.310193e-08
2.34704277e-06	1.348312e-08
2.34706155e-06	1.337699e-08
2.34708033e-06	1.360996e-08
2.34709910e-06	1.374815e-08
2.34711788e-06	1.362448e-08
2.34713666e-06	1.347495e-08
2.34715543e-06	1.272168e-08
2.34717421e-06	1.250715e-08
2.34719299e-06	1.257249e-08
2.34721177e-06	1.302463e-08
2.34723054e-06	1.282112e-08
2.34724932e-06	1.278612e-08
2.34726810e-06	1.314565e-08
2.34728688e-06	1.301276e-08
2.34730566e-06	1.308716e-08
2.34732444e-06	1.217370e-08
2.34734321e-06	1.314536e-08
2.34736199e-06	1.343322e-08
2.34738077e-06	1.343870e-08
2.34739955e-06	1.271676e-08
2.34741833e-06	1.170041e-08
2.34743711e-06	1.215103e-08
2.34745589e-06	1.337065e-08
2.34747467e-06	1.342757e-08
2.34749345e-06	1.246221e-08
2.34751223e-06	1.154480e-08
2.34753101e-06	1.207413e-08
2.34754979e-06	1.164679e-08
2.34756857e-06	1.192198e-08
2.34758735e-06	1.294878e-08
2.34760613e-06	1.347203e-08
2.34762491e-06	1.349019e-08
2.34764369e-06	1.311654e-08
2.34766247e-06	1.258277e-08
2.34768125e-06	1.231447e-08
2.34770004e-06	1.242411e-08
2.34771882e-06	1.218079e-08
2.34773760e-06	1.200825e-08
2.34775638e-06	1.270291e-08
2.34777516e-06	1.274310e-08
2.34779395e-06	1.298732e-08
2.34781273e-06	1.299680e-08
2.34783151e-06	1.301256e-08
2.34785029e-06	1.364779e-08
2.34786908e-06	1.345068e-08
2.34788786e-06	1.330450e-08
2.34790664e-06	1.362000e-08
2.34792542e-06	1.367358e-08
2.34794421e-06	1.351510e-08
2.34796299e-06	1.339566e-08
2.34798178e-06	1.353562e-08
2.34800056e-06	1.357711e-08
2.34801934e-06	1.329855e-08
2.34803813e-06	1.350845e-08
2.34805691e-06	1.345263e-08
2.34807570e-06	1.333258e-08
2.34809448e-06	1.319409e-08
2.34811327e-06	1.296205e-08
2.34813205e-06	1.242113e-08
2.34815084e-06	1.231063e-08
2.34816962e-06	1.332220e-08
2.34818841e-06	1.352164e-08
2.34820719e-06	1.334286e-08
2.34822598e-06	1.183471e-08
2.34824476e-06	1.244669e-08
2.34826355e-06	1.230718e-08
2.34828234e-06	1.315866e-08
2.34830112e-06	1.346496e-08
2.34831991e-06	1.364963e-08
2.34833869e-06	1.322319e-08
2.34835748e-06	1.323712e-08
2.34837627e-06	1.315708e-08
2.34839506e-06	1.341453e-08
2.34841384e-06	1.296378e-08
2.34843263e-06	1.303200e-08
2.34845142e-06	1.313664e-08
2.34847021e-06	1.344961e-08
2.34848899e-06	1.338475e-08
2.34850778e-06	1.334326e-08
2.34852657e-06	1.259094e-08
2.34854536e-06	1.243392e-08
2.34856415e-06	1.290268e-08
2.34858293e-06	1.325121e-08
2.34860172e-06	1.327332e-08
2.34862051e-06	1.366132e-08
2.34863930e-06	1.361124e-08
2.34865809e-06	1.325611e-08
2.34867688e-06	1.225857e-08
2.34869567e-06	1.252821e-08
2.34871446e-06	1.289719e-08
2.34873325e-06	1.285148e-08
2.34875204e-06	1.356662e-08
2.34877083e-06	1.369325e-08
2.34878962e-06	1.315337e-08
2.34880841e-06	1.268063e-08
2.34882720e-06	1.243011e-08
2.34884599e-06	1.227212e-08
2.34886478e-06	1.321676e-08
2.34888357e-06	1.324613e-08
2.34890236e-06	1.337449e-08
2.34892115e-06	1.366837e-08
2.34893994e-06	1.372849e-08
2.34895873e-06	1.303425e-08
2.34897753e-06	1.306579e-08
2.34899632e-06	1.261959e-08
2.34901511e-06	1.235683e-08
2.34903390e-06	1.332514e-08
2.34905269e-06	1.327334e-08
2.34907149e-06	1.331016e-08
2.34909028e-06	1.305198e-08
2.34910907e-06	1.303215e-08
2.34912787e-06	1.335963e-08
2.34914666e-06	1.323663e-08
2.34916545e-06	1.289181e-08
2.34918425e-06	1.307440e-08
2.34920304e-06	1.270804e-08
2.34922183e-06	1.288971e-08
2.34924063e-06	1.262562e-08
2.34925942e-06	1.331528e-08
2.34927821e-06	1.360722e-08
2.34929701e-06	1.281320e-08
2.34931580e-06	1.291617e-08
2.34933460e-06	1.277703e-08
2.34935339e-06	1.229443e-08
2.34937219e-06	1.171542e-08
2.34939098e-06	1.246809e-08
2.34940978e-06	1.296481e-08
2.34942857e-06	1.215252e-08
2.34944737e-06	1.308243e-08
2.34946616e-06	1.303647e-08
2.34948496e-06	1.269819e-08
2.34950375e-06	1.149195e-08
2.34952255e-06	1.241140e-08
2.34954135e-06	1.344803e-08
2.34956014e-06	1.356302e-08
2.34957894e-06	1.319604e-08
2.34959774e-06	1.361576e-08
2.34961653e-06	1.277713e-08
2.34963533e-06	1.232463e-08
2.34965413e-06	1.291074e-08
2.34967292e-06	1.222325e-08
2.34969172e-06	1.213988e-08
2.34971052e-06	1.245644e-08
2.34972932e-06	1.177515e-08
2.34974812e-06	1.286542e-08
2.34976691e-06	1.231663e-08
2.34978571e-06	1.247795e-08
2.34980451e-06	1.262667e-08
2.34982331e-06	1.212640e-08
2.34984211e-06	1.138956e-08
2.34986090e-06	1.207064e-08
2.34987970e-06	1.229919e-08
2.34989850e-06	1.257362e-08
2.34991730e-06	1.354616e-08
2.34993610e-06	1.331769e-08
2.34995490e-06	1.348246e-08
2.34997370e-06	1.273621e-08
