2.30001633e-06	1.315560e-08
2.30003473e-06	1.325436e-08
2.30005313e-06	1.328564e-08
2.30007153e-06	1.334521e-08
2.30008993e-06	1.333268e-08
2.30010833e-06	1.309454e-08
2.30012673e-06	1.305036e-08
2.30014513e-06	1.318151e-08
2.30016353e-06	1.326111e-08
2.30018194e-06	1.321223e-08
2.30020034e-06	1.319412e-08
2.30021874e-06	1.307778e-08
2.30023714e-06	1.315491e-08
2.30025554e-06	1.327490e-08
2.30027395e-06	1.334101e-08
2.30029235e-06	1.334017e-08
2.30031075e-06	1.332235e-08
2.30032915e-06	1.321638e-08
2.30034756e-06	1.314100e-08
2.30036596e-06	1.330579e-08
2.30038436e-06	1.333097e-08
2.30040276e-06	1.333772e-08
2.30042117e-06	1.333169e-08
2.30043957e-06	1.330554e-08
2.30045797e-06	1.327395e-08
2.30047638e-06	1.329511e-08
2.30049478e-06	1.345399e-08
2.30051319e-06	1.324631e-08
2.30053159e-06	1.376487e-08
2.30054999e-06	1.413316e-08
2.30056840e-06	1.318325e-08
2.30058680e-06	1.334808e-08
2.30060521e-06	1.341763e-08
2.30062361e-06	1.337979e-08
2.30064202e-06	1.333455e-08
2.30066042e-06	1.331733e-08
2.30067883e-06	1.327842e-08
2.30069723e-06	1.325753e-08
2.30071564e-06	1.331298e-08
2.30073404e-06	1.343064e-08
2.30075245e-06	1.340758e-08
2.30077086e-06	1.331354e-08
2.30078926e-06	1.324496e-08
2.30080767e-06	1.328750e-08
2.30082608e-06	1.329679e-08
2.30084448e-06	1.330835e-08
2.30086289e-06	1.331071e-08
2.30088129e-06	1.330013e-08
2.30089970e-06	1.330721e-08
2.30091811e-06	1.323212e-08
2.30093652e-06	1.320660e-08
2.30095492e-06	1.325559e-08
2.30097333e-06	1.334975e-08
2.30099174e-06	1.332630e-08
2.30101015e-06	1.328173e-08
2.30102856e-06	1.335288e-08
2.30104696e-06	1.328947e-08
2.30106537e-06	1.330723e-08
2.30108378e-06	1.336662e-08
2.30110219e-06	1.342741e-08
2.30112060e-06	1.332694e-08
2.30113901e-06	1.321024e-08
2.30115742e-06	1.312387e-08
2.30117583e-06	1.319499e-08
2.30119423e-06	1.332814e-08
2.30121265e-06	1.335602e-08
2.30123105e-06	1.325564e-08
2.30124946e-06	1.324173e-08
2.30126787e-06	1.321502e-08
2.30128628e-06	1.349062e-08
2.30130469e-06	1.401952e-08
2.30132310e-06	1.412459e-08
2.30134152e-06	1.329234e-08
2.30135993e-06	1.330310e-08
2.30137834e-06	1.329794e-08
2.30139675e-06	1.339785e-08
2.30141516e-06	1.339607e-08
2.30143357e-06	1.315637e-08
2.30145198e-06	1.312274e-08
2.30147039e-06	1.330256e-08
2.30148881e-06	1.344562e-08
2.30150722e-06	1.345827e-08
2.30152563e-06	1.332147e-08
2.30154404e-06	1.326407e-08
2.30156245e-06	1.326918e-08
2.30158087e-06	1.332637e-08
2.30159928e-06	1.328905e-08
2.30161769e-06	1.324063e-08
2.30163611e-06	1.332358e-08
2.30165452e-06	1.334150e-08
2.30167293e-06	1.330616e-08
2.30169135e-06	1.321938e-08
2.30170976e-06	1.316741e-08
2.30172817e-06	1.315093e-08
2.30174659e-06	1.323459e-08
2.30176500e-06	1.326496e-08
2.30178341e-06	1.309539e-08
2.30180183e-06	1.315624e-08
2.30182024e-06	1.329419e-08
2.30183866e-06	1.325596e-08
2.30185707e-06	1.327984e-08
2.30187549e-06	1.334173e-08
2.30189390e-06	1.331644e-08
2.30191232e-06	1.321763e-08
2.30193073e-06	1.328062e-08
2.30194915e-06	1.327999e-08
2.30196756e-06	1.317777e-08
2.30198598e-06	1.320830e-08
2.30200440e-06	1.328709e-08
2.30202281e-06	1.334775e-08
2.30204123e-06	1.334235e-08
2.30205964e-06	1.330404e-08
2.30207806e-06	1.323038e-08
2.30209648e-06	1.323385e-08
2.30211489e-06	1.399233e-08
2.30213331e-06	1.412221e-08
2.30215173e-06	1.315446e-08
2.30217014e-06	1.324238e-08
2.30218856e-06	1.320827e-08
2.30220698e-06	1.322113e-08
2.30222540e-06	1.327102e-08
2.30224381e-06	1.328931e-08
2.30226223e-06	1.332449e-08
2.30228065e-06	1.333412e-08
2.30229907e-06	1.331763e-08
2.30231749e-06	1.328693e-08
2.30233591e-06	1.321142e-08
2.30235433e-06	1.314061e-08
2.30237274e-06	1.315478e-08
2.30239116e-06	1.317482e-08
2.30240958e-06	1.327041e-08
2.30242800e-06	1.330327e-08
2.30244642e-06	1.326056e-08
2.30246484e-06	1.319338e-08
2.30248326e-06	1.319494e-08
2.30250168e-06	1.326411e-08
2.30252010e-06	1.330939e-08
2.30253852e-06	1.332819e-08
2.30255694e-06	1.328112e-08
2.30257536e-06	1.316141e-08
2.30259378e-06	1.319790e-08
2.30261220e-06	1.321318e-08
2.30263062e-06	1.326987e-08
2.30264904e-06	1.327098e-08
2.30266747e-06	1.324098e-08
2.30268589e-06	1.310864e-08
2.30270431e-06	1.323320e-08
2.30272273e-06	1.328831e-08
2.30274115e-06	1.331401e-08
2.30275957e-06	1.339432e-08
2.30277800e-06	1.339469e-08
2.30279642e-06	1.335415e-08
2.30281484e-06	1.337287e-08
2.30283326e-06	1.330007e-08
2.30285168e-06	1.328702e-08
2.30287011e-06	1.319606e-08
2.30288853e-06	1.322734e-08
2.30290695e-06	1.330859e-08
2.30292538e-06	1.332227e-08
2.30294380e-06	1.327957e-08
2.30296222e-06	1.333192e-08
2.30298065e-06	1.411799e-08
2.30299907e-06	1.355701e-08
2.30301750e-06	1.329656e-08
2.30303592e-06	1.328665e-08
2.30305434e-06	1.328125e-08
2.30307277e-06	1.325905e-08
2.30309119e-06	1.325379e-08
2.30310962e-06	1.329629e-08
2.30312804e-06	1.334014e-08
2.30314647e-06	1.326843e-08
2.30316489e-06	1.323814e-08
2.30318332e-06	1.327856e-08
2.30320174e-06	1.336837e-08
2.30322017e-06	1.330479e-08
2.30323860e-06	1.310618e-08
2.30325702e-06	1.318956e-08
2.30327545e-06	1.328350e-08
2.30329387e-06	1.332419e-08
2.30331230e-06	1.337045e-08
2.30333073e-06	1.335096e-08
2.30334915e-06	1.330884e-08
2.30336758e-06	1.332770e-08
2.30338601e-06	1.320230e-08
2.30340443e-06	1.308239e-08
2.30342286e-06	1.295069e-08
2.30344129e-06	1.312093e-08
2.30345972e-06	1.322105e-08
2.30347814e-06	1.326164e-08
2.30349657e-06	1.323577e-08
2.30351500e-06	1.320899e-08
2.30353343e-06	1.328593e-08
2.30355186e-06	1.332183e-08
2.30357028e-06	1.332814e-08
2.30358871e-06	1.333665e-08
2.30360714e-06	1.332384e-08
2.30362557e-06	1.332970e-08
2.30364400e-06	1.328378e-08
2.30366243e-06	1.317683e-08
2.30368086e-06	1.319781e-08
2.30369929e-06	1.323690e-08
2.30371772e-06	1.328507e-08
2.30373615e-06	1.334384e-08
2.30375458e-06	1.334981e-08
2.30377301e-06	1.336315e-08
2.30379144e-06	1.332333e-08
2.30380987e-06	1.329301e-08
2.30382830e-06	1.327559e-08
2.30384673e-06	1.318607e-08
2.30386516e-06	1.411568e-08
2.30388359e-06	1.395235e-08
2.30390202e-06	1.332590e-08
2.30392045e-06	1.324743e-08
2.30393888e-06	1.331860e-08
2.30395731e-06	1.331803e-08
2.30397575e-06	1.331713e-08
2.30399418e-06	1.322243e-08
2.30401261e-06	1.321858e-08
2.30403104e-06	1.316352e-08
2.30404947e-06	1.319448e-08
2.30406791e-06	1.323773e-08
2.30408634e-06	1.324558e-08
2.30410477e-06	1.320566e-08
2.30412321e-06	1.309936e-08
2.30414164e-06	1.305811e-08
2.30416007e-06	1.315578e-08
2.30417850e-06	1.321187e-08
2.30419694e-06	1.325821e-08
2.30421537e-06	1.325940e-08
2.30423381e-06	1.326611e-08
2.30425224e-06	1.321090e-08
2.30427067e-06	1.325426e-08
2.30428911e-06	1.324130e-08
2.30430754e-06	1.322967e-08
2.30432598e-06	1.329716e-08
2.30434441e-06	1.329542e-08
2.30436285e-06	1.322696e-08
2.30438128e-06	1.302015e-08
2.30439971e-06	1.302390e-08
2.30441815e-06	1.310040e-08
2.30443659e-06	1.314382e-08
2.30445502e-06	1.324089e-08
2.30447346e-06	1.316979e-08
2.30449189e-06	1.312790e-08
2.30451033e-06	1.322643e-08
2.30452877e-06	1.320259e-08
2.30454720e-06	1.311142e-08
2.30456564e-06	1.321150e-08
2.30458407e-06	1.323610e-08
2.30460251e-06	1.323102e-08
2.30462095e-06	1.327181e-08
2.30463938e-06	1.330880e-08
2.30465782e-06	1.327731e-08
2.30467626e-06	1.318447e-08
2.30469470e-06	1.325540e-08
2.30471313e-06	1.330071e-08
2.30473157e-06	1.335608e-08
2.30475001e-06	1.334735e-08
2.30476845e-06	1.326592e-08
2.30478688e-06	1.339536e-08
2.30480532e-06	1.411115e-08
2.30482376e-06	1.318243e-08
2.30484220e-06	1.325073e-08
2.30486064e-06	1.316823e-08
2.30487908e-06	1.318609e-08
2.30489752e-06	1.327691e-08
2.30491596e-06	1.330037e-08
2.30493440e-06	1.338806e-08
2.30495284e-06	1.335488e-08
2.30497128e-06	1.336302e-08
2.30498972e-06	1.336380e-08
2.30500815e-06	1.331457e-08
2.30502660e-06	1.325276e-08
2.30504504e-06	1.329971e-08
2.30506347e-06	1.331404e-08
2.30508192e-06	1.331865e-08
2.30510036e-06	1.331410e-08
2.30511880e-06	1.326826e-08
2.30513724e-06	1.325254e-08
2.30515568e-06	1.331657e-08
2.30517412e-06	1.329563e-08
2.30519256e-06	1.326856e-08
2.30521100e-06	1.331459e-08
2.30522944e-06	1.329096e-08
2.30524789e-06	1.322914e-08
2.30526633e-06	1.326598e-08
2.30528477e-06	1.325918e-08
2.30530321e-06	1.320073e-08
2.30532166e-06	1.325808e-08
2.30534010e-06	1.326545e-08
2.30535854e-06	1.328270e-08
2.30537698e-06	1.325650e-08
2.30539543e-06	1.331399e-08
2.30541387e-06	1.341246e-08
2.30543231e-06	1.337222e-08
2.30545076e-06	1.329038e-08
2.30546920e-06	1.335322e-08
2.30548764e-06	1.336419e-08
2.30550609e-06	1.333732e-08
2.30552453e-06	1.323907e-08
2.30554298e-06	1.316069e-08
2.30556142e-06	1.319030e-08
2.30557987e-06	1.325574e-08
2.30559831e-06	1.322138e-08
2.30561675e-06	1.323239e-08
2.30563520e-06	1.341627e-08
2.30565365e-06	1.342872e-08
2.30567209e-06	1.333396e-08
2.30569054e-06	1.327286e-08
2.30570898e-06	1.323857e-08
2.30572743e-06	1.329056e-08
2.30574587e-06	1.324848e-08
2.30576432e-06	1.395559e-08
2.30578276e-06	1.411282e-08
2.30580121e-06	1.319171e-08
2.30581966e-06	1.322341e-08
2.30583810e-06	1.320208e-08
2.30585655e-06	1.327586e-08
2.30587500e-06	1.330058e-08
2.30589344e-06	1.332424e-08
2.30591189e-06	1.331795e-08
2.30593034e-06	1.328971e-08
2.30594879e-06	1.332560e-08
2.30596723e-06	1.332058e-08
2.30598568e-06	1.332592e-08
2.30600413e-06	1.327875e-08
2.30602258e-06	1.324867e-08
2.30604102e-06	1.319911e-08
2.30605947e-06	1.316206e-08
2.30607792e-06	1.320013e-08
2.30609637e-06	1.323340e-08
2.30611482e-06	1.325520e-08
2.30613327e-06	1.333199e-08
2.30615172e-06	1.333408e-08
2.30617017e-06	1.330935e-08
2.30618862e-06	1.332071e-08
2.30620707e-06	1.333090e-08
2.30622551e-06	1.332216e-08
2.30624396e-06	1.327142e-08
2.30626241e-06	1.325941e-08
2.30628087e-06	1.324220e-08
2.30629932e-06	1.319348e-08
2.30631777e-06	1.312148e-08
2.30633622e-06	1.315386e-08
2.30635467e-06	1.318668e-08
2.30637312e-06	1.319480e-08
2.30639157e-06	1.322386e-08
2.30641002e-06	1.328981e-08
2.30642847e-06	1.317947e-08
2.30644692e-06	1.324494e-08
2.30646537e-06	1.331358e-08
2.30648383e-06	1.332679e-08
2.30650228e-06	1.332017e-08
2.30652073e-06	1.331223e-08
2.30653918e-06	1.330093e-08
2.30655763e-06	1.331572e-08
2.30657609e-06	1.329920e-08
2.30659454e-06	1.320136e-08
2.30661299e-06	1.320671e-08
2.30663144e-06	1.331383e-08
2.30664990e-06	1.336456e-08
2.30666835e-06	1.339420e-08
2.30668681e-06	1.334300e-08
2.30670526e-06	1.331067e-08
2.30672371e-06	1.331599e-08
2.30674217e-06	1.324535e-08
2.30676062e-06	1.330666e-08
2.30677907e-06	1.406816e-08
2.30679753e-06	1.408121e-08
2.30681598e-06	1.319814e-08
2.30683444e-06	1.327987e-08
2.30685289e-06	1.329790e-08
2.30687135e-06	1.329333e-08
2.30688980e-06	1.323910e-08
2.30690826e-06	1.328768e-08
2.30692671e-06	1.324067e-08
2.30694517e-06	1.329651e-08
2.30696362e-06	1.328712e-08
2.30698208e-06	1.319917e-08
2.30700053e-06	1.309453e-08
2.30701899e-06	1.316335e-08
2.30703745e-06	1.323060e-08
2.30705590e-06	1.327505e-08
2.30707436e-06	1.320846e-08
2.30709282e-06	1.318111e-08
2.30711127e-06	1.314976e-08
2.30712973e-06	1.310470e-08
2.30714819e-06	1.311928e-08
2.30716664e-06	1.309249e-08
2.30718510e-06	1.312293e-08
2.30720356e-06	1.317886e-08
2.30722202e-06	1.326257e-08
2.30724047e-06	1.330898e-08
2.30725893e-06	1.328618e-08
2.30727739e-06	1.323723e-08
2.30729585e-06	1.331807e-08
2.30731431e-06	1.331337e-08
2.30733277e-06	1.326799e-08
2.30735122e-06	1.320936e-08
2.30736968e-06	1.323243e-08
2.30738814e-06	1.331956e-08
2.30740660e-06	1.332086e-08
2.30742506e-06	1.324588e-08
2.30744352e-06	1.313397e-08
2.30746198e-06	1.316604e-08
2.30748044e-06	1.328687e-08
2.30749890e-06	1.330705e-08
2.30751736e-06	1.330264e-08
2.30753582e-06	1.331280e-08
2.30755428e-06	1.325947e-08
2.30757274e-06	1.325093e-08
2.30759120e-06	1.328697e-08
2.30760966e-06	1.335224e-08
2.30762812e-06	1.336326e-08
2.30764658e-06	1.343345e-08
2.30766504e-06	1.336653e-08
2.30768351e-06	1.333782e-08
2.30770197e-06	1.318820e-08
2.30772043e-06	1.304103e-08
2.30773889e-06	1.305764e-08
2.30775735e-06	1.309661e-08
2.30777581e-06	1.315981e-08
2.30779428e-06	1.331028e-08
2.30781274e-06	1.325854e-08
2.30783120e-06	1.404331e-08
2.30784966e-06	1.408476e-08
2.30786813e-06	1.319652e-08
2.30788659e-06	1.322216e-08
2.30790505e-06	1.314689e-08
2.30792352e-06	1.316586e-08
2.30794198e-06	1.325317e-08
2.30796044e-06	1.318345e-08
2.30797891e-06	1.319667e-08
2.30799737e-06	1.325063e-08
2.30801583e-06	1.319925e-08
2.30803430e-06	1.327067e-08
2.30805276e-06	1.336865e-08
2.30807123e-06	1.327193e-08
2.30808969e-06	1.321199e-08
2.30810816e-06	1.326949e-08
2.30812662e-06	1.327586e-08
2.30814509e-06	1.323045e-08
2.30816355e-06	1.317514e-08
2.30818202e-06	1.318460e-08
2.30820048e-06	1.326433e-08
2.30821895e-06	1.322736e-08
2.30823741e-06	1.322377e-08
2.30825588e-06	1.321527e-08
2.30827434e-06	1.330225e-08
2.30829281e-06	1.332090e-08
2.30831128e-06	1.329195e-08
2.30832974e-06	1.322336e-08
2.30834821e-06	1.322140e-08
2.30836668e-06	1.325667e-08
2.30838514e-06	1.329083e-08
2.30840361e-06	1.326372e-08
2.30842208e-06	1.320143e-08
2.30844055e-06	1.317116e-08
2.30845901e-06	1.322214e-08
2.30847748e-06	1.327022e-08
2.30849595e-06	1.331776e-08
2.30851442e-06	1.334767e-08
2.30853288e-06	1.330418e-08
2.30855135e-06	1.322809e-08
2.30856982e-06	1.325318e-08
2.30858829e-06	1.327026e-08
2.30860676e-06	1.321840e-08
2.30862523e-06	1.311533e-08
2.30864370e-06	1.319782e-08
2.30866217e-06	1.319680e-08
2.30868063e-06	1.314846e-08
2.30869911e-06	1.325318e-08
2.30871757e-06	1.328132e-08
2.30873604e-06	1.329821e-08
2.30875451e-06	1.329078e-08
2.30877298e-06	1.321233e-08
2.30879145e-06	1.328279e-08
2.30880992e-06	1.329949e-08
2.30882840e-06	1.329982e-08
2.30884687e-06	1.322368e-08
2.30886534e-06	1.318775e-08
2.30888381e-06	1.327116e-08
2.30890228e-06	1.331450e-08
2.30892075e-06	1.383876e-08
2.30893922e-06	1.410350e-08
2.30895769e-06	1.318625e-08
2.30897616e-06	1.330244e-08
2.30899464e-06	1.333888e-08
2.30901311e-06	1.331266e-08
2.30903158e-06	1.324474e-08
2.30905005e-06	1.326774e-08
2.30906852e-06	1.328770e-08
2.30908700e-06	1.329627e-08
2.30910547e-06	1.331174e-08
2.30912394e-06	1.333363e-08
2.30914242e-06	1.325744e-08
2.30916089e-06	1.319152e-08
2.30917936e-06	1.327217e-08
2.30919784e-06	1.335573e-08
2.30921631e-06	1.334558e-08
2.30923478e-06	1.327273e-08
2.30925326e-06	1.319707e-08
2.30927173e-06	1.318723e-08
2.30929021e-06	1.323563e-08
2.30930868e-06	1.318591e-08
2.30932715e-06	1.324540e-08
2.30934563e-06	1.329256e-08
2.30936410e-06	1.336778e-08
2.30938258e-06	1.332349e-08
2.30940105e-06	1.321285e-08
2.30941953e-06	1.328958e-08
2.30943800e-06	1.330239e-08
2.30945648e-06	1.331423e-08
2.30947495e-06	1.331288e-08
2.30949343e-06	1.328980e-08
2.30951191e-06	1.328858e-08
2.30953038e-06	1.332207e-08
2.30954886e-06	1.329676e-08
2.30956733e-06	1.322721e-08
2.30958581e-06	1.322494e-08
2.30960429e-06	1.323431e-08
2.30962277e-06	1.321339e-08
2.30964124e-06	1.319314e-08
2.30965972e-06	1.337189e-08
2.30967820e-06	1.341862e-08
2.30969667e-06	1.338823e-08
2.30971515e-06	1.317196e-08
2.30973363e-06	1.309033e-08
2.30975211e-06	1.329099e-08
2.30977059e-06	1.335771e-08
2.30978906e-06	1.337818e-08
2.30980754e-06	1.338363e-08
2.30982602e-06	1.338538e-08
2.30984450e-06	1.341144e-08
2.30986298e-06	1.324164e-08
2.30988146e-06	1.321492e-08
2.30989994e-06	1.327056e-08
2.30991842e-06	1.328516e-08
2.30993689e-06	1.330693e-08
2.30995537e-06	1.329034e-08
2.30997385e-06	1.321011e-08
2.30999233e-06	1.328563e-08
2.31001081e-06	1.329568e-08
2.31002929e-06	1.321501e-08
2.31004777e-06	1.319687e-08
2.31006625e-06	1.408966e-08
2.31008473e-06	1.335585e-08
2.31010321e-06	1.325056e-08
2.31012170e-06	1.327914e-08
2.31014018e-06	1.338218e-08
2.31015866e-06	1.329975e-08
2.31017714e-06	1.320263e-08
2.31019562e-06	1.312376e-08
2.31021410e-06	1.321860e-08
2.31023258e-06	1.321985e-08
2.31025107e-06	1.309871e-08
2.31026955e-06	1.304214e-08
2.31028803e-06	1.315968e-08
2.31030651e-06	1.316194e-08
2.31032499e-06	1.320994e-08
2.31034348e-06	1.318298e-08
2.31036196e-06	1.329528e-08
2.31038044e-06	1.327096e-08
2.31039893e-06	1.326765e-08
2.31041741e-06	1.331487e-08
2.31043589e-06	1.328328e-08
2.31045438e-06	1.333708e-08
2.31047286e-06	1.334795e-08
2.31049134e-06	1.331392e-08
2.31050983e-06	1.328315e-08
2.31052831e-06	1.331132e-08
2.31054680e-06	1.325295e-08
2.31056528e-06	1.326868e-08
2.31058377e-06	1.331734e-08
2.31060225e-06	1.329298e-08
2.31062073e-06	1.314972e-08
2.31063922e-06	1.324576e-08
2.31065770e-06	1.330590e-08
2.31067619e-06	1.324666e-08
2.31069467e-06	1.322996e-08
2.31071316e-06	1.329264e-08
2.31073165e-06	1.330558e-08
2.31075013e-06	1.328490e-08
2.31076862e-06	1.326474e-08
2.31078710e-06	1.326860e-08
2.31080559e-06	1.332093e-08
2.31082408e-06	1.328575e-08
2.31084256e-06	1.324458e-08
2.31086105e-06	1.324814e-08
2.31087954e-06	1.326118e-08
2.31089802e-06	1.331851e-08
2.31091651e-06	1.335091e-08
2.31093500e-06	1.330796e-08
2.31095349e-06	1.328697e-08
2.31097197e-06	1.332259e-08
2.31099046e-06	1.333081e-08
2.31100895e-06	1.330972e-08
2.31102744e-06	1.325587e-08
2.31104593e-06	1.318325e-08
2.31106441e-06	1.309772e-08
2.31108290e-06	1.325932e-08
2.31110139e-06	1.325877e-08
2.31111988e-06	1.316814e-08
2.31113837e-06	1.309706e-08
2.31115686e-06	1.316287e-08
2.31117535e-06	1.335350e-08
2.31119384e-06	1.339670e-08
2.31121233e-06	1.330867e-08
2.31123082e-06	1.402223e-08
2.31124931e-06	1.406668e-08
2.31126780e-06	1.322414e-08
2.31128629e-06	1.328984e-08
2.31130478e-06	1.328202e-08
2.31132327e-06	1.329950e-08
2.31134176e-06	1.330211e-08
2.31136025e-06	1.330430e-08
2.31137874e-06	1.325493e-08
2.31139723e-06	1.321251e-08
2.31141572e-06	1.326941e-08
2.31143421e-06	1.330048e-08
2.31145270e-06	1.329792e-08
2.31147120e-06	1.326902e-08
2.31148969e-06	1.329946e-08
2.31150818e-06	1.327518e-08
2.31152667e-06	1.330883e-08
2.31154516e-06	1.331687e-08
2.31156366e-06	1.333792e-08
2.31158215e-06	1.328354e-08
2.31160064e-06	1.307794e-08
2.31161913e-06	1.324815e-08
2.31163763e-06	1.340995e-08
2.31165612e-06	1.343032e-08
2.31167461e-06	1.335203e-08
2.31169311e-06	1.322292e-08
2.31171160e-06	1.318194e-08
2.31173009e-06	1.328826e-08
2.31174859e-06	1.329197e-08
2.31176708e-06	1.326105e-08
2.31178558e-06	1.331220e-08
2.31180407e-06	1.325622e-08
2.31182257e-06	1.327586e-08
2.31184106e-06	1.331239e-08
2.31185955e-06	1.330749e-08
2.31187805e-06	1.318714e-08
2.31189654e-06	1.329494e-08
2.31191504e-06	1.333330e-08
2.31193353e-06	1.327417e-08
2.31195203e-06	1.332150e-08
2.31197052e-06	1.327924e-08
2.31198902e-06	1.322745e-08
2.31200752e-06	1.325392e-08
2.31202601e-06	1.330622e-08
2.31204451e-06	1.328054e-08
2.31206301e-06	1.329687e-08
2.31208150e-06	1.330770e-08
2.31210000e-06	1.326278e-08
2.31211850e-06	1.317463e-08
2.31213699e-06	1.322538e-08
2.31215549e-06	1.322568e-08
2.31217399e-06	1.322480e-08
2.31219248e-06	1.326004e-08
2.31221098e-06	1.331568e-08
2.31222948e-06	1.330651e-08
2.31224798e-06	1.327854e-08
2.31226648e-06	1.328357e-08
2.31228497e-06	1.331354e-08
2.31230347e-06	1.333644e-08
2.31232197e-06	1.318130e-08
2.31234047e-06	1.323210e-08
2.31235897e-06	1.330225e-08
2.31237747e-06	1.330188e-08
2.31239596e-06	1.329705e-08
2.31241446e-06	1.323323e-08
2.31243296e-06	1.312835e-08
2.31245146e-06	1.408606e-08
2.31246996e-06	1.357389e-08
2.31248846e-06	1.327484e-08
2.31250696e-06	1.323759e-08
2.31252546e-06	1.322982e-08
2.31254396e-06	1.331748e-08
2.31256246e-06	1.327723e-08
2.31258096e-06	1.328932e-08
2.31259946e-06	1.329321e-08
2.31261796e-06	1.323937e-08
2.31263647e-06	1.322666e-08
2.31265497e-06	1.321031e-08
2.31267347e-06	1.313220e-08
2.31269197e-06	1.320262e-08
2.31271047e-06	1.329197e-08
2.31272897e-06	1.326631e-08
2.31274748e-06	1.328628e-08
2.31276598e-06	1.327281e-08
2.31278448e-06	1.316628e-08
2.31280298e-06	1.320933e-08
2.31282148e-06	1.321897e-08
2.31283999e-06	1.317929e-08
2.31285849e-06	1.332041e-08
2.31287699e-06	1.327198e-08
2.31289550e-06	1.323585e-08
2.31291400e-06	1.329670e-08
2.31293250e-06	1.330628e-08
2.31295100e-06	1.328395e-08
2.31296951e-06	1.330020e-08
2.31298801e-06	1.324317e-08
2.31300652e-06	1.323722e-08
2.31302502e-06	1.330098e-08
2.31304352e-06	1.329142e-08
2.31306203e-06	1.330344e-08
2.31308053e-06	1.330896e-08
2.31309904e-06	1.332310e-08
2.31311754e-06	1.336639e-08
2.31313605e-06	1.334934e-08
2.31315455e-06	1.328844e-08
2.31317306e-06	1.333284e-08
2.31319156e-06	1.330395e-08
2.31321007e-06	1.329014e-08
2.31322857e-06	1.330691e-08
2.31324708e-06	1.332793e-08
2.31326559e-06	1.323202e-08
2.31328409e-06	1.320168e-08
2.31330260e-06	1.325110e-08
2.31332111e-06	1.317275e-08
2.31333961e-06	1.312278e-08
2.31335812e-06	1.325411e-08
2.31337662e-06	1.327448e-08
2.31339513e-06	1.329870e-08
2.31341364e-06	1.329989e-08
2.31343215e-06	1.315746e-08
2.31345065e-06	1.301554e-08
2.31346916e-06	1.316473e-08
2.31348767e-06	1.320137e-08
2.31350618e-06	1.319642e-08
2.31352469e-06	1.320984e-08
2.31354319e-06	1.316839e-08
2.31356170e-06	1.317683e-08
2.31358021e-06	1.323842e-08
2.31359872e-06	1.327872e-08
2.31361723e-06	1.328840e-08
2.31363574e-06	1.324407e-08
2.31365425e-06	1.324197e-08
2.31367275e-06	1.324585e-08
2.31369127e-06	1.338056e-08
2.31370977e-06	1.408308e-08
2.31372828e-06	1.314270e-08
2.31374679e-06	1.318011e-08
2.31376530e-06	1.325735e-08
2.31378381e-06	1.328845e-08
2.31380232e-06	1.324753e-08
2.31382083e-06	1.330887e-08
2.31383935e-06	1.328526e-08
2.31385786e-06	1.329142e-08
2.31387637e-06	1.326358e-08
2.31389488e-06	1.328645e-08
2.31391339e-06	1.325014e-08
2.31393190e-06	1.322543e-08
2.31395041e-06	1.330641e-08
2.31396892e-06	1.327916e-08
2.31398744e-06	1.327686e-08
2.31400595e-06	1.332518e-08
2.31402446e-06	1.328867e-08
2.31404297e-06	1.332961e-08
2.31406148e-06	1.333294e-08
2.31408000e-06	1.329674e-08
2.31409851e-06	1.317314e-08
2.31411702e-06	1.314370e-08
2.31413553e-06	1.317198e-08
2.31415405e-06	1.319312e-08
2.31417256e-06	1.320723e-08
2.31419107e-06	1.323214e-08
2.31420959e-06	1.319582e-08
2.31422810e-06	1.319761e-08
2.31424662e-06	1.327254e-08
2.31426513e-06	1.326342e-08
2.31428364e-06	1.322927e-08
2.31430216e-06	1.314228e-08
2.31432067e-06	1.326421e-08
2.31433919e-06	1.326729e-08
2.31435770e-06	1.325428e-08
2.31437622e-06	1.328807e-08
2.31439473e-06	1.331887e-08
2.31441325e-06	1.328097e-08
2.31443176e-06	1.328775e-08
2.31445028e-06	1.328471e-08
2.31446879e-06	1.329672e-08
2.31448731e-06	1.328382e-08
2.31450582e-06	1.326347e-08
2.31452434e-06	1.328930e-08
2.31454286e-06	1.325766e-08
2.31456137e-06	1.328771e-08
2.31457989e-06	1.320498e-08
2.31459841e-06	1.319321e-08
2.31461692e-06	1.316315e-08
2.31463544e-06	1.300875e-08
2.31465396e-06	1.322170e-08
2.31467247e-06	1.336017e-08
2.31469099e-06	1.337572e-08
2.31470951e-06	1.330706e-08
2.31472803e-06	1.327601e-08
2.31474654e-06	1.325133e-08
2.31476506e-06	1.327499e-08
2.31478358e-06	1.325744e-08
2.31480210e-06	1.327991e-08
2.31482062e-06	1.328071e-08
2.31483913e-06	1.323763e-08
2.31485765e-06	1.329542e-08
2.31487617e-06	1.327543e-08
2.31489469e-06	1.327110e-08
2.31491321e-06	1.329178e-08
2.31493173e-06	1.328217e-08
2.31495025e-06	1.327668e-08
2.31496877e-06	1.333779e-08
2.31498729e-06	1.369059e-08
2.31500581e-06	1.408054e-08
2.31502433e-06	1.311914e-08
2.31504285e-06	1.321230e-08
2.31506137e-06	1.331801e-08
2.31507989e-06	1.329459e-08
2.31509841e-06	1.322417e-08
2.31511693e-06	1.330614e-08
2.31513545e-06	1.329309e-08
2.31515397e-06	1.322421e-08
2.31517250e-06	1.322401e-08
2.31519102e-06	1.312822e-08
2.31520954e-06	1.316790e-08
2.31522806e-06	1.322178e-08
2.31524658e-06	1.321418e-08
2.31526510e-06	1.312535e-08
2.31528362e-06	1.330059e-08
2.31530215e-06	1.337498e-08
2.31532067e-06	1.330198e-08
2.31533919e-06	1.327289e-08
2.31535771e-06	1.317353e-08
2.31537624e-06	1.312519e-08
2.31539476e-06	1.310462e-08
2.31541328e-06	1.325193e-08
2.31543181e-06	1.329491e-08
2.31545033e-06	1.328871e-08
2.31546885e-06	1.320631e-08
2.31548738e-06	1.322935e-08
2.31550590e-06	1.324747e-08
2.31552443e-06	1.319662e-08
2.31554295e-06	1.324572e-08
2.31556148e-06	1.319943e-08
2.31558000e-06	1.305825e-08
2.31559852e-06	1.323470e-08
2.31561705e-06	1.323784e-08
2.31563557e-06	1.310761e-08
2.31565410e-06	1.303419e-08
2.31567262e-06	1.312507e-08
2.31569115e-06	1.328500e-08
2.31570967e-06	1.330990e-08
2.31572820e-06	1.327623e-08
2.31574673e-06	1.328678e-08
2.31576525e-06	1.331535e-08
2.31578378e-06	1.330124e-08
2.31580231e-06	1.323419e-08
2.31582083e-06	1.318590e-08
2.31583936e-06	1.318293e-08
2.31585788e-06	1.328666e-08
2.31587641e-06	1.325452e-08
2.31589494e-06	1.326739e-08
2.31591347e-06	1.307951e-08
2.31593199e-06	1.315380e-08
2.31595052e-06	1.324657e-08
2.31596905e-06	1.327652e-08
2.31598758e-06	1.327157e-08
2.31600610e-06	1.329890e-08
2.31602463e-06	1.322696e-08
2.31604316e-06	1.303258e-08
2.31606169e-06	1.300566e-08
2.31608022e-06	1.324924e-08
2.31609875e-06	1.328094e-08
2.31611727e-06	1.329887e-08
2.31613580e-06	1.329414e-08
2.31615433e-06	1.329139e-08
2.31617286e-06	1.331559e-08
2.31619139e-06	1.322331e-08
2.31620992e-06	1.323447e-08
2.31622845e-06	1.328485e-08
2.31624698e-06	1.332541e-08
2.31626551e-06	1.330050e-08
2.31628404e-06	1.338465e-08
2.31630257e-06	1.336411e-08
2.31632110e-06	1.332393e-08
2.31633963e-06	1.407129e-08
2.31635816e-06	1.313810e-08
2.31637669e-06	1.324661e-08
2.31639522e-06	1.325856e-08
2.31641375e-06	1.322370e-08
2.31643229e-06	1.324917e-08
2.31645082e-06	1.329247e-08
2.31646935e-06	1.330447e-08
2.31648788e-06	1.325684e-08
2.31650641e-06	1.322901e-08
2.31652494e-06	1.319188e-08
2.31654348e-06	1.314013e-08
2.31656201e-06	1.337097e-08
2.31658054e-06	1.336639e-08
2.31659908e-06	1.327587e-08
2.31661761e-06	1.327538e-08
2.31663614e-06	1.328054e-08
2.31665467e-06	1.327887e-08
2.31667321e-06	1.326715e-08
2.31669174e-06	1.330718e-08
2.31671027e-06	1.321303e-08
2.31672881e-06	1.316359e-08
2.31674734e-06	1.319310e-08
2.31676587e-06	1.330166e-08
2.31678441e-06	1.323444e-08
2.31680294e-06	1.308943e-08
2.31682148e-06	1.326924e-08
2.31684001e-06	1.335284e-08
2.31685855e-06	1.328180e-08
2.31687708e-06	1.323289e-08
2.31689562e-06	1.323173e-08
2.31691415e-06	1.320815e-08
2.31693269e-06	1.318852e-08
2.31695122e-06	1.320528e-08
2.31696976e-06	1.313829e-08
2.31698830e-06	1.326756e-08
2.31700683e-06	1.327565e-08
2.31702537e-06	1.327976e-08
2.31704390e-06	1.327352e-08
2.31706244e-06	1.328548e-08
2.31708098e-06	1.323753e-08
2.31709951e-06	1.314938e-08
2.31711805e-06	1.315905e-08
2.31713659e-06	1.318731e-08
2.31715512e-06	1.339508e-08
2.31717366e-06	1.335828e-08
2.31719220e-06	1.320418e-08
2.31721073e-06	1.318162e-08
2.31722927e-06	1.316119e-08
2.31724781e-06	1.311245e-08
2.31726635e-06	1.306587e-08
2.31728489e-06	1.312112e-08
2.31730342e-06	1.318790e-08
2.31732196e-06	1.324128e-08
2.31734050e-06	1.322668e-08
2.31735904e-06	1.315846e-08
2.31737758e-06	1.315084e-08
2.31739612e-06	1.321658e-08
2.31741466e-06	1.322984e-08
2.31743320e-06	1.326409e-08
2.31745174e-06	1.327506e-08
2.31747028e-06	1.327809e-08
2.31748882e-06	1.332495e-08
2.31750736e-06	1.338045e-08
2.31752590e-06	1.327830e-08
2.31754444e-06	1.323050e-08
2.31756298e-06	1.317632e-08
2.31758152e-06	1.326366e-08
2.31760006e-06	1.337286e-08
2.31761860e-06	1.339644e-08
2.31763714e-06	1.326699e-08
2.31765568e-06	1.316125e-08
2.31767422e-06	1.322485e-08
2.31769276e-06	1.312455e-08
2.31771131e-06	1.407013e-08
2.31772985e-06	1.350388e-08
2.31774839e-06	1.328839e-08
2.31776693e-06	1.325232e-08
2.31778547e-06	1.333885e-08
2.31780401e-06	1.330491e-08
2.31782256e-06	1.317944e-08
2.31784110e-06	1.312410e-08
2.31785964e-06	1.316164e-08
2.31787819e-06	1.327331e-08
2.31789673e-06	1.327874e-08
2.31791527e-06	1.319768e-08
2.31793381e-06	1.316110e-08
2.31795236e-06	1.325698e-08
2.31797090e-06	1.322341e-08
2.31798945e-06	1.320732e-08
2.31800799e-06	1.326765e-08
2.31802653e-06	1.325487e-08
2.31804508e-06	1.325166e-08
2.31806362e-06	1.325586e-08
2.31808217e-06	1.327817e-08
2.31810071e-06	1.330398e-08
2.31811926e-06	1.320214e-08
2.31813780e-06	1.325595e-08
2.31815635e-06	1.329170e-08
2.31817489e-06	1.328955e-08
2.31819344e-06	1.313872e-08
2.31821198e-06	1.310508e-08
2.31823053e-06	1.324678e-08
2.31824907e-06	1.326831e-08
2.31826762e-06	1.335294e-08
2.31828617e-06	1.331005e-08
2.31830471e-06	1.313914e-08
2.31832326e-06	1.303117e-08
2.31834181e-06	1.313452e-08
2.31836035e-06	1.316737e-08
2.31837890e-06	1.319949e-08
2.31839745e-06	1.319875e-08
2.31841599e-06	1.313832e-08
2.31843454e-06	1.308979e-08
2.31845309e-06	1.322346e-08
2.31847164e-06	1.334459e-08
2.31849018e-06	1.342495e-08
2.31850873e-06	1.330866e-08
2.31852728e-06	1.324691e-08
2.31854583e-06	1.314976e-08
2.31856438e-06	1.317772e-08
2.31858292e-06	1.320579e-08
2.31860147e-06	1.324042e-08
2.31862002e-06	1.323970e-08
2.31863857e-06	1.327550e-08
2.31865712e-06	1.321718e-08
2.31867567e-06	1.322753e-08
2.31869422e-06	1.325192e-08
2.31871277e-06	1.324920e-08
2.31873132e-06	1.324855e-08
2.31874987e-06	1.323728e-08
2.31876842e-06	1.316262e-08
2.31878697e-06	1.311431e-08
2.31880552e-06	1.310071e-08
2.31882407e-06	1.316473e-08
2.31884262e-06	1.321199e-08
2.31886117e-06	1.328468e-08
2.31887972e-06	1.329761e-08
2.31889827e-06	1.328121e-08
2.31891682e-06	1.326105e-08
2.31893538e-06	1.326334e-08
2.31895393e-06	1.323405e-08
2.31897248e-06	1.320424e-08
2.31899103e-06	1.326195e-08
2.31900958e-06	1.326359e-08
2.31902813e-06	1.326818e-08
2.31904669e-06	1.324441e-08
2.31906524e-06	1.326289e-08
2.31908379e-06	1.321837e-08
2.31910234e-06	1.316906e-08
2.31912090e-06	1.397153e-08
2.31913945e-06	1.400550e-08
2.31915800e-06	1.318844e-08
2.31917656e-06	1.316798e-08
2.31919511e-06	1.308723e-08
2.31921366e-06	1.310425e-08
2.31923222e-06	1.317065e-08
2.31925077e-06	1.324697e-08
2.31926932e-06	1.322598e-08
2.31928788e-06	1.320257e-08
2.31930643e-06	1.323598e-08
2.31932499e-06	1.325741e-08
2.31934354e-06	1.325667e-08
2.31936210e-06	1.322349e-08
2.31938065e-06	1.322162e-08
2.31939921e-06	1.316252e-08
2.31941776e-06	1.311562e-08
2.31943632e-06	1.306032e-08
2.31945487e-06	1.325127e-08
2.31947343e-06	1.330057e-08
2.31949198e-06	1.328834e-08
2.31951054e-06	1.325208e-08
2.31952910e-06	1.324540e-08
2.31954765e-06	1.323569e-08
2.31956621e-06	1.327828e-08
2.31958477e-06	1.331289e-08
2.31960332e-06	1.313895e-08
2.31962188e-06	1.299836e-08
2.31964044e-06	1.301614e-08
2.31965899e-06	1.304957e-08
2.31967755e-06	1.319244e-08
2.31969611e-06	1.335565e-08
2.31971466e-06	1.329199e-08
2.31973322e-06	1.327225e-08
2.31975178e-06	1.317242e-08
2.31977034e-06	1.311178e-08
2.31978890e-06	1.312835e-08
2.31980746e-06	1.307320e-08
2.31982601e-06	1.310848e-08
2.31984457e-06	1.311129e-08
2.31986313e-06	1.315917e-08
2.31988169e-06	1.321103e-08
2.31990025e-06	1.321273e-08
2.31991881e-06	1.315229e-08
2.31993737e-06	1.310857e-08
2.31995593e-06	1.323390e-08
2.31997449e-06	1.323747e-08
2.31999305e-06	1.328476e-08
2.32001161e-06	1.335910e-08
2.32003017e-06	1.324954e-08
2.32004873e-06	1.307900e-08
2.32006729e-06	1.322918e-08
2.32008585e-06	1.327096e-08
2.32010441e-06	1.324413e-08
2.32012297e-06	1.318656e-08
2.32014153e-06	1.322922e-08
2.32016009e-06	1.318789e-08
2.32017865e-06	1.323669e-08
2.32019721e-06	1.320104e-08
2.32021577e-06	1.317724e-08
2.32023434e-06	1.314893e-08
2.32025290e-06	1.316667e-08
2.32027146e-06	1.336335e-08
2.32029002e-06	1.319683e-08
2.32030858e-06	1.303145e-08
2.32032715e-06	1.294055e-08
2.32034571e-06	1.316602e-08
2.32036427e-06	1.326106e-08
2.32038284e-06	1.325487e-08
2.32040140e-06	1.325373e-08
2.32041996e-06	1.332366e-08
2.32043853e-06	1.331220e-08
2.32045709e-06	1.322060e-08
2.32047565e-06	1.311278e-08
2.32049422e-06	1.321182e-08
2.32051278e-06	1.325733e-08
2.32053135e-06	1.331024e-08
2.32054991e-06	1.327625e-08
2.32056847e-06	1.323863e-08
2.32058704e-06	1.405780e-08
2.32060560e-06	1.327425e-08
2.32062417e-06	1.326116e-08
2.32064273e-06	1.325044e-08
2.32066130e-06	1.327095e-08
2.32067986e-06	1.326595e-08
2.32069843e-06	1.325049e-08
2.32071699e-06	1.325453e-08
2.32073556e-06	1.324061e-08
2.32075413e-06	1.325271e-08
2.32077269e-06	1.329527e-08
2.32079126e-06	1.319968e-08
2.32080982e-06	1.318083e-08
2.32082839e-06	1.314261e-08
2.32084696e-06	1.320268e-08
2.32086552e-06	1.326862e-08
2.32088409e-06	1.324670e-08
2.32090266e-06	1.324854e-08
2.32092123e-06	1.327411e-08
2.32093979e-06	1.327548e-08
2.32095836e-06	1.327885e-08
2.32097693e-06	1.326185e-08
2.32099550e-06	1.326880e-08
2.32101406e-06	1.325935e-08
2.32103263e-06	1.326205e-08
2.32105120e-06	1.324305e-08
2.32106977e-06	1.325710e-08
2.32108834e-06	1.308667e-08
2.32110691e-06	1.306514e-08
2.32112547e-06	1.323892e-08
2.32114404e-06	1.330658e-08
2.32116261e-06	1.324402e-08
2.32118118e-06	1.331836e-08
2.32119975e-06	1.335490e-08
2.32121832e-06	1.329313e-08
2.32123689e-06	1.316817e-08
2.32125546e-06	1.313198e-08
2.32127403e-06	1.322861e-08
2.32129260e-06	1.321380e-08
2.32131117e-06	1.328367e-08
2.32132974e-06	1.336324e-08
2.32134831e-06	1.334412e-08
2.32136688e-06	1.327491e-08
2.32138545e-06	1.308775e-08
2.32140403e-06	1.308492e-08
2.32142260e-06	1.316428e-08
2.32144117e-06	1.319338e-08
2.32145974e-06	1.312525e-08
2.32147831e-06	1.313176e-08
2.32149688e-06	1.329047e-08
2.32151545e-06	1.327332e-08
2.32153403e-06	1.326918e-08
2.32155260e-06	1.324117e-08
2.32157117e-06	1.314132e-08
2.32158974e-06	1.314071e-08
2.32160832e-06	1.309690e-08
2.32162689e-06	1.320900e-08
2.32164546e-06	1.333256e-08
2.32166404e-06	1.330079e-08
2.32168261e-06	1.317779e-08
2.32170118e-06	1.306229e-08
2.32171976e-06	1.305986e-08
2.32173833e-06	1.314249e-08
2.32175690e-06	1.319914e-08
2.32177548e-06	1.323768e-08
2.32179405e-06	1.328899e-08
2.32181263e-06	1.325174e-08
2.32183120e-06	1.326210e-08
2.32184978e-06	1.326372e-08
2.32186835e-06	1.323076e-08
2.32188692e-06	1.323009e-08
2.32190550e-06	1.325583e-08
2.32192408e-06	1.319628e-08
2.32194265e-06	1.331075e-08
2.32196123e-06	1.335686e-08
2.32197980e-06	1.322579e-08
2.32199838e-06	1.322953e-08
2.32201695e-06	1.323295e-08
2.32203553e-06	1.318782e-08
2.32205411e-06	1.318063e-08
2.32207268e-06	1.381646e-08
2.32209126e-06	1.404036e-08
2.32210984e-06	1.314341e-08
2.32212841e-06	1.313548e-08
2.32214699e-06	1.313823e-08
2.32216557e-06	1.324427e-08
2.32218414e-06	1.327335e-08
2.32220272e-06	1.330930e-08
2.32222130e-06	1.322619e-08
2.32223988e-06	1.326606e-08
2.32225846e-06	1.328246e-08
2.32227703e-06	1.318443e-08
2.32229561e-06	1.322243e-08
2.32231419e-06	1.327240e-08
2.32233277e-06	1.325779e-08
2.32235135e-06	1.327414e-08
2.32236993e-06	1.328192e-08
2.32238850e-06	1.326759e-08
2.32240708e-06	1.325390e-08
2.32242566e-06	1.319086e-08
2.32244424e-06	1.316789e-08
2.32246282e-06	1.330603e-08
2.32248140e-06	1.329754e-08
2.32249998e-06	1.328788e-08
2.32251856e-06	1.319414e-08
2.32253714e-06	1.325445e-08
2.32255572e-06	1.326412e-08
2.32257430e-06	1.318734e-08
2.32259288e-06	1.313140e-08
2.32261146e-06	1.319270e-08
2.32263005e-06	1.320062e-08
2.32264863e-06	1.387535e-08
2.32266721e-06	1.404570e-08
2.32268579e-06	1.402337e-08
2.32270437e-06	1.349573e-08
2.32272295e-06	1.391194e-08
2.32274153e-06	1.389478e-08
2.32276012e-06	1.396542e-08
2.32277870e-06	1.314330e-08
2.32279728e-06	1.316514e-08
2.32281586e-06	1.382430e-08
2.32283444e-06	1.346786e-08
2.32285303e-06	1.350383e-08
2.32287161e-06	1.398477e-08
2.32289019e-06	1.313907e-08
2.32290878e-06	1.323512e-08
2.32292736e-06	1.325512e-08
2.32294594e-06	1.322756e-08
2.32296453e-06	1.380502e-08
2.32298311e-06	1.313998e-08
2.32300169e-06	1.308153e-08
2.32302028e-06	1.402002e-08
2.32303886e-06	1.315921e-08
2.32305745e-06	1.318697e-08
2.32307603e-06	1.322598e-08
2.32309462e-06	1.331828e-08
2.32311320e-06	1.323561e-08
2.32313179e-06	1.358172e-08
2.32315037e-06	1.362600e-08
2.32316896e-06	1.329287e-08
2.32318754e-06	1.327264e-08
2.32320613e-06	1.383442e-08
2.32322471e-06	1.388159e-08
2.32324330e-06	1.320738e-08
2.32326188e-06	1.321186e-08
2.32328047e-06	1.324739e-08
2.32329906e-06	1.308714e-08
2.32331764e-06	1.308197e-08
2.32333623e-06	1.328140e-08
2.32335482e-06	1.354938e-08
2.32337340e-06	1.359588e-08
2.32339199e-06	1.324023e-08
2.32341058e-06	1.321967e-08
2.32342916e-06	1.310499e-08
2.32344775e-06	1.401044e-08
2.32346634e-06	1.346990e-08
2.32348493e-06	1.317128e-08
2.32350352e-06	1.308429e-08
2.32352210e-06	1.308855e-08
2.32354069e-06	1.325654e-08
2.32355928e-06	1.335237e-08
2.32357787e-06	1.322151e-08
2.32359646e-06	1.313649e-08
2.32361504e-06	1.400247e-08
2.32363363e-06	1.402271e-08
2.32365222e-06	1.310441e-08
2.32367081e-06	1.318691e-08
2.32368940e-06	1.313521e-08
2.32370799e-06	1.309164e-08
2.32372658e-06	1.399881e-08
2.32374517e-06	1.351489e-08
2.32376376e-06	1.323593e-08
2.32378235e-06	1.322329e-08
2.32380094e-06	1.332839e-08
2.32381953e-06	1.331559e-08
2.32383812e-06	1.317981e-08
2.32385671e-06	1.317925e-08
2.32387530e-06	1.319774e-08
2.32389389e-06	1.325852e-08
2.32391249e-06	1.323611e-08
2.32393108e-06	1.361320e-08
2.32394967e-06	1.329391e-08
2.32396826e-06	1.321155e-08
2.32398685e-06	1.322333e-08
2.32400544e-06	1.329726e-08
2.32402404e-06	1.332275e-08
2.32404263e-06	1.398416e-08
2.32406122e-06	1.376026e-08
2.32407981e-06	1.318698e-08
2.32409840e-06	1.322961e-08
2.32411700e-06	1.317598e-08
2.32413559e-06	1.312243e-08
2.32415418e-06	1.306216e-08
2.32417278e-06	1.307552e-08
2.32419137e-06	1.313341e-08
2.32420996e-06	1.317411e-08
2.32422856e-06	1.316192e-08
2.32424715e-06	1.316719e-08
2.32426575e-06	1.321390e-08
2.32428434e-06	1.371302e-08
2.32430293e-06	1.314686e-08
2.32432153e-06	1.320771e-08
2.32434012e-06	1.327083e-08
2.32435872e-06	1.327706e-08
2.32437731e-06	1.323554e-08
2.32439591e-06	1.348603e-08
2.32441450e-06	1.400460e-08
2.32443310e-06	1.309570e-08
2.32445169e-06	1.317021e-08
2.32447029e-06	1.323848e-08
2.32448888e-06	1.317817e-08
2.32450748e-06	1.312029e-08
2.32452608e-06	1.323677e-08
2.32454467e-06	1.326770e-08
2.32456327e-06	1.321551e-08
2.32458187e-06	1.312283e-08
2.32460046e-06	1.308703e-08
2.32461906e-06	1.310688e-08
2.32463766e-06	1.317722e-08
2.32465625e-06	1.321712e-08
2.32467485e-06	1.353419e-08
2.32469345e-06	1.329460e-08
2.32471205e-06	1.321200e-08
2.32473064e-06	1.321433e-08
2.32474924e-06	1.324265e-08
2.32476784e-06	1.324662e-08
2.32478644e-06	1.317558e-08
2.32480504e-06	1.398059e-08
2.32482363e-06	1.379353e-08
2.32484223e-06	1.320635e-08
2.32486083e-06	1.324584e-08
2.32487943e-06	1.321355e-08
2.32489803e-06	1.324899e-08
2.32491663e-06	1.327171e-08
2.32493523e-06	1.318934e-08
2.32495383e-06	1.320087e-08
2.32497243e-06	1.322691e-08
2.32499103e-06	1.324077e-08
2.32500963e-06	1.324948e-08
2.32502823e-06	1.315145e-08
2.32504683e-06	1.305415e-08
2.32506543e-06	1.306549e-08
2.32508403e-06	1.315331e-08
2.32510263e-06	1.311379e-08
2.32512123e-06	1.369041e-08
2.32513983e-06	1.314843e-08
2.32515843e-06	1.322022e-08
2.32517703e-06	1.317167e-08
2.32519563e-06	1.397592e-08
2.32521424e-06	1.386126e-08
2.32523284e-06	1.312812e-08
2.32525144e-06	1.402303e-08
2.32527004e-06	1.346090e-08
2.32528864e-06	1.319624e-08
2.32530725e-06	1.324596e-08
2.32532585e-06	1.325404e-08
2.32534445e-06	1.318638e-08
2.32536305e-06	1.306534e-08
2.32538166e-06	1.304844e-08
2.32540026e-06	1.304679e-08
2.32541886e-06	1.306271e-08
2.32543747e-06	1.318948e-08
2.32545607e-06	1.320416e-08
2.32547467e-06	1.310652e-08
2.32549328e-06	1.324686e-08
2.32551188e-06	1.326726e-08
2.32553048e-06	1.326598e-08
2.32554909e-06	1.324479e-08
2.32556769e-06	1.322149e-08
2.32558630e-06	1.319538e-08
2.32560490e-06	1.349540e-08
2.32562351e-06	1.325563e-08
2.32564211e-06	1.323531e-08
2.32566072e-06	1.324858e-08
2.32567932e-06	1.324598e-08
2.32569793e-06	1.317095e-08
2.32571654e-06	1.310018e-08
2.32573514e-06	1.402538e-08
2.32575375e-06	1.357458e-08
2.32577235e-06	1.320495e-08
2.32579096e-06	1.316742e-08
2.32580956e-06	1.310393e-08
2.32582817e-06	1.312327e-08
2.32584678e-06	1.332872e-08
2.32586538e-06	1.334191e-08
2.32588399e-06	1.331581e-08
2.32590260e-06	1.325901e-08
2.32592121e-06	1.325177e-08
2.32593981e-06	1.325352e-08
2.32595842e-06	1.322606e-08
2.32597703e-06	1.323261e-08
2.32599564e-06	1.323870e-08
2.32601424e-06	1.325341e-08
2.32603285e-06	1.322566e-08
2.32605146e-06	1.326360e-08
2.32607007e-06	1.325007e-08
2.32608868e-06	1.321387e-08
2.32610729e-06	1.324362e-08
2.32612590e-06	1.343974e-08
2.32614450e-06	1.318764e-08
2.32616311e-06	1.322528e-08
2.32618172e-06	1.325232e-08
2.32620033e-06	1.321484e-08
2.32621894e-06	1.322438e-08
2.32623755e-06	1.316554e-08
2.32625616e-06	1.395938e-08
2.32627477e-06	1.388788e-08
2.32629338e-06	1.324239e-08
2.32631199e-06	1.327249e-08
2.32633060e-06	1.325277e-08
2.32634921e-06	1.325216e-08
2.32636782e-06	1.319075e-08
2.32638643e-06	1.325402e-08
2.32640505e-06	1.326212e-08
2.32642366e-06	1.326596e-08
2.32644227e-06	1.324570e-08
2.32646088e-06	1.318169e-08
2.32647949e-06	1.321611e-08
2.32649810e-06	1.319748e-08
2.32651671e-06	1.315537e-08
2.32653533e-06	1.304836e-08
2.32655394e-06	1.314882e-08
2.32657255e-06	1.314465e-08
2.32659116e-06	1.315264e-08
2.32660978e-06	1.316567e-08
2.32662839e-06	1.321517e-08
2.32664700e-06	1.320932e-08
2.32666562e-06	1.320144e-08
2.32668423e-06	1.357771e-08
2.32670284e-06	1.310496e-08
2.32672146e-06	1.325822e-08
2.32674007e-06	1.324685e-08
2.32675869e-06	1.312377e-08
2.32677730e-06	1.312899e-08
2.32679591e-06	1.315779e-08
2.32681453e-06	1.394478e-08
2.32683314e-06	1.401550e-08
2.32685176e-06	1.306238e-08
2.32687037e-06	1.318430e-08
2.32688899e-06	1.321014e-08
2.32690760e-06	1.322764e-08
2.32692622e-06	1.318229e-08
2.32694483e-06	1.320612e-08
2.32696345e-06	1.319951e-08
2.32698206e-06	1.317620e-08
2.32700068e-06	1.323413e-08
2.32701930e-06	1.325093e-08
2.32703791e-06	1.323470e-08
2.32705653e-06	1.308813e-08
2.32707514e-06	1.322806e-08
2.32709376e-06	1.326458e-08
2.32711238e-06	1.329368e-08
2.32713099e-06	1.331227e-08
2.32714961e-06	1.328278e-08
2.32716823e-06	1.323501e-08
2.32718685e-06	1.326543e-08
2.32720546e-06	1.323707e-08
2.32722408e-06	1.323552e-08
2.32724270e-06	1.326093e-08
2.32726132e-06	1.312819e-08
2.32727993e-06	1.310312e-08
2.32729855e-06	1.348659e-08
2.32731717e-06	1.324518e-08
2.32733579e-06	1.315073e-08
2.32735441e-06	1.306123e-08
2.32737303e-06	1.320627e-08
2.32739165e-06	1.324153e-08
2.32741027e-06	1.319253e-08
2.32742888e-06	1.389359e-08
2.32744750e-06	1.396654e-08
2.32746612e-06	1.315507e-08
2.32748474e-06	1.320474e-08
2.32750336e-06	1.314611e-08
2.32752198e-06	1.319714e-08
2.32754060e-06	1.317521e-08
2.32755922e-06	1.315774e-08
2.32757784e-06	1.308095e-08
2.32759646e-06	1.324191e-08
2.32761509e-06	1.328074e-08
2.32763371e-06	1.323710e-08
2.32765233e-06	1.308877e-08
2.32767095e-06	1.308722e-08
2.32768957e-06	1.318839e-08
2.32770819e-06	1.319655e-08
2.32772681e-06	1.319235e-08
2.32774544e-06	1.314436e-08
2.32776406e-06	1.312857e-08
2.32778268e-06	1.310257e-08
2.32780130e-06	1.308904e-08
2.32781992e-06	1.311150e-08
2.32783855e-06	1.336218e-08
2.32785717e-06	1.338107e-08
2.32787579e-06	1.324198e-08
2.32789442e-06	1.322829e-08
2.32791304e-06	1.323725e-08
2.32793166e-06	1.316796e-08
2.32795028e-06	1.352643e-08
2.32796891e-06	1.332343e-08
2.32798753e-06	1.319790e-08
2.32800616e-06	1.313248e-08
2.32802478e-06	1.311420e-08
2.32804340e-06	1.315001e-08
2.32806203e-06	1.317874e-08
2.32808065e-06	1.397199e-08
2.32809928e-06	1.392140e-08
2.32811790e-06	1.318662e-08
2.32813653e-06	1.324979e-08
2.32815515e-06	1.324779e-08
2.32817378e-06	1.314792e-08
2.32819240e-06	1.317555e-08
2.32821103e-06	1.323683e-08
2.32822965e-06	1.325008e-08
2.32824828e-06	1.323818e-08
2.32826691e-06	1.316918e-08
2.32828553e-06	1.320361e-08
2.32830416e-06	1.321989e-08
2.32832279e-06	1.321014e-08
2.32834141e-06	1.321318e-08
2.32836004e-06	1.315593e-08
2.32837867e-06	1.319202e-08
2.32839729e-06	1.326008e-08
2.32841592e-06	1.332443e-08
2.32843455e-06	1.321317e-08
2.32845317e-06	1.319444e-08
2.32847180e-06	1.356603e-08
2.32849043e-06	1.400429e-08
2.32850906e-06	1.313349e-08
2.32852769e-06	1.321398e-08
2.32854631e-06	1.321977e-08
2.32856494e-06	1.309230e-08
2.32858357e-06	1.296073e-08
2.32860220e-06	1.311034e-08
2.32862083e-06	1.319820e-08
2.32863946e-06	1.343256e-08
2.32865809e-06	1.316049e-08
2.32867672e-06	1.323064e-08
2.32869535e-06	1.322940e-08
2.32871397e-06	1.329948e-08
2.32873260e-06	1.323835e-08
2.32875123e-06	1.314580e-08
2.32876987e-06	1.398425e-08
2.32878849e-06	1.389664e-08
2.32880712e-06	1.321193e-08
2.32882576e-06	1.326015e-08
2.32884439e-06	1.313391e-08
2.32886302e-06	1.312088e-08
2.32888165e-06	1.321379e-08
2.32890028e-06	1.321900e-08
2.32891891e-06	1.325460e-08
2.32893754e-06	1.323264e-08
2.32895617e-06	1.323384e-08
2.32897481e-06	1.323537e-08
2.32899344e-06	1.325646e-08
2.32901207e-06	1.326355e-08
2.32903070e-06	1.318365e-08
2.32904933e-06	1.321147e-08
2.32906797e-06	1.324075e-08
2.32908660e-06	1.324256e-08
2.32910523e-06	1.323546e-08
2.32912386e-06	1.310337e-08
2.32914250e-06	1.311948e-08
2.32916113e-06	1.314565e-08
2.32917976e-06	1.320809e-08
2.32919840e-06	1.335501e-08
2.32921703e-06	1.335659e-08
2.32923566e-06	1.308967e-08
2.32925430e-06	1.310266e-08
2.32927293e-06	1.323662e-08
2.32929157e-06	1.320449e-08
2.32931020e-06	1.305774e-08
2.32932883e-06	1.309843e-08
2.32934747e-06	1.322919e-08
2.32936610e-06	1.315663e-08
2.32938474e-06	1.339497e-08
2.32940337e-06	1.320278e-08
2.32942201e-06	1.322299e-08
2.32944065e-06	1.322638e-08
2.32945928e-06	1.322449e-08
2.32947792e-06	1.320907e-08
2.32949655e-06	1.368742e-08
2.32951519e-06	1.402102e-08
2.32953382e-06	1.307295e-08
2.32955246e-06	1.322051e-08
2.32957110e-06	1.316011e-08
2.32958973e-06	1.313957e-08
2.32960837e-06	1.304210e-08
2.32962701e-06	1.300471e-08
2.32964564e-06	1.313540e-08
2.32966428e-06	1.299441e-08
2.32968292e-06	1.297036e-08
2.32970156e-06	1.288536e-08
2.32972019e-06	1.289471e-08
2.32973883e-06	1.304778e-08
2.32975747e-06	1.317925e-08
2.32977611e-06	1.318839e-08
2.32979475e-06	1.322700e-08
2.32981338e-06	1.323395e-08
2.32983202e-06	1.312580e-08
2.32985066e-06	1.313529e-08
2.32986930e-06	1.321419e-08
2.32988794e-06	1.313956e-08
2.32990658e-06	1.314740e-08
2.32992522e-06	1.322864e-08
2.32994386e-06	1.322352e-08
2.32996250e-06	1.321209e-08
2.32998113e-06	1.316346e-08
2.32999977e-06	1.314857e-08
2.33001842e-06	1.329787e-08
2.33003706e-06	1.331653e-08
2.33005570e-06	1.317265e-08
2.33007434e-06	1.316427e-08
2.33009298e-06	1.326468e-08
2.33011162e-06	1.324704e-08
2.33013026e-06	1.323204e-08
2.33014890e-06	1.310189e-08
2.33016754e-06	1.363363e-08
2.33018618e-06	1.401392e-08
2.33020482e-06	1.326587e-08
2.33022347e-06	1.320499e-08
2.33024211e-06	1.323661e-08
2.33026075e-06	1.308980e-08
2.33027939e-06	1.402066e-08
2.33029803e-06	1.336456e-08
2.33031667e-06	1.317336e-08
2.33033532e-06	1.315157e-08
2.33035396e-06	1.314565e-08
2.33037260e-06	1.319551e-08
2.33039125e-06	1.324912e-08
2.33040989e-06	1.324490e-08
2.33042853e-06	1.317560e-08
2.33044718e-06	1.322463e-08
2.33046582e-06	1.325526e-08
2.33048446e-06	1.321700e-08
2.33050311e-06	1.321684e-08
2.33052175e-06	1.330347e-08
2.33054040e-06	1.334550e-08
2.33055904e-06	1.315289e-08
2.33057768e-06	1.326578e-08
2.33059633e-06	1.338710e-08
2.33061497e-06	1.331132e-08
2.33063362e-06	1.328505e-08
2.33065226e-06	1.323215e-08
2.33067091e-06	1.323605e-08
2.33068955e-06	1.322461e-08
2.33070820e-06	1.332253e-08
2.33072685e-06	1.325306e-08
2.33074549e-06	1.328098e-08
2.33076414e-06	1.326099e-08
2.33078278e-06	1.324311e-08
2.33080143e-06	1.328554e-08
2.33082008e-06	1.323626e-08
2.33083872e-06	1.321367e-08
2.33085737e-06	1.318169e-08
2.33087602e-06	1.321728e-08
2.33089466e-06	1.324090e-08
2.33091331e-06	1.317323e-08
2.33093196e-06	1.321271e-08
2.33095061e-06	1.324944e-08
2.33096925e-06	1.322004e-08
2.33098790e-06	1.321323e-08
2.33100655e-06	1.309975e-08
2.33102520e-06	1.325875e-08
2.33104384e-06	1.324457e-08
2.33106249e-06	1.315528e-08
2.33108114e-06	1.367382e-08
2.33109979e-06	1.401293e-08
2.33111844e-06	1.306144e-08
2.33113709e-06	1.321874e-08
2.33115574e-06	1.323268e-08
2.33117439e-06	1.324007e-08
2.33119304e-06	1.326183e-08
2.33121169e-06	1.338173e-08
2.33123033e-06	1.331154e-08
2.33124898e-06	1.323887e-08
2.33126763e-06	1.326777e-08
2.33128629e-06	1.311249e-08
2.33130493e-06	1.320872e-08
2.33132359e-06	1.323695e-08
2.33134224e-06	1.316550e-08
2.33136089e-06	1.321716e-08
2.33137954e-06	1.320080e-08
2.33139819e-06	1.321082e-08
2.33141684e-06	1.323051e-08
2.33143549e-06	1.324156e-08
2.33145414e-06	1.321868e-08
2.33147280e-06	1.313371e-08
2.33149145e-06	1.317681e-08
2.33151010e-06	1.313965e-08
2.33152875e-06	1.323773e-08
2.33154740e-06	1.326024e-08
2.33156606e-06	1.324825e-08
2.33158471e-06	1.324048e-08
2.33160336e-06	1.325010e-08
2.33162201e-06	1.323125e-08
2.33164067e-06	1.329376e-08
2.33165932e-06	1.331527e-08
2.33167797e-06	1.305986e-08
2.33169663e-06	1.316007e-08
2.33171528e-06	1.324237e-08
2.33173393e-06	1.328774e-08
2.33175259e-06	1.317824e-08
2.33177124e-06	1.324208e-08
2.33178990e-06	1.324239e-08
2.33180855e-06	1.321698e-08
2.33182720e-06	1.313882e-08
2.33184586e-06	1.313147e-08
2.33186451e-06	1.326505e-08
2.33188317e-06	1.311435e-08
2.33190182e-06	1.315299e-08
2.33192048e-06	1.370000e-08
2.33193913e-06	1.400423e-08
2.33195779e-06	1.399757e-08
2.33197644e-06	1.312978e-08
2.33199510e-06	1.325036e-08
2.33201376e-06	1.323971e-08
2.33203241e-06	1.309775e-08
2.33205107e-06	1.304525e-08
2.33206973e-06	1.309081e-08
2.33208838e-06	1.314761e-08
2.33210704e-06	1.323811e-08
2.33212570e-06	1.320576e-08
2.33214435e-06	1.300704e-08
2.33216301e-06	1.310339e-08
2.33218167e-06	1.310156e-08
2.33220033e-06	1.308641e-08
2.33221898e-06	1.324910e-08
2.33223764e-06	1.323263e-08
2.33225630e-06	1.327494e-08
2.33227496e-06	1.322144e-08
2.33229361e-06	1.307164e-08
2.33231227e-06	1.304289e-08
2.33233093e-06	1.316212e-08
2.33234959e-06	1.316312e-08
2.33236825e-06	1.310586e-08
2.33238691e-06	1.318980e-08
2.33240557e-06	1.314639e-08
2.33242423e-06	1.303565e-08
2.33244288e-06	1.314584e-08
2.33246154e-06	1.319937e-08
2.33248020e-06	1.321761e-08
2.33249886e-06	1.317098e-08
2.33251752e-06	1.308299e-08
2.33253618e-06	1.307114e-08
2.33255485e-06	1.327723e-08
2.33257350e-06	1.328876e-08
2.33259217e-06	1.322010e-08
2.33261083e-06	1.318805e-08
2.33262949e-06	1.305685e-08
2.33264815e-06	1.307216e-08
2.33266681e-06	1.312745e-08
2.33268547e-06	1.304891e-08
2.33270413e-06	1.303011e-08
2.33272279e-06	1.316060e-08
2.33274146e-06	1.323763e-08
2.33276012e-06	1.320953e-08
2.33277878e-06	1.322669e-08
2.33279744e-06	1.310598e-08
2.33281610e-06	1.313112e-08
2.33283477e-06	1.393711e-08
2.33285343e-06	1.398959e-08
2.33287209e-06	1.310613e-08
2.33289075e-06	1.330655e-08
2.33290942e-06	1.333483e-08
2.33292808e-06	1.320002e-08
2.33294675e-06	1.312003e-08
2.33296541e-06	1.316014e-08
2.33298407e-06	1.320768e-08
2.33300274e-06	1.316673e-08
2.33302140e-06	1.313059e-08
2.33304006e-06	1.316599e-08
2.33305873e-06	1.315632e-08
2.33307739e-06	1.314481e-08
2.33309606e-06	1.319506e-08
2.33311472e-06	1.323997e-08
2.33313339e-06	1.323128e-08
2.33315205e-06	1.322293e-08
2.33317072e-06	1.325791e-08
2.33318938e-06	1.317794e-08
2.33320805e-06	1.315639e-08
2.33322671e-06	1.324090e-08
2.33324538e-06	1.323942e-08
2.33326405e-06	1.323894e-08
2.33328271e-06	1.326710e-08
2.33330138e-06	1.320109e-08
2.33332004e-06	1.311597e-08
2.33333871e-06	1.313813e-08
2.33335738e-06	1.322567e-08
2.33337604e-06	1.324127e-08
2.33339471e-06	1.323097e-08
2.33341338e-06	1.321623e-08
2.33343205e-06	1.303685e-08
2.33345071e-06	1.302303e-08
2.33346938e-06	1.306947e-08
2.33348805e-06	1.314274e-08
2.33350672e-06	1.323582e-08
2.33352538e-06	1.324964e-08
2.33354405e-06	1.324677e-08
2.33356272e-06	1.327407e-08
2.33358139e-06	1.333005e-08
2.33360006e-06	1.316235e-08
2.33361873e-06	1.312284e-08
2.33363740e-06	1.321378e-08
2.33365607e-06	1.319878e-08
2.33367473e-06	1.314152e-08
2.33369340e-06	1.313933e-08
2.33371207e-06	1.393329e-08
2.33373074e-06	1.371085e-08
2.33374941e-06	1.321510e-08
2.33376808e-06	1.377811e-08
2.33378675e-06	1.400839e-08
2.33380542e-06	1.302675e-08
2.33382410e-06	1.312301e-08
2.33384277e-06	1.319878e-08
2.33386144e-06	1.316920e-08
2.33388011e-06	1.300161e-08
2.33389878e-06	1.306814e-08
2.33391745e-06	1.312191e-08
2.33393612e-06	1.318751e-08
2.33395479e-06	1.326353e-08
2.33397346e-06	1.313991e-08
2.33399213e-06	1.297038e-08
2.33401081e-06	1.308324e-08
2.33402948e-06	1.317615e-08
2.33404815e-06	1.320960e-08
2.33406682e-06	1.312540e-08
2.33408550e-06	1.293157e-08
2.33410417e-06	1.288786e-08
2.33412284e-06	1.313033e-08
2.33414152e-06	1.329991e-08
2.33416019e-06	1.328874e-08
2.33417886e-06	1.319568e-08
2.33419754e-06	1.319444e-08
2.33421621e-06	1.320985e-08
2.33423488e-06	1.323853e-08
2.33425356e-06	1.317828e-08
2.33427223e-06	1.321488e-08
2.33429090e-06	1.315168e-08
2.33430958e-06	1.326209e-08
2.33432825e-06	1.320001e-08
2.33434693e-06	1.323413e-08
2.33436560e-06	1.323708e-08
2.33438428e-06	1.319952e-08
2.33440295e-06	1.314190e-08
2.33442163e-06	1.323428e-08
2.33444030e-06	1.325562e-08
2.33445898e-06	1.324821e-08
2.33447765e-06	1.323908e-08
2.33449633e-06	1.322734e-08
2.33451501e-06	1.325848e-08
2.33453368e-06	1.317873e-08
2.33455236e-06	1.319302e-08
2.33457104e-06	1.320373e-08
2.33458971e-06	1.320833e-08
2.33460839e-06	1.308464e-08
2.33462706e-06	1.325086e-08
2.33464574e-06	1.325439e-08
2.33466442e-06	1.319954e-08
2.33468310e-06	1.303853e-08
2.33470177e-06	1.313420e-08
2.33472045e-06	1.317236e-08
2.33473913e-06	1.316089e-08
2.33475781e-06	1.400281e-08
2.33477648e-06	1.351007e-08
2.33479516e-06	1.322057e-08
2.33481384e-06	1.322622e-08
2.33483252e-06	1.325393e-08
2.33485120e-06	1.321787e-08
2.33486988e-06	1.324348e-08
2.33488856e-06	1.324340e-08
2.33490724e-06	1.300955e-08
2.33492591e-06	1.294529e-08
2.33494460e-06	1.304113e-08
2.33496327e-06	1.312733e-08
2.33498195e-06	1.327591e-08
2.33500063e-06	1.326180e-08
2.33501931e-06	1.309171e-08
2.33503799e-06	1.304448e-08
2.33505667e-06	1.298184e-08
2.33507535e-06	1.303600e-08
2.33509404e-06	1.320908e-08
2.33511272e-06	1.331251e-08
2.33513140e-06	1.331924e-08
2.33515008e-06	1.310633e-08
2.33516876e-06	1.321606e-08
2.33518744e-06	1.318351e-08
2.33520612e-06	1.320850e-08
2.33522480e-06	1.322763e-08
2.33524348e-06	1.325968e-08
2.33526217e-06	1.325883e-08
2.33528085e-06	1.322956e-08
2.33529953e-06	1.322144e-08
2.33531821e-06	1.324273e-08
2.33533690e-06	1.324331e-08
2.33535558e-06	1.323028e-08
2.33537426e-06	1.319613e-08
2.33539294e-06	1.320272e-08
2.33541163e-06	1.321410e-08
2.33543031e-06	1.320121e-08
2.33544900e-06	1.306325e-08
2.33546768e-06	1.315155e-08
2.33548636e-06	1.342459e-08
2.33550505e-06	1.291668e-08
2.33552373e-06	1.302583e-08
2.33554242e-06	1.394341e-08
2.33556110e-06	1.314238e-08
2.33557978e-06	1.318576e-08
2.33559847e-06	1.319918e-08
2.33561715e-06	1.321580e-08
2.33563584e-06	1.320915e-08
2.33565452e-06	1.328735e-08
2.33567321e-06	1.335313e-08
2.33569189e-06	1.326641e-08
2.33571058e-06	1.326578e-08
2.33572927e-06	1.325087e-08
2.33574795e-06	1.319732e-08
2.33576664e-06	1.383635e-08
2.33578532e-06	1.399998e-08
2.33580401e-06	1.324187e-08
2.33582269e-06	1.317926e-08
2.33584138e-06	1.315065e-08
2.33586007e-06	1.313104e-08
2.33587876e-06	1.318722e-08
2.33589744e-06	1.324887e-08
2.33591613e-06	1.321867e-08
2.33593482e-06	1.312220e-08
2.33595350e-06	1.320064e-08
2.33597219e-06	1.318533e-08
2.33599088e-06	1.319467e-08
2.33600957e-06	1.322509e-08
2.33602826e-06	1.321410e-08
2.33604694e-06	1.317809e-08
2.33606563e-06	1.313082e-08
2.33608432e-06	1.304702e-08
2.33610301e-06	1.304086e-08
2.33612170e-06	1.304298e-08
2.33614039e-06	1.311017e-08
2.33615908e-06	1.314962e-08
2.33617777e-06	1.313141e-08
2.33619646e-06	1.321501e-08
2.33621514e-06	1.321133e-08
2.33623383e-06	1.312769e-08
2.33625253e-06	1.319987e-08
2.33627121e-06	1.318845e-08
2.33628990e-06	1.316899e-08
2.33630860e-06	1.317049e-08
2.33632729e-06	1.319577e-08
2.33634598e-06	1.322976e-08
2.33636467e-06	1.322847e-08
2.33638336e-06	1.319221e-08
2.33640205e-06	1.322350e-08
2.33642074e-06	1.322631e-08
2.33643943e-06	1.315197e-08
2.33645812e-06	1.322369e-08
2.33647681e-06	1.313618e-08
2.33649551e-06	1.311798e-08
2.33651420e-06	1.313180e-08
2.33653289e-06	1.303092e-08
2.33655158e-06	1.310482e-08
2.33657028e-06	1.317504e-08
2.33658897e-06	1.311553e-08
2.33660766e-06	1.318114e-08
2.33662635e-06	1.319299e-08
2.33664505e-06	1.316208e-08
2.33666374e-06	1.312309e-08
2.33668243e-06	1.318875e-08
2.33670113e-06	1.319087e-08
2.33671982e-06	1.326785e-08
2.33673851e-06	1.320590e-08
2.33675721e-06	1.326480e-08
2.33677590e-06	1.318490e-08
2.33679460e-06	1.314560e-08
2.33681329e-06	1.306101e-08
2.33683198e-06	1.399434e-08
2.33685068e-06	1.378914e-08
2.33686937e-06	1.311816e-08
2.33688807e-06	1.307622e-08
2.33690676e-06	1.306881e-08
2.33692546e-06	1.322955e-08
2.33694415e-06	1.324135e-08
2.33696285e-06	1.320993e-08
2.33698155e-06	1.322889e-08
2.33700024e-06	1.318180e-08
2.33701894e-06	1.320745e-08
2.33703763e-06	1.321522e-08
2.33705633e-06	1.319953e-08
2.33707503e-06	1.313384e-08
2.33709372e-06	1.313793e-08
2.33711242e-06	1.318023e-08
2.33713112e-06	1.314062e-08
2.33714981e-06	1.319920e-08
2.33716851e-06	1.317328e-08
2.33718721e-06	1.301794e-08
2.33720591e-06	1.318307e-08
2.33722460e-06	1.322529e-08
2.33724330e-06	1.319261e-08
2.33726200e-06	1.320935e-08
2.33728070e-06	1.318957e-08
2.33729940e-06	1.319237e-08
2.33731809e-06	1.314970e-08
2.33733679e-06	1.305758e-08
2.33735549e-06	1.302936e-08
2.33737419e-06	1.303933e-08
2.33739289e-06	1.309621e-08
2.33741159e-06	1.390847e-08
2.33743029e-06	1.309514e-08
2.33744899e-06	1.316653e-08
2.33746769e-06	1.317098e-08
2.33748639e-06	1.320380e-08
2.33750509e-06	1.320929e-08
2.33752379e-06	1.318139e-08
2.33754249e-06	1.315893e-08
2.33756119e-06	1.301097e-08
2.33757989e-06	1.292186e-08
2.33759859e-06	1.293668e-08
2.33761729e-06	1.308651e-08
2.33763599e-06	1.322272e-08
2.33765469e-06	1.318472e-08
2.33767339e-06	1.320414e-08
2.33769209e-06	1.319442e-08
2.33771079e-06	1.321172e-08
2.33772950e-06	1.319766e-08
2.33774820e-06	1.328637e-08
2.33776690e-06	1.319073e-08
2.33778560e-06	1.313408e-08
2.33780431e-06	1.313005e-08
2.33782301e-06	1.312952e-08
2.33784171e-06	1.319793e-08
2.33786041e-06	1.319727e-08
2.33787912e-06	1.311244e-08
2.33789782e-06	1.314985e-08
2.33791652e-06	1.306023e-08
2.33793523e-06	1.399111e-08
2.33795393e-06	1.369176e-08
2.33797263e-06	1.319849e-08
2.33799134e-06	1.316707e-08
2.33801004e-06	1.313780e-08
2.33802874e-06	1.311714e-08
2.33804745e-06	1.313359e-08
2.33806615e-06	1.320613e-08
2.33808486e-06	1.321841e-08
2.33810356e-06	1.318546e-08
2.33812227e-06	1.321774e-08
2.33814097e-06	1.313726e-08
2.33815968e-06	1.312781e-08
2.33817838e-06	1.322336e-08
2.33819709e-06	1.324712e-08
2.33821579e-06	1.320968e-08
2.33823450e-06	1.331222e-08
2.33825321e-06	1.317560e-08
2.33827191e-06	1.320053e-08
2.33829062e-06	1.322360e-08
2.33830932e-06	1.322424e-08
2.33832803e-06	1.318445e-08
2.33834674e-06	1.317989e-08
2.33836544e-06	1.321262e-08
2.33838415e-06	1.323459e-08
2.33840286e-06	1.322355e-08
2.33842156e-06	1.323305e-08
2.33844027e-06	1.323763e-08
2.33845898e-06	1.326094e-08
2.33847769e-06	1.320797e-08
2.33849639e-06	1.313144e-08
2.33851510e-06	1.297334e-08
2.33853381e-06	1.324502e-08
2.33855252e-06	1.369236e-08
2.33857123e-06	1.305940e-08
2.33858994e-06	1.305172e-08
2.33860864e-06	1.311829e-08
2.33862735e-06	1.321183e-08
2.33864606e-06	1.323701e-08
2.33866477e-06	1.323314e-08
2.33868348e-06	1.322787e-08
2.33870219e-06	1.322878e-08
2.33872090e-06	1.323559e-08
2.33873961e-06	1.326113e-08
2.33875832e-06	1.325198e-08
2.33877703e-06	1.323256e-08
2.33879574e-06	1.319586e-08
2.33881445e-06	1.316799e-08
2.33883316e-06	1.309499e-08
2.33885187e-06	1.304722e-08
2.33887058e-06	1.309795e-08
2.33888929e-06	1.317545e-08
2.33890800e-06	1.320943e-08
2.33892672e-06	1.321687e-08
2.33894543e-06	1.319943e-08
2.33896414e-06	1.320643e-08
2.33898285e-06	1.319190e-08
2.33900156e-06	1.317264e-08
2.33902027e-06	1.318956e-08
2.33903899e-06	1.317288e-08
2.33905770e-06	1.306095e-08
2.33907641e-06	1.398875e-08
2.33909512e-06	1.379738e-08
2.33911384e-06	1.315724e-08
2.33913255e-06	1.317064e-08
2.33915126e-06	1.319218e-08
2.33916998e-06	1.320387e-08
2.33918869e-06	1.325966e-08
2.33920740e-06	1.322747e-08
2.33922612e-06	1.307736e-08
2.33924483e-06	1.311239e-08
2.33926354e-06	1.303455e-08
2.33928226e-06	1.317921e-08
2.33930097e-06	1.314907e-08
2.33931969e-06	1.383045e-08
2.33933840e-06	1.319359e-08
2.33935712e-06	1.313567e-08
2.33937583e-06	1.304558e-08
2.33939455e-06	1.306195e-08
2.33941326e-06	1.310278e-08
2.33943198e-06	1.308612e-08
2.33945069e-06	1.319308e-08
2.33946941e-06	1.322824e-08
2.33948812e-06	1.320920e-08
2.33950684e-06	1.317344e-08
2.33952556e-06	1.314741e-08
2.33954427e-06	1.311608e-08
2.33956299e-06	1.313540e-08
2.33958171e-06	1.315354e-08
2.33960042e-06	1.326361e-08
2.33961914e-06	1.321033e-08
2.33963785e-06	1.320235e-08
2.33965657e-06	1.324707e-08
2.33967529e-06	1.328236e-08
2.33969401e-06	1.306690e-08
2.33971272e-06	1.309912e-08
2.33973144e-06	1.318398e-08
2.33975016e-06	1.324934e-08
2.33976888e-06	1.319316e-08
2.33978760e-06	1.315238e-08
2.33980631e-06	1.309901e-08
2.33982503e-06	1.296607e-08
2.33984375e-06	1.307946e-08
2.33986247e-06	1.326319e-08
2.33988119e-06	1.332513e-08
2.33989991e-06	1.335602e-08
2.33991863e-06	1.313609e-08
2.33993735e-06	1.302235e-08
2.33995607e-06	1.318011e-08
2.33997479e-06	1.312038e-08
2.33999351e-06	1.308151e-08
2.34001223e-06	1.320178e-08
2.34003095e-06	1.322132e-08
2.34004967e-06	1.325691e-08
2.34006839e-06	1.325076e-08
2.34008711e-06	1.323640e-08
2.34010583e-06	1.317265e-08
2.34012455e-06	1.324671e-08
2.34014327e-06	1.319967e-08
2.34016199e-06	1.317050e-08
2.34018071e-06	1.319400e-08
2.34019943e-06	1.318769e-08
2.34021815e-06	1.312006e-08
2.34023688e-06	1.311056e-08
2.34025560e-06	1.388985e-08
2.34027432e-06	1.397299e-08
2.34029304e-06	1.317458e-08
2.34031177e-06	1.319204e-08
2.34033049e-06	1.316875e-08
2.34034921e-06	1.323362e-08
2.34036793e-06	1.322329e-08
2.34038666e-06	1.320288e-08
2.34040538e-06	1.322326e-08
2.34042410e-06	1.323009e-08
2.34044283e-06	1.326486e-08
2.34046155e-06	1.307002e-08
2.34048027e-06	1.308842e-08
2.34049900e-06	1.311273e-08
2.34051772e-06	1.326164e-08
2.34053644e-06	1.324600e-08
2.34055517e-06	1.320663e-08
2.34057389e-06	1.327273e-08
2.34059262e-06	1.320108e-08
2.34061134e-06	1.318573e-08
2.34063007e-06	1.319427e-08
2.34064879e-06	1.320025e-08
2.34066752e-06	1.322897e-08
2.34068624e-06	1.317138e-08
2.34070497e-06	1.296371e-08
2.34072369e-06	1.304306e-08
2.34074242e-06	1.313602e-08
2.34076115e-06	1.301770e-08
2.34077987e-06	1.298962e-08
2.34079860e-06	1.296937e-08
2.34081733e-06	1.311103e-08
2.34083605e-06	1.319303e-08
2.34085478e-06	1.313634e-08
2.34087350e-06	1.317595e-08
2.34089223e-06	1.318159e-08
2.34091096e-06	1.312668e-08
2.34092969e-06	1.311300e-08
2.34094841e-06	1.301319e-08
2.34096714e-06	1.311274e-08
2.34098587e-06	1.317573e-08
2.34100460e-06	1.315150e-08
2.34102333e-06	1.311132e-08
2.34104205e-06	1.317194e-08
2.34106078e-06	1.319555e-08
2.34107951e-06	1.332246e-08
2.34109824e-06	1.321670e-08
2.34111697e-06	1.320335e-08
2.34113570e-06	1.325626e-08
2.34115443e-06	1.333813e-08
2.34117315e-06	1.320708e-08
2.34119188e-06	1.314486e-08
2.34121061e-06	1.302112e-08
2.34122934e-06	1.304460e-08
2.34124807e-06	1.312716e-08
2.34126680e-06	1.343699e-08
2.34128553e-06	1.337891e-08
2.34130426e-06	1.302743e-08
2.34132299e-06	1.302214e-08
2.34134172e-06	1.322205e-08
2.34136045e-06	1.331034e-08
2.34137919e-06	1.316351e-08
2.34139792e-06	1.310953e-08
2.34141665e-06	1.318671e-08
2.34143538e-06	1.318291e-08
2.34145411e-06	1.316282e-08
2.34147284e-06	1.315884e-08
2.34149158e-06	1.397416e-08
2.34151031e-06	1.320905e-08
2.34152904e-06	1.317286e-08
2.34154777e-06	1.320858e-08
2.34156650e-06	1.318960e-08
2.34158524e-06	1.319364e-08
2.34160397e-06	1.306199e-08
2.34162270e-06	1.299078e-08
2.34164143e-06	1.301994e-08
2.34166017e-06	1.304142e-08
2.34167890e-06	1.319310e-08
2.34169763e-06	1.323588e-08
2.34171637e-06	1.322329e-08
2.34173510e-06	1.310635e-08
2.34175384e-06	1.311184e-08
2.34177257e-06	1.303686e-08
2.34179130e-06	1.309994e-08
2.34181004e-06	1.309181e-08
2.34182877e-06	1.305878e-08
2.34184751e-06	1.317215e-08
2.34186624e-06	1.325343e-08
2.34188498e-06	1.325691e-08
2.34190371e-06	1.319168e-08
2.34192245e-06	1.318262e-08
2.34194118e-06	1.326065e-08
2.34195992e-06	1.323236e-08
2.34197865e-06	1.319941e-08
2.34199739e-06	1.312514e-08
2.34201613e-06	1.304266e-08
2.34203486e-06	1.329810e-08
2.34205360e-06	1.331303e-08
2.34207233e-06	1.319159e-08
2.34209107e-06	1.316446e-08
2.34210981e-06	1.314373e-08
2.34212855e-06	1.301902e-08
2.34214728e-06	1.311060e-08
2.34216602e-06	1.315941e-08
2.34218476e-06	1.319191e-08
2.34220349e-06	1.316123e-08
2.34222223e-06	1.305807e-08
2.34224097e-06	1.301018e-08
2.34225971e-06	1.297338e-08
2.34227844e-06	1.288029e-08
2.34229718e-06	1.274148e-08
2.34231592e-06	1.283697e-08
2.34233466e-06	1.297017e-08
2.34235340e-06	1.295287e-08
2.34237214e-06	1.310421e-08
2.34239088e-06	1.314656e-08
2.34240962e-06	1.312868e-08
2.34242835e-06	1.310623e-08
2.34244709e-06	1.320117e-08
2.34246583e-06	1.312274e-08
2.34248457e-06	1.310363e-08
2.34250331e-06	1.309159e-08
2.34252205e-06	1.299208e-08
2.34254079e-06	1.316029e-08
2.34255953e-06	1.320934e-08
2.34257827e-06	1.316485e-08
2.34259702e-06	1.318017e-08
2.34261576e-06	1.320440e-08
2.34263450e-06	1.306598e-08
2.34265324e-06	1.300008e-08
2.34267198e-06	1.309634e-08
2.34269072e-06	1.319765e-08
2.34270946e-06	1.307475e-08
2.34272820e-06	1.310271e-08
2.34274695e-06	1.380439e-08
2.34276569e-06	1.396895e-08
2.34278443e-06	1.309612e-08
2.34280317e-06	1.314114e-08
2.34282191e-06	1.311680e-08
2.34284066e-06	1.321313e-08
2.34285940e-06	1.321164e-08
2.34287814e-06	1.320641e-08
2.34289689e-06	1.319579e-08
2.34291563e-06	1.316039e-08
2.34293437e-06	1.306143e-08
2.34295312e-06	1.306166e-08
2.34297186e-06	1.315696e-08
2.34299060e-06	1.321435e-08
2.34300935e-06	1.314688e-08
2.34302809e-06	1.307802e-08
2.34304684e-06	1.314538e-08
2.34306558e-06	1.308212e-08
2.34308432e-06	1.312185e-08
2.34310307e-06	1.295548e-08
2.34312181e-06	1.301256e-08
2.34314056e-06	1.305840e-08
2.34315930e-06	1.321766e-08
2.34317805e-06	1.315068e-08
2.34319679e-06	1.301375e-08
2.34321554e-06	1.316546e-08
2.34323429e-06	1.326330e-08
2.34325303e-06	1.311165e-08
2.34327178e-06	1.359677e-08
2.34329052e-06	1.315149e-08
2.34330927e-06	1.318590e-08
2.34332802e-06	1.300637e-08
2.34334676e-06	1.289813e-08
2.34336551e-06	1.302961e-08
2.34338426e-06	1.317120e-08
2.34340300e-06	1.312742e-08
2.34342175e-06	1.318237e-08
2.34344050e-06	1.320241e-08
2.34345925e-06	1.319748e-08
2.34347799e-06	1.318028e-08
2.34349674e-06	1.322898e-08
2.34351549e-06	1.318560e-08
2.34353424e-06	1.315617e-08
2.34355299e-06	1.318245e-08
2.34357173e-06	1.317109e-08
2.34359048e-06	1.318892e-08
2.34360923e-06	1.321152e-08
2.34362798e-06	1.322775e-08
2.34364673e-06	1.319063e-08
2.34366548e-06	1.323202e-08
2.34368423e-06	1.327539e-08
2.34370298e-06	1.320614e-08
2.34372173e-06	1.316081e-08
2.34374048e-06	1.312582e-08
2.34375923e-06	1.314932e-08
2.34377798e-06	1.311295e-08
2.34379673e-06	1.311261e-08
2.34381548e-06	1.315712e-08
2.34383423e-06	1.323632e-08
2.34385298e-06	1.318691e-08
2.34387173e-06	1.320946e-08
2.34389048e-06	1.312857e-08
2.34390923e-06	1.318652e-08
2.34392798e-06	1.319088e-08
2.34394673e-06	1.305111e-08
2.34396549e-06	1.307445e-08
2.34398424e-06	1.320115e-08
2.34400299e-06	1.314246e-08
2.34402174e-06	1.318036e-08
2.34404049e-06	1.309204e-08
2.34405925e-06	1.394517e-08
2.34407800e-06	1.385007e-08
2.34409675e-06	1.314948e-08
2.34411550e-06	1.314871e-08
2.34413426e-06	1.319239e-08
2.34415301e-06	1.314106e-08
2.34417176e-06	1.304738e-08
2.34419052e-06	1.308858e-08
2.34420927e-06	1.313308e-08
2.34422802e-06	1.308860e-08
2.34424678e-06	1.306294e-08
2.34426553e-06	1.307456e-08
2.34428429e-06	1.317694e-08
2.34430304e-06	1.318715e-08
2.34432179e-06	1.323071e-08
2.34434055e-06	1.320360e-08
2.34435930e-06	1.315475e-08
2.34437806e-06	1.318580e-08
2.34439681e-06	1.319226e-08
2.34441557e-06	1.319852e-08
2.34443432e-06	1.307957e-08
2.34445308e-06	1.327147e-08
2.34447183e-06	1.322281e-08
2.34449059e-06	1.317596e-08
2.34450935e-06	1.320464e-08
2.34452810e-06	1.318999e-08
2.34454686e-06	1.318041e-08
2.34456562e-06	1.320736e-08
2.34458437e-06	1.320921e-08
2.34460313e-06	1.314060e-08
2.34462189e-06	1.299122e-08
2.34464064e-06	1.310521e-08
2.34465940e-06	1.314515e-08
2.34467816e-06	1.317470e-08
2.34469691e-06	1.330998e-08
2.34471567e-06	1.331182e-08
2.34473443e-06	1.318825e-08
2.34475319e-06	1.317891e-08
2.34477195e-06	1.323600e-08
2.34479070e-06	1.328478e-08
2.34480946e-06	1.329686e-08
2.34482822e-06	1.324359e-08
2.34484698e-06	1.310958e-08
2.34486574e-06	1.315973e-08
2.34488450e-06	1.316033e-08
2.34490326e-06	1.316969e-08
2.34492202e-06	1.322051e-08
2.34494077e-06	1.319556e-08
2.34495953e-06	1.323169e-08
2.34497829e-06	1.320365e-08
2.34499705e-06	1.311299e-08
2.34501581e-06	1.321210e-08
2.34503457e-06	1.330822e-08
2.34505333e-06	1.330383e-08
2.34507209e-06	1.321131e-08
2.34509086e-06	1.324356e-08
2.34510962e-06	1.314101e-08
2.34512838e-06	1.301558e-08
2.34514714e-06	1.296478e-08
2.34516590e-06	1.308362e-08
2.34518466e-06	1.312313e-08
2.34520342e-06	1.314399e-08
2.34522218e-06	1.316995e-08
2.34524094e-06	1.321571e-08
2.34525971e-06	1.317714e-08
2.34527847e-06	1.317090e-08
2.34529723e-06	1.321976e-08
2.34531599e-06	1.314128e-08
2.34533476e-06	1.317890e-08
2.34535352e-06	1.316696e-08
2.34537228e-06	1.315047e-08
2.34539104e-06	1.306139e-08
2.34540981e-06	1.396086e-08
2.34542857e-06	1.378134e-08
2.34544733e-06	1.320698e-08
2.34546610e-06	1.315949e-08
2.34548486e-06	1.324134e-08
2.34550363e-06	1.316836e-08
2.34552239e-06	1.313701e-08
2.34554115e-06	1.310508e-08
2.34555992e-06	1.316602e-08
2.34557868e-06	1.309327e-08
2.34559745e-06	1.294980e-08
2.34561621e-06	1.319363e-08
2.34563498e-06	1.321937e-08
2.34565374e-06	1.311002e-08
2.34567251e-06	1.299440e-08
2.34569127e-06	1.302914e-08
2.34571004e-06	1.302444e-08
2.34572880e-06	1.300047e-08
2.34574757e-06	1.317901e-08
2.34576634e-06	1.318496e-08
2.34578510e-06	1.289791e-08
2.34580387e-06	1.282322e-08
2.34582263e-06	1.298853e-08
2.34584140e-06	1.316882e-08
2.34586017e-06	1.306418e-08
2.34587894e-06	1.303627e-08
2.34589770e-06	1.310100e-08
2.34591647e-06	1.306454e-08
2.34593524e-06	1.303107e-08
2.34595400e-06	1.310487e-08
2.34597277e-06	1.319552e-08
2.34599154e-06	1.321729e-08
2.34601031e-06	1.298628e-08
2.34602908e-06	1.284548e-08
2.34604784e-06	1.316073e-08
2.34606661e-06	1.318133e-08
2.34608538e-06	1.315826e-08
2.34610415e-06	1.318260e-08
2.34612292e-06	1.316912e-08
2.34614169e-06	1.309162e-08
2.34616046e-06	1.314220e-08
2.34617923e-06	1.321261e-08
2.34619800e-06	1.310872e-08
2.34621676e-06	1.295072e-08
2.34623553e-06	1.301760e-08
2.34625430e-06	1.308062e-08
2.34627307e-06	1.303514e-08
2.34629184e-06	1.302916e-08
2.34631061e-06	1.317643e-08
2.34632938e-06	1.317828e-08
2.34634816e-06	1.312443e-08
2.34636693e-06	1.308201e-08
2.34638570e-06	1.304181e-08
2.34640447e-06	1.312712e-08
2.34642324e-06	1.315429e-08
2.34644201e-06	1.322034e-08
2.34646078e-06	1.331844e-08
2.34647955e-06	1.320653e-08
2.34649833e-06	1.310131e-08
2.34651710e-06	1.306998e-08
2.34653587e-06	1.314140e-08
2.34655464e-06	1.303495e-08
2.34657341e-06	1.299807e-08
2.34659219e-06	1.308522e-08
2.34661096e-06	1.312803e-08
2.34662973e-06	1.314840e-08
2.34664851e-06	1.318571e-08
2.34666728e-06	1.318599e-08
2.34668605e-06	1.298937e-08
2.34670483e-06	1.292378e-08
2.34672360e-06	1.301938e-08
2.34674237e-06	1.303012e-08
2.34676115e-06	1.311486e-08
2.34677992e-06	1.308684e-08
2.34679870e-06	1.391202e-08
2.34681747e-06	1.385478e-08
2.34683625e-06	1.309503e-08
2.34685502e-06	1.311795e-08
2.34687379e-06	1.315945e-08
2.34689257e-06	1.318042e-08
2.34691134e-06	1.325916e-08
2.34693012e-06	1.318191e-08
2.34694889e-06	1.316727e-08
2.34696767e-06	1.317999e-08
2.34698645e-06	1.310762e-08
2.34700522e-06	1.316333e-08
2.34702400e-06	1.316913e-08
2.34704277e-06	1.309703e-08
2.34706155e-06	1.313660e-08
2.34708033e-06	1.301654e-08
2.34709910e-06	1.289270e-08
2.34711788e-06	1.298323e-08
2.34713666e-06	1.306668e-08
2.34715543e-06	1.320352e-08
2.34717421e-06	1.320584e-08
2.34719299e-06	1.320388e-08
2.34721177e-06	1.315223e-08
2.34723054e-06	1.319458e-08
2.34724932e-06	1.319501e-08
2.34726810e-06	1.315198e-08
2.34728688e-06	1.313972e-08
2.34730566e-06	1.311528e-08
2.34732444e-06	1.313589e-08
2.34734321e-06	1.311769e-08
2.34736199e-06	1.310805e-08
2.34738077e-06	1.311560e-08
2.34739955e-06	1.318242e-08
2.34741833e-06	1.317138e-08
2.34743711e-06	1.315655e-08
2.34745589e-06	1.312461e-08
2.34747467e-06	1.312099e-08
2.34749345e-06	1.315919e-08
2.34751223e-06	1.318300e-08
2.34753101e-06	1.314238e-08
2.34754979e-06	1.318077e-08
2.34756857e-06	1.315352e-08
2.34758735e-06	1.317379e-08
2.34760613e-06	1.302781e-08
2.34762491e-06	1.305274e-08
2.34764369e-06	1.312218e-08
2.34766247e-06	1.320017e-08
2.34768125e-06	1.318596e-08
2.34770004e-06	1.317346e-08
2.34771882e-06	1.316037e-08
2.34773760e-06	1.315383e-08
2.34775638e-06	1.318853e-08
2.34777516e-06	1.319407e-08
2.34779395e-06	1.316657e-08
2.34781273e-06	1.318095e-08
2.34783151e-06	1.318295e-08
2.34785029e-06	1.302745e-08
2.34786908e-06	1.305934e-08
2.34788786e-06	1.312247e-08
2.34790664e-06	1.304137e-08
2.34792542e-06	1.295995e-08
2.34794421e-06	1.304118e-08
2.34796299e-06	1.303509e-08
2.34798178e-06	1.298147e-08
2.34800056e-06	1.299392e-08
2.34801934e-06	1.305375e-08
2.34803813e-06	1.303588e-08
2.34805691e-06	1.310525e-08
2.34807570e-06	1.312572e-08
2.34809448e-06	1.314012e-08
2.34811327e-06	1.316812e-08
2.34813205e-06	1.316034e-08
2.34815084e-06	1.315363e-08
2.34816962e-06	1.312521e-08
2.34818841e-06	1.304156e-08
2.34820719e-06	1.309575e-08
2.34822598e-06	1.358521e-08
2.34824476e-06	1.395209e-08
2.34826355e-06	1.300172e-08
2.34828234e-06	1.313709e-08
2.34830112e-06	1.307948e-08
2.34831991e-06	1.301001e-08
2.34833869e-06	1.314217e-08
2.34835748e-06	1.315237e-08
2.34837627e-06	1.315716e-08
2.34839506e-06	1.312095e-08
2.34841384e-06	1.317941e-08
2.34843263e-06	1.316396e-08
2.34845142e-06	1.312847e-08
2.34847021e-06	1.308725e-08
2.34848899e-06	1.308301e-08
2.34850778e-06	1.313043e-08
2.34852657e-06	1.318256e-08
2.34854536e-06	1.316008e-08
2.34856415e-06	1.317005e-08
2.34858293e-06	1.312812e-08
2.34860172e-06	1.308278e-08
2.34862051e-06	1.295432e-08
2.34863930e-06	1.298784e-08
2.34865809e-06	1.312355e-08
2.34867688e-06	1.321933e-08
2.34869567e-06	1.320314e-08
2.34871446e-06	1.317422e-08
2.34873325e-06	1.318731e-08
2.34875204e-06	1.303424e-08
2.34877083e-06	1.298121e-08
2.34878962e-06	1.316225e-08
2.34880841e-06	1.316567e-08
2.34882720e-06	1.315592e-08
2.34884599e-06	1.308974e-08
2.34886478e-06	1.316336e-08
2.34888357e-06	1.314070e-08
2.34890236e-06	1.311763e-08
2.34892115e-06	1.299394e-08
2.34893994e-06	1.283245e-08
2.34895873e-06	1.310419e-08
2.34897753e-06	1.315964e-08
2.34899632e-06	1.318642e-08
2.34901511e-06	1.319895e-08
2.34903390e-06	1.314397e-08
2.34905269e-06	1.316212e-08
2.34907149e-06	1.315335e-08
2.34909028e-06	1.317219e-08
2.34910907e-06	1.315445e-08
2.34912787e-06	1.308104e-08
2.34914666e-06	1.311917e-08
2.34916545e-06	1.318085e-08
2.34918425e-06	1.316489e-08
2.34920304e-06	1.320198e-08
2.34922183e-06	1.318640e-08
2.34924063e-06	1.318979e-08
2.34925942e-06	1.312597e-08
2.34927821e-06	1.296807e-08
2.34929701e-06	1.316679e-08
2.34931580e-06	1.316504e-08
2.34933460e-06	1.318735e-08
2.34935339e-06	1.320595e-08
2.34937219e-06	1.318839e-08
2.34939098e-06	1.317520e-08
2.34940978e-06	1.316961e-08
2.34942857e-06	1.326633e-08
2.34944737e-06	1.313865e-08
2.34946616e-06	1.314488e-08
2.34948496e-06	1.309883e-08
2.34950375e-06	1.337602e-08
2.34952255e-06	1.311580e-08
2.34954135e-06	1.305395e-08
2.34956014e-06	1.297452e-08
2.34957894e-06	1.310226e-08
2.34959774e-06	1.299061e-08
2.34961653e-06	1.319244e-08
2.34963533e-06	1.321088e-08
2.34965413e-06	1.317830e-08
2.34967292e-06	1.320124e-08
2.34969172e-06	1.302572e-08
2.34971052e-06	1.394819e-08
2.34972932e-06	1.349175e-08
2.34974812e-06	1.316475e-08
2.34976691e-06	1.326590e-08
2.34978571e-06	1.316800e-08
2.34980451e-06	1.315211e-08
2.34982331e-06	1.314819e-08
2.34984211e-06	1.326329e-08
2.34986090e-06	1.317673e-08
2.34987970e-06	1.315633e-08
2.34989850e-06	1.316823e-08
2.34991730e-06	1.307017e-08
2.34993610e-06	1.312264e-08
2.34995490e-06	1.310342e-08
2.34997370e-06	1.317128e-08
