2.30001633e-06	9.575866e-09
2.30003473e-06	8.025449e-09
2.30005313e-06	9.158636e-09
2.30007153e-06	8.043310e-09
2.30008993e-06	7.933304e-09
2.30010833e-06	9.913518e-09
2.30012673e-06	1.016390e-08
2.30014513e-06	9.951832e-09
2.30016353e-06	9.533335e-09
2.30018194e-06	9.795105e-09
2.30020034e-06	9.893321e-09
2.30021874e-06	1.043401e-08
2.30023714e-06	9.954231e-09
2.30025554e-06	9.258258e-09
2.30027395e-06	8.979618e-09
2.30029235e-06	8.377994e-09
2.30031075e-06	9.053367e-09
2.30032915e-06	9.595911e-09
2.30034756e-06	1.007982e-08
2.30036596e-06	8.989297e-09
2.30038436e-06	8.124227e-09
2.30040276e-06	8.685422e-09
2.30042117e-06	8.692674e-09
2.30043957e-06	9.125439e-09
2.30045797e-06	9.299141e-09
2.30047638e-06	8.310766e-09
2.30049478e-06	6.875037e-09
2.30051319e-06	6.626540e-09
2.30053159e-06	5.136298e-09
2.30054999e-06	4.927482e-09
2.30056840e-06	7.433493e-09
2.30058680e-06	7.842774e-09
2.30060521e-06	5.078482e-09
2.30062361e-06	6.821060e-09
2.30064202e-06	8.314600e-09
2.30066042e-06	8.532051e-09
2.30067883e-06	9.005550e-09
2.30069723e-06	9.076954e-09
2.30071564e-06	8.301856e-09
2.30073404e-06	4.731700e-09
2.30075245e-06	5.169058e-09
2.30077086e-06	8.544870e-09
2.30078926e-06	9.111578e-09
2.30080767e-06	9.208706e-09
2.30082608e-06	9.143165e-09
2.30084448e-06	9.223537e-09
2.30086289e-06	9.207907e-09
2.30088129e-06	9.222764e-09
2.30089970e-06	9.131002e-09
2.30091811e-06	9.381193e-09
2.30093652e-06	9.471498e-09
2.30095492e-06	9.475785e-09
2.30097333e-06	8.071264e-09
2.30099174e-06	7.968095e-09
2.30101015e-06	8.354041e-09
2.30102856e-06	8.124528e-09
2.30104696e-06	9.054276e-09
2.30106537e-06	8.904292e-09
2.30108378e-06	6.520246e-09
2.30110219e-06	5.130148e-09
2.30112060e-06	8.285601e-09
2.30113901e-06	9.432677e-09
2.30115742e-06	9.886646e-09
2.30117583e-06	9.655686e-09
2.30119423e-06	8.462787e-09
2.30121265e-06	7.815544e-09
2.30123105e-06	8.991251e-09
2.30124946e-06	9.022654e-09
2.30126787e-06	8.714217e-09
2.30128628e-06	6.727214e-09
2.30130469e-06	4.862166e-09
2.30132310e-06	4.895187e-09
2.30134152e-06	5.617844e-09
2.30135993e-06	6.974344e-09
2.30137834e-06	7.487672e-09
2.30139675e-06	4.907116e-09
2.30141516e-06	6.594603e-09
2.30143357e-06	9.535524e-09
2.30145198e-06	9.789886e-09
2.30147039e-06	8.506837e-09
2.30148881e-06	5.553262e-09
2.30150722e-06	4.946104e-09
2.30152563e-06	8.248174e-09
2.30154404e-06	9.330109e-09
2.30156245e-06	9.374177e-09
2.30158087e-06	9.025831e-09
2.30159928e-06	9.614461e-09
2.30161769e-06	9.710628e-09
2.30163611e-06	8.658685e-09
2.30165452e-06	8.295806e-09
2.30167293e-06	8.535731e-09
2.30169135e-06	9.316224e-09
2.30170976e-06	9.708181e-09
2.30172817e-06	1.006549e-08
2.30174659e-06	9.686593e-09
2.30176500e-06	8.857393e-09
2.30178341e-06	9.965050e-09
2.30180183e-06	9.649577e-09
2.30182024e-06	8.747179e-09
2.30183866e-06	9.454537e-09
2.30185707e-06	9.059971e-09
2.30187549e-06	8.523338e-09
2.30189390e-06	9.071181e-09
2.30191232e-06	9.885206e-09
2.30193073e-06	9.556757e-09
2.30194915e-06	9.456923e-09
2.30196756e-06	1.001753e-08
2.30198598e-06	9.791142e-09
2.30200440e-06	9.219063e-09
2.30202281e-06	7.928422e-09
2.30204123e-06	8.108853e-09
2.30205964e-06	8.814613e-09
2.30207806e-06	9.075580e-09
2.30209648e-06	8.181272e-09
2.30211489e-06	4.969055e-09
2.30213331e-06	4.896635e-09
2.30215173e-06	7.313108e-09
2.30217014e-06	9.034381e-09
2.30218856e-06	9.448283e-09
2.30220698e-06	9.652995e-09
2.30222540e-06	9.381690e-09
2.30224381e-06	9.423251e-09
2.30226223e-06	8.360937e-09
2.30228065e-06	7.811479e-09
2.30229907e-06	9.045314e-09
2.30231749e-06	9.272914e-09
2.30233591e-06	9.566646e-09
2.30235433e-06	9.997750e-09
2.30237274e-06	1.010985e-08
2.30239116e-06	1.020126e-08
2.30240958e-06	9.619434e-09
2.30242800e-06	9.301301e-09
2.30244642e-06	9.659655e-09
2.30246484e-06	9.803368e-09
2.30248326e-06	9.831050e-09
2.30250168e-06	9.655884e-09
2.30252010e-06	9.442535e-09
2.30253852e-06	8.933064e-09
2.30255694e-06	9.474790e-09
2.30257536e-06	9.881874e-09
2.30259378e-06	9.817566e-09
2.30261220e-06	9.543341e-09
2.30263062e-06	9.494920e-09
2.30264904e-06	9.348510e-09
2.30266747e-06	9.398477e-09
2.30268589e-06	1.010228e-08
2.30270431e-06	9.750112e-09
2.30272273e-06	9.227998e-09
2.30274115e-06	8.492805e-09
2.30275957e-06	5.148543e-09
2.30277800e-06	5.780898e-09
2.30279642e-06	7.529170e-09
2.30281484e-06	7.342653e-09
2.30283326e-06	9.035614e-09
2.30285168e-06	9.173600e-09
2.30287011e-06	9.633803e-09
2.30288853e-06	9.516811e-09
2.30290695e-06	8.813574e-09
2.30292538e-06	8.307886e-09
2.30294380e-06	8.455543e-09
2.30296222e-06	5.714966e-09
2.30298065e-06	5.001773e-09
2.30299907e-06	4.973436e-09
2.30301750e-06	6.769994e-09
2.30303592e-06	7.600154e-09
2.30305434e-06	9.141449e-09
2.30307277e-06	9.348244e-09
2.30309119e-06	9.367990e-09
2.30310962e-06	8.986440e-09
2.30312804e-06	8.000825e-09
2.30314647e-06	9.391385e-09
2.30316489e-06	9.821261e-09
2.30318332e-06	9.180586e-09
2.30320174e-06	7.082455e-09
2.30322017e-06	7.921298e-09
2.30323860e-06	1.008774e-08
2.30325702e-06	1.003778e-08
2.30327545e-06	9.510878e-09
2.30329387e-06	8.692665e-09
2.30331230e-06	6.786778e-09
2.30333073e-06	6.313631e-09
2.30334915e-06	6.955258e-09
2.30336758e-06	8.309478e-09
2.30338601e-06	9.858997e-09
2.30340443e-06	1.021810e-08
2.30342286e-06	1.076986e-08
2.30344129e-06	1.034488e-08
2.30345972e-06	9.750757e-09
2.30347814e-06	9.766151e-09
2.30349657e-06	9.975603e-09
2.30351500e-06	1.004846e-08
2.30353343e-06	9.294883e-09
2.30355186e-06	8.925405e-09
2.30357028e-06	8.422545e-09
2.30358871e-06	7.148935e-09
2.30360714e-06	7.394761e-09
2.30362557e-06	8.541929e-09
2.30364400e-06	9.047149e-09
2.30366243e-06	9.866885e-09
2.30368086e-06	9.616773e-09
2.30369929e-06	9.532259e-09
2.30371772e-06	9.036267e-09
2.30373615e-06	7.781953e-09
2.30375458e-06	7.541081e-09
2.30377301e-06	7.131207e-09
2.30379144e-06	8.010076e-09
2.30380987e-06	7.380874e-09
2.30382830e-06	7.395062e-09
2.30384673e-06	7.114918e-09
2.30386516e-06	4.885186e-09
2.30388359e-06	4.773433e-09
2.30390202e-06	6.892198e-09
2.30392045e-06	6.913084e-09
2.30393888e-06	8.367063e-09
2.30395731e-06	8.158158e-09
2.30397575e-06	8.778342e-09
2.30399418e-06	9.504186e-09
2.30401261e-06	9.501783e-09
2.30403104e-06	9.999287e-09
2.30404947e-06	9.721135e-09
2.30406791e-06	9.255548e-09
2.30408634e-06	9.205958e-09
2.30410477e-06	9.401570e-09
2.30412321e-06	1.006719e-08
2.30414164e-06	1.022050e-08
2.30416007e-06	9.711466e-09
2.30417850e-06	9.533628e-09
2.30419694e-06	9.500618e-09
2.30421537e-06	8.855754e-09
2.30423381e-06	8.910838e-09
2.30425224e-06	9.770406e-09
2.30427067e-06	9.308346e-09
2.30428911e-06	9.315844e-09
2.30430754e-06	9.463032e-09
2.30432598e-06	8.790976e-09
2.30434441e-06	9.346217e-09
2.30436285e-06	1.004964e-08
2.30438128e-06	1.079255e-08
2.30439971e-06	1.050292e-08
2.30441815e-06	1.044997e-08
2.30443659e-06	1.029610e-08
2.30445502e-06	9.382394e-09
2.30447346e-06	9.515105e-09
2.30449189e-06	9.460077e-09
2.30451033e-06	9.603701e-09
2.30452877e-06	9.640639e-09
2.30454720e-06	1.013211e-08
2.30456564e-06	9.775287e-09
2.30458407e-06	9.872155e-09
2.30460251e-06	9.876724e-09
2.30462095e-06	9.260935e-09
2.30463938e-06	8.751143e-09
2.30465782e-06	9.321794e-09
2.30467626e-06	9.903437e-09
2.30469470e-06	9.327313e-09
2.30471313e-06	8.516670e-09
2.30473157e-06	6.820661e-09
2.30475001e-06	7.404002e-09
2.30476845e-06	8.394917e-09
2.30478688e-06	5.425288e-09
2.30480532e-06	4.998877e-09
2.30482376e-06	6.095244e-09
2.30484220e-06	8.530985e-09
2.30486064e-06	8.020306e-09
2.30487908e-06	8.051963e-09
2.30489752e-06	8.800097e-09
2.30491596e-06	8.558550e-09
2.30493440e-06	5.907482e-09
2.30495284e-06	7.234742e-09
2.30497128e-06	7.122649e-09
2.30498972e-06	6.334788e-09
2.30500815e-06	7.836640e-09
2.30502660e-06	9.316567e-09
2.30504504e-06	8.467821e-09
2.30506347e-06	8.605267e-09
2.30508192e-06	8.675899e-09
2.30510036e-06	8.798445e-09
2.30511880e-06	9.093185e-09
2.30513724e-06	9.466869e-09
2.30515568e-06	9.071677e-09
2.30517412e-06	9.200675e-09
2.30519256e-06	9.514461e-09
2.30521100e-06	8.743598e-09
2.30522944e-06	9.095443e-09
2.30524789e-06	9.273148e-09
2.30526633e-06	9.215850e-09
2.30528477e-06	9.416776e-09
2.30530321e-06	9.618721e-09
2.30532166e-06	8.597636e-09
2.30534010e-06	8.841265e-09
2.30535854e-06	9.223616e-09
2.30537698e-06	9.147003e-09
2.30539543e-06	8.142948e-09
2.30541387e-06	4.798993e-09
2.30543231e-06	7.002594e-09
2.30545076e-06	8.652786e-09
2.30546920e-06	7.706366e-09
2.30548764e-06	5.592373e-09
2.30550609e-06	7.814758e-09
2.30552453e-06	9.527655e-09
2.30554298e-06	9.945659e-09
2.30556142e-06	9.726827e-09
2.30557987e-06	9.389686e-09
2.30559831e-06	9.414263e-09
2.30561675e-06	8.986892e-09
2.30563520e-06	5.419138e-09
2.30565365e-06	4.369521e-09
2.30567209e-06	7.472017e-09
2.30569054e-06	8.432747e-09
2.30570898e-06	9.019524e-09
2.30572743e-06	8.299532e-09
2.30574587e-06	7.871489e-09
2.30576432e-06	4.735999e-09
2.30578276e-06	4.895175e-09
2.30580121e-06	6.896354e-09
2.30581966e-06	8.936596e-09
2.30583810e-06	9.401751e-09
2.30585655e-06	8.424510e-09
2.30587500e-06	7.024586e-09
2.30589344e-06	6.654116e-09
2.30591189e-06	8.281037e-09
2.30593034e-06	9.009386e-09
2.30594879e-06	8.432401e-09
2.30596723e-06	8.528681e-09
2.30598568e-06	8.286829e-09
2.30600413e-06	9.216543e-09
2.30602258e-06	9.795496e-09
2.30604102e-06	1.005695e-08
2.30605947e-06	1.020699e-08
2.30607792e-06	9.948711e-09
2.30609637e-06	9.725764e-09
2.30611482e-06	9.458432e-09
2.30613327e-06	8.344354e-09
2.30615172e-06	8.270172e-09
2.30617017e-06	9.189233e-09
2.30618862e-06	8.522532e-09
2.30620707e-06	8.051026e-09
2.30622551e-06	8.673994e-09
2.30624396e-06	9.556370e-09
2.30626241e-06	9.523902e-09
2.30628087e-06	9.426165e-09
2.30629932e-06	9.781497e-09
2.30631777e-06	1.034226e-08
2.30633622e-06	9.836433e-09
2.30635467e-06	9.146164e-09
2.30637312e-06	9.516193e-09
2.30639157e-06	9.326659e-09
2.30641002e-06	8.952064e-09
2.30642847e-06	9.712332e-09
2.30644692e-06	8.587092e-09
2.30646537e-06	8.129050e-09
2.30648383e-06	8.311301e-09
2.30650228e-06	7.715370e-09
2.30652073e-06	7.597277e-09
2.30653918e-06	7.541523e-09
2.30655763e-06	8.133062e-09
2.30657609e-06	8.657908e-09
2.30659454e-06	9.129935e-09
2.30661299e-06	9.387813e-09
2.30663144e-06	7.901304e-09
2.30664990e-06	6.610882e-09
2.30666835e-06	4.802254e-09
2.30668681e-06	7.454576e-09
2.30670526e-06	8.388058e-09
2.30672371e-06	8.193862e-09
2.30674217e-06	8.697492e-09
2.30676062e-06	6.580190e-09
2.30677907e-06	4.777489e-09
2.30679753e-06	4.810830e-09
2.30681598e-06	7.710904e-09
2.30683444e-06	8.224950e-09
2.30685289e-06	7.383080e-09
2.30687135e-06	8.810818e-09
2.30688980e-06	9.111169e-09
2.30690826e-06	8.101390e-09
2.30692671e-06	7.622216e-09
2.30694517e-06	8.881691e-09
2.30696362e-06	9.187148e-09
2.30698208e-06	9.572508e-09
2.30700053e-06	9.934594e-09
2.30701899e-06	1.011161e-08
2.30703745e-06	9.628601e-09
2.30705590e-06	9.095691e-09
2.30707436e-06	9.871910e-09
2.30709282e-06	9.881940e-09
2.30711127e-06	1.005610e-08
2.30712973e-06	1.017634e-08
2.30714819e-06	1.022117e-08
2.30716664e-06	1.012690e-08
2.30718510e-06	1.017786e-08
2.30720356e-06	1.014989e-08
2.30722202e-06	9.571521e-09
2.30724047e-06	8.938441e-09
2.30725893e-06	9.118713e-09
2.30727739e-06	9.596224e-09
2.30729585e-06	8.162323e-09
2.30731431e-06	7.668022e-09
2.30733277e-06	9.310754e-09
2.30735122e-06	9.848450e-09
2.30736968e-06	9.468132e-09
2.30738814e-06	8.121971e-09
2.30740660e-06	8.532912e-09
2.30742506e-06	9.617626e-09
2.30744352e-06	1.014017e-08
2.30746198e-06	1.002425e-08
2.30748044e-06	9.317277e-09
2.30749890e-06	8.948788e-09
2.30751736e-06	7.756452e-09
2.30753582e-06	8.562570e-09
2.30755428e-06	9.215666e-09
2.30757274e-06	9.006412e-09
2.30759120e-06	8.531534e-09
2.30760966e-06	7.358037e-09
2.30762812e-06	5.173491e-09
2.30764658e-06	4.207161e-09
2.30766504e-06	6.624690e-09
2.30768351e-06	7.671294e-09
2.30770197e-06	9.113098e-09
2.30772043e-06	9.981852e-09
2.30773889e-06	9.905931e-09
2.30775735e-06	9.812412e-09
2.30777581e-06	9.461713e-09
2.30779428e-06	7.956621e-09
2.30781274e-06	7.122431e-09
2.30783120e-06	4.756623e-09
2.30784966e-06	4.802628e-09
2.30786813e-06	7.441537e-09
2.30788659e-06	8.850209e-09
2.30790505e-06	9.467560e-09
2.30792352e-06	9.396513e-09
2.30794198e-06	9.169671e-09
2.30796044e-06	9.700882e-09
2.30797891e-06	9.781263e-09
2.30799737e-06	9.442141e-09
2.30801583e-06	8.260866e-09
2.30803430e-06	8.216344e-09
2.30805276e-06	6.785692e-09
2.30807123e-06	8.259902e-09
2.30808969e-06	9.483750e-09
2.30810816e-06	9.486536e-09
2.30812662e-06	9.358353e-09
2.30814509e-06	9.829705e-09
2.30816355e-06	1.019512e-08
2.30818202e-06	9.867515e-09
2.30820048e-06	8.883917e-09
2.30821895e-06	9.138677e-09
2.30823741e-06	9.675251e-09
2.30825588e-06	9.871891e-09
2.30827434e-06	8.858776e-09
2.30829281e-06	8.234123e-09
2.30831128e-06	9.265996e-09
2.30832974e-06	9.594120e-09
2.30834821e-06	9.378379e-09
2.30836668e-06	9.091495e-09
2.30838514e-06	9.149948e-09
2.30840361e-06	9.676691e-09
2.30842208e-06	9.934421e-09
2.30844055e-06	1.006248e-08
2.30845901e-06	9.671985e-09
2.30847748e-06	8.963536e-09
2.30849595e-06	8.288432e-09
2.30851442e-06	7.610011e-09
2.30853288e-06	8.650691e-09
2.30855135e-06	9.397473e-09
2.30856982e-06	9.459711e-09
2.30858829e-06	9.498186e-09
2.30860676e-06	9.835742e-09
2.30862523e-06	1.016304e-08
2.30864370e-06	9.683369e-09
2.30866217e-06	9.762359e-09
2.30868063e-06	1.018568e-08
2.30869911e-06	9.671088e-09
2.30871757e-06	9.222551e-09
2.30873604e-06	8.873261e-09
2.30875451e-06	9.062169e-09
2.30877298e-06	9.800148e-09
2.30879145e-06	9.251895e-09
2.30880992e-06	8.210771e-09
2.30882840e-06	8.390164e-09
2.30884687e-06	9.439098e-09
2.30886534e-06	9.464737e-09
2.30888381e-06	8.448104e-09
2.30890228e-06	6.888308e-09
2.30892075e-06	4.656031e-09
2.30893922e-06	4.931383e-09
2.30895769e-06	6.494577e-09
2.30897616e-06	7.743683e-09
2.30899464e-06	6.450558e-09
2.30901311e-06	7.830099e-09
2.30903158e-06	9.153169e-09
2.30905005e-06	9.113607e-09
2.30906852e-06	8.512241e-09
2.30908700e-06	7.207374e-09
2.30910547e-06	7.216251e-09
2.30912394e-06	7.712563e-09
2.30914242e-06	8.653978e-09
2.30916089e-06	8.065870e-09
2.30917936e-06	8.845233e-09
2.30919784e-06	7.084510e-09
2.30921631e-06	7.334106e-09
2.30923478e-06	8.782386e-09
2.30925326e-06	9.403910e-09
2.30927173e-06	9.859152e-09
2.30929021e-06	9.651697e-09
2.30930868e-06	1.004010e-08
2.30932715e-06	9.652857e-09
2.30934563e-06	8.875670e-09
2.30936410e-06	6.498100e-09
2.30938258e-06	8.011407e-09
2.30940105e-06	9.623059e-09
2.30941953e-06	9.272154e-09
2.30943800e-06	8.921412e-09
2.30945648e-06	8.409505e-09
2.30947495e-06	8.057751e-09
2.30949343e-06	8.828514e-09
2.30951191e-06	8.707350e-09
2.30953038e-06	8.138714e-09
2.30954886e-06	8.657805e-09
2.30956733e-06	9.376085e-09
2.30958581e-06	9.627353e-09
2.30960429e-06	9.325455e-09
2.30962277e-06	9.304543e-09
2.30964124e-06	9.104652e-09
2.30965972e-06	5.928254e-09
2.30967820e-06	4.156263e-09
2.30969667e-06	6.432756e-09
2.30971515e-06	9.190157e-09
2.30973363e-06	9.772949e-09
2.30975211e-06	8.264092e-09
2.30977059e-06	5.210446e-09
2.30978906e-06	6.086820e-09
2.30980754e-06	6.500398e-09
2.30982602e-06	6.660068e-09
2.30984450e-06	5.599921e-09
2.30986298e-06	8.956762e-09
2.30988146e-06	9.421325e-09
2.30989994e-06	8.961315e-09
2.30991842e-06	8.697651e-09
2.30993689e-06	7.255021e-09
2.30995537e-06	8.268518e-09
2.30997385e-06	9.274744e-09
2.30999233e-06	8.546546e-09
2.31001081e-06	8.010604e-09
2.31002929e-06	8.603934e-09
2.31004777e-06	5.795169e-09
2.31006625e-06	5.000541e-09
2.31008473e-06	5.018186e-09
2.31010321e-06	8.222687e-09
2.31012170e-06	8.213264e-09
2.31014018e-06	5.943320e-09
2.31015866e-06	7.872606e-09
2.31017714e-06	9.463563e-09
2.31019562e-06	9.784286e-09
2.31021410e-06	8.658387e-09
2.31023258e-06	9.002116e-09
2.31025107e-06	1.009969e-08
2.31026955e-06	1.038091e-08
2.31028803e-06	1.004819e-08
2.31030651e-06	9.936180e-09
2.31032499e-06	9.173209e-09
2.31034348e-06	8.208055e-09
2.31036196e-06	8.812813e-09
2.31038044e-06	7.743310e-09
2.31039893e-06	7.250223e-09
2.31041741e-06	8.265987e-09
2.31043589e-06	9.030193e-09
2.31045438e-06	7.812316e-09
2.31047286e-06	7.403884e-09
2.31049134e-06	8.194044e-09
2.31050983e-06	7.250501e-09
2.31052831e-06	8.692398e-09
2.31054680e-06	9.400362e-09
2.31056528e-06	9.148036e-09
2.31058377e-06	8.222450e-09
2.31060225e-06	9.157263e-09
2.31062073e-06	1.029684e-08
2.31063922e-06	9.833408e-09
2.31065770e-06	9.234075e-09
2.31067619e-06	9.726523e-09
2.31069467e-06	9.176065e-09
2.31071316e-06	8.950123e-09
2.31073165e-06	8.384315e-09
2.31075013e-06	8.631273e-09
2.31076862e-06	8.501726e-09
2.31078710e-06	8.859444e-09
2.31080559e-06	8.327400e-09
2.31082408e-06	8.949724e-09
2.31084256e-06	9.407550e-09
2.31086105e-06	9.153795e-09
2.31087954e-06	9.257574e-09
2.31089802e-06	8.299953e-09
2.31091651e-06	7.251999e-09
2.31093500e-06	8.042094e-09
2.31095349e-06	8.594633e-09
2.31097197e-06	6.965237e-09
2.31099046e-06	6.967187e-09
2.31100895e-06	7.760438e-09
2.31102744e-06	7.971585e-09
2.31104593e-06	9.570987e-09
2.31106441e-06	9.964305e-09
2.31108290e-06	9.155425e-09
2.31110139e-06	9.289493e-09
2.31111988e-06	9.640030e-09
2.31113837e-06	9.774539e-09
2.31115686e-06	9.242841e-09
2.31117535e-06	6.558745e-09
2.31119384e-06	4.247649e-09
2.31121233e-06	5.317955e-09
2.31123082e-06	4.681257e-09
2.31124931e-06	4.786792e-09
2.31126780e-06	7.274189e-09
2.31128629e-06	7.858623e-09
2.31130478e-06	8.055426e-09
2.31132327e-06	7.457290e-09
2.31134176e-06	7.379333e-09
2.31136025e-06	8.394406e-09
2.31137874e-06	9.137460e-09
2.31139723e-06	9.498617e-09
2.31141572e-06	8.775103e-09
2.31143421e-06	8.274663e-09
2.31145270e-06	8.639749e-09
2.31147120e-06	7.230714e-09
2.31148969e-06	8.360538e-09
2.31150818e-06	8.870299e-09
2.31152667e-06	8.046219e-09
2.31154516e-06	7.423431e-09
2.31156366e-06	4.754497e-09
2.31158215e-06	7.515285e-09
2.31160064e-06	9.617381e-09
2.31161913e-06	7.964981e-09
2.31163763e-06	5.613351e-09
2.31165612e-06	4.863430e-09
2.31167461e-06	6.802446e-09
2.31169311e-06	8.834523e-09
2.31171160e-06	9.411873e-09
2.31173009e-06	8.413915e-09
2.31174859e-06	8.550148e-09
2.31176708e-06	9.152405e-09
2.31178558e-06	8.141541e-09
2.31180407e-06	9.041990e-09
2.31182257e-06	9.183988e-09
2.31184106e-06	8.369993e-09
2.31185955e-06	8.620729e-09
2.31187805e-06	9.541693e-09
2.31189654e-06	7.140966e-09
2.31191504e-06	6.768801e-09
2.31193353e-06	8.783133e-09
2.31195203e-06	7.954735e-09
2.31197052e-06	8.988155e-09
2.31198902e-06	9.725842e-09
2.31200752e-06	9.200499e-09
2.31202601e-06	8.604197e-09
2.31204451e-06	6.964603e-09
2.31206301e-06	7.737433e-09
2.31208150e-06	8.377222e-09
2.31210000e-06	9.412899e-09
2.31211850e-06	9.485876e-09
2.31213699e-06	8.711694e-09
2.31215549e-06	9.396314e-09
2.31217399e-06	9.266768e-09
2.31219248e-06	8.190049e-09
2.31221098e-06	8.064923e-09
2.31222948e-06	8.270014e-09
2.31224798e-06	8.674183e-09
2.31226648e-06	8.842785e-09
2.31228497e-06	8.043804e-09
2.31230347e-06	7.407841e-09
2.31232197e-06	9.418127e-09
2.31234047e-06	8.841708e-09
2.31235897e-06	7.995064e-09
2.31237747e-06	7.653623e-09
2.31239596e-06	7.974218e-09
2.31241446e-06	8.436524e-09
2.31243296e-06	6.248984e-09
2.31245146e-06	4.973172e-09
2.31246996e-06	4.866830e-09
2.31248846e-06	7.769019e-09
2.31250696e-06	8.611251e-09
2.31252546e-06	9.006845e-09
2.31254396e-06	7.932583e-09
2.31256246e-06	8.810399e-09
2.31258096e-06	8.616099e-09
2.31259946e-06	8.087567e-09
2.31261796e-06	9.460884e-09
2.31263647e-06	9.458395e-09
2.31265497e-06	9.377964e-09
2.31267347e-06	1.001612e-08
2.31269197e-06	9.765172e-09
2.31271047e-06	8.641049e-09
2.31272897e-06	8.938300e-09
2.31274748e-06	8.938047e-09
2.31276598e-06	8.922408e-09
2.31278448e-06	9.892106e-09
2.31280298e-06	9.670406e-09
2.31282148e-06	9.453383e-09
2.31283999e-06	7.938249e-09
2.31285849e-06	7.302663e-09
2.31287699e-06	8.899729e-09
2.31289550e-06	9.265760e-09
2.31291400e-06	8.565494e-09
2.31293250e-06	8.340485e-09
2.31295100e-06	8.988168e-09
2.31296951e-06	8.448809e-09
2.31298801e-06	9.702487e-09
2.31300652e-06	9.145343e-09
2.31302502e-06	8.583332e-09
2.31304352e-06	8.733498e-09
2.31306203e-06	8.140283e-09
2.31308053e-06	8.143216e-09
2.31309904e-06	7.490056e-09
2.31311754e-06	6.388784e-09
2.31313605e-06	6.744980e-09
2.31315455e-06	8.246599e-09
2.31317306e-06	7.353722e-09
2.31319156e-06	8.425556e-09
2.31321007e-06	8.726008e-09
2.31322857e-06	7.054274e-09
2.31324708e-06	6.338359e-09
2.31326559e-06	9.178822e-09
2.31328409e-06	9.382768e-09
2.31330260e-06	9.044613e-09
2.31332111e-06	9.681213e-09
2.31333961e-06	1.017802e-08
2.31335812e-06	9.406968e-09
2.31337662e-06	8.967784e-09
2.31339513e-06	8.603888e-09
2.31341364e-06	8.647466e-09
2.31343215e-06	9.785715e-09
2.31345065e-06	1.022848e-08
2.31346916e-06	9.428307e-09
2.31348767e-06	9.385043e-09
2.31350618e-06	9.658142e-09
2.31352469e-06	9.516315e-09
2.31354319e-06	9.674492e-09
2.31356170e-06	9.271769e-09
2.31358021e-06	9.263675e-09
2.31359872e-06	7.811753e-09
2.31361723e-06	7.910630e-09
2.31363574e-06	8.923602e-09
2.31365425e-06	8.622583e-09
2.31367275e-06	7.948876e-09
2.31369127e-06	5.121342e-09
2.31370977e-06	4.959758e-09
2.31372828e-06	5.952935e-09
2.31374679e-06	8.674322e-09
2.31376530e-06	8.473813e-09
2.31378381e-06	8.124421e-09
2.31380232e-06	8.700220e-09
2.31382083e-06	7.179862e-09
2.31383935e-06	7.297770e-09
2.31385786e-06	8.490256e-09
2.31387637e-06	8.939473e-09
2.31389488e-06	8.546742e-09
2.31391339e-06	9.065944e-09
2.31393190e-06	9.176771e-09
2.31395041e-06	7.901046e-09
2.31396892e-06	8.377370e-09
2.31398744e-06	8.675951e-09
2.31400595e-06	7.590708e-09
2.31402446e-06	8.316712e-09
2.31404297e-06	5.148942e-09
2.31406148e-06	5.093989e-09
2.31408000e-06	8.177032e-09
2.31409851e-06	9.476944e-09
2.31411702e-06	9.212777e-09
2.31413553e-06	9.635092e-09
2.31415405e-06	9.050041e-09
2.31417256e-06	9.617404e-09
2.31419107e-06	9.373577e-09
2.31420959e-06	9.883191e-09
2.31422810e-06	9.645400e-09
2.31424662e-06	8.634444e-09
2.31426513e-06	9.052022e-09
2.31428364e-06	9.529523e-09
2.31430216e-06	1.007279e-08
2.31432067e-06	8.941098e-09
2.31433919e-06	8.951055e-09
2.31435770e-06	9.125851e-09
2.31437622e-06	7.949277e-09
2.31439473e-06	7.257357e-09
2.31441325e-06	8.797175e-09
2.31443176e-06	8.504596e-09
2.31445028e-06	9.052644e-09
2.31446879e-06	8.346450e-09
2.31448731e-06	8.366886e-09
2.31450582e-06	9.055508e-09
2.31452434e-06	8.463777e-09
2.31454286e-06	7.193597e-09
2.31456137e-06	8.659891e-09
2.31457989e-06	9.681707e-09
2.31459841e-06	9.634333e-09
2.31461692e-06	9.570359e-09
2.31463544e-06	9.912901e-09
2.31465396e-06	8.665454e-09
2.31467247e-06	4.696637e-09
2.31469099e-06	4.296331e-09
2.31470951e-06	7.040140e-09
2.31472803e-06	7.267884e-09
2.31474654e-06	6.633399e-09
2.31476506e-06	8.178276e-09
2.31478358e-06	9.043452e-09
2.31480210e-06	7.391199e-09
2.31482062e-06	7.319568e-09
2.31483913e-06	9.079614e-09
2.31485765e-06	7.785974e-09
2.31487617e-06	6.530593e-09
2.31489469e-06	8.544448e-09
2.31491321e-06	7.769403e-09
2.31493173e-06	7.908146e-09
2.31495025e-06	7.906718e-09
2.31496877e-06	5.152524e-09
2.31498729e-06	4.343793e-09
2.31500581e-06	4.940068e-09
2.31502433e-06	6.219167e-09
2.31504285e-06	8.422079e-09
2.31506137e-06	7.409971e-09
2.31507989e-06	7.932492e-09
2.31509841e-06	8.924434e-09
2.31511693e-06	7.789568e-09
2.31513545e-06	8.093810e-09
2.31515397e-06	9.192515e-09
2.31517250e-06	9.357547e-09
2.31519102e-06	9.901321e-09
2.31520954e-06	9.538097e-09
2.31522806e-06	8.687478e-09
2.31524658e-06	8.735644e-09
2.31526510e-06	9.295591e-09
2.31528362e-06	7.602138e-09
2.31530215e-06	4.724194e-09
2.31532067e-06	6.612938e-09
2.31533919e-06	8.713938e-09
2.31535771e-06	9.645884e-09
2.31537624e-06	9.913135e-09
2.31539476e-06	1.003265e-08
2.31541328e-06	9.111361e-09
2.31543181e-06	8.261711e-09
2.31545033e-06	8.670878e-09
2.31546885e-06	9.157972e-09
2.31548738e-06	8.902683e-09
2.31550590e-06	9.165274e-09
2.31552443e-06	8.854715e-09
2.31554295e-06	9.102154e-09
2.31556148e-06	9.258657e-09
2.31558000e-06	1.028726e-08
2.31559852e-06	8.955583e-09
2.31561705e-06	8.977143e-09
2.31563557e-06	9.983765e-09
2.31565410e-06	1.009450e-08
2.31567262e-06	9.892098e-09
2.31569115e-06	8.159600e-09
2.31570967e-06	7.597560e-09
2.31572820e-06	8.482554e-09
2.31574673e-06	8.490733e-09
2.31576525e-06	7.726182e-09
2.31578378e-06	8.057143e-09
2.31580231e-06	8.614217e-09
2.31582083e-06	7.821720e-09
2.31583936e-06	9.155896e-09
2.31585788e-06	8.111802e-09
2.31587641e-06	7.018966e-09
2.31589494e-06	9.096581e-09
2.31591347e-06	9.932937e-09
2.31593199e-06	1.004161e-08
2.31595052e-06	9.324622e-09
2.31596905e-06	8.646391e-09
2.31598758e-06	8.897812e-09
2.31600610e-06	8.199904e-09
2.31602463e-06	9.200476e-09
2.31604316e-06	1.013036e-08
2.31606169e-06	1.031472e-08
2.31608022e-06	9.482131e-09
2.31609875e-06	8.922101e-09
2.31611727e-06	8.164885e-09
2.31613580e-06	7.832744e-09
2.31615433e-06	7.790207e-09
2.31617286e-06	7.083909e-09
2.31619139e-06	8.880080e-09
2.31620992e-06	9.175918e-09
2.31622845e-06	8.218629e-09
2.31624698e-06	5.761000e-09
2.31626551e-06	6.301476e-09
2.31628404e-06	5.931342e-09
2.31630257e-06	6.413936e-09
2.31632110e-06	5.115384e-09
2.31633963e-06	4.969722e-09
2.31635816e-06	5.852316e-09
2.31637669e-06	8.110158e-09
2.31639522e-06	8.176917e-09
2.31641375e-06	6.873987e-09
2.31643229e-06	6.370559e-09
2.31645082e-06	7.963071e-09
2.31646935e-06	7.833478e-09
2.31648788e-06	8.832292e-09
2.31650641e-06	9.249959e-09
2.31652494e-06	9.263103e-09
2.31654348e-06	9.230424e-09
2.31656201e-06	5.866931e-09
2.31658054e-06	6.132495e-09
2.31659908e-06	8.385707e-09
2.31661761e-06	7.715985e-09
2.31663614e-06	8.237666e-09
2.31665467e-06	8.914612e-09
2.31667321e-06	8.855075e-09
2.31669174e-06	7.873317e-09
2.31671027e-06	9.104294e-09
2.31672881e-06	9.492181e-09
2.31674734e-06	9.518020e-09
2.31676587e-06	8.299311e-09
2.31678441e-06	9.386402e-09
2.31680294e-06	1.007550e-08
2.31682148e-06	8.385281e-09
2.31684001e-06	6.208624e-09
2.31685855e-06	8.383302e-09
2.31687708e-06	9.294250e-09
2.31689562e-06	9.263463e-09
2.31691415e-06	9.611356e-09
2.31693269e-06	8.958325e-09
2.31695122e-06	9.741152e-09
2.31696976e-06	1.001256e-08
2.31698830e-06	8.246267e-09
2.31700683e-06	7.654602e-09
2.31702537e-06	7.964572e-09
2.31704390e-06	6.896046e-09
2.31706244e-06	8.295530e-09
2.31708098e-06	9.257984e-09
2.31709951e-06	9.971132e-09
2.31711805e-06	9.742609e-09
2.31713659e-06	9.111033e-09
2.31715512e-06	5.593665e-09
2.31717366e-06	6.196244e-09
2.31719220e-06	9.149436e-09
2.31721073e-06	9.552828e-09
2.31722927e-06	9.179764e-09
2.31724781e-06	9.480677e-09
2.31726635e-06	9.832702e-09
2.31728489e-06	9.389350e-09
2.31730342e-06	9.528861e-09
2.31732196e-06	9.085336e-09
2.31734050e-06	8.950420e-09
2.31735904e-06	9.687860e-09
2.31737758e-06	9.711024e-09
2.31739612e-06	8.850025e-09
2.31741466e-06	8.552866e-09
2.31743320e-06	8.823919e-09
2.31745174e-06	7.168946e-09
2.31747028e-06	8.453679e-09
2.31748882e-06	7.244070e-09
2.31750736e-06	5.412570e-09
2.31752590e-06	8.040172e-09
2.31754444e-06	8.843599e-09
2.31756298e-06	9.082700e-09
2.31758152e-06	8.049731e-09
2.31760006e-06	4.355539e-09
2.31761860e-06	4.250549e-09
2.31763714e-06	7.843282e-09
2.31765568e-06	8.868724e-09
2.31767422e-06	8.238328e-09
2.31769276e-06	6.102743e-09
2.31771131e-06	4.890243e-09
2.31772985e-06	4.822474e-09
2.31774839e-06	7.208859e-09
2.31776693e-06	8.199879e-09
2.31778547e-06	6.076446e-09
2.31780401e-06	7.665614e-09
2.31782256e-06	8.951237e-09
2.31784110e-06	9.660162e-09
2.31785964e-06	9.709659e-09
2.31787819e-06	8.261613e-09
2.31789673e-06	7.795865e-09
2.31791527e-06	9.531149e-09
2.31793381e-06	9.505296e-09
2.31795236e-06	8.741690e-09
2.31797090e-06	9.230349e-09
2.31798945e-06	9.573054e-09
2.31800799e-06	8.018076e-09
2.31802653e-06	7.610125e-09
2.31804508e-06	8.576637e-09
2.31806362e-06	8.821462e-09
2.31808217e-06	8.773324e-09
2.31810071e-06	8.051290e-09
2.31811926e-06	9.415357e-09
2.31813780e-06	8.950997e-09
2.31815635e-06	7.030888e-09
2.31817489e-06	7.614486e-09
2.31819344e-06	9.846566e-09
2.31821198e-06	9.659605e-09
2.31823053e-06	8.115710e-09
2.31824907e-06	7.820523e-09
2.31826762e-06	6.062702e-09
2.31828617e-06	7.784460e-09
2.31830471e-06	9.513256e-09
2.31832326e-06	1.021881e-08
2.31834181e-06	9.667443e-09
2.31836035e-06	9.056734e-09
2.31837890e-06	9.054620e-09
2.31839745e-06	9.469467e-09
2.31841599e-06	9.972312e-09
2.31843454e-06	1.008108e-08
2.31845309e-06	8.558609e-09
2.31847164e-06	6.347857e-09
2.31849018e-06	4.686864e-09
2.31850873e-06	7.174904e-09
2.31852728e-06	8.592579e-09
2.31854583e-06	9.314713e-09
2.31856438e-06	9.734676e-09
2.31858292e-06	9.413927e-09
2.31860147e-06	8.777218e-09
2.31862002e-06	8.863658e-09
2.31863857e-06	8.342327e-09
2.31865712e-06	9.351020e-09
2.31867567e-06	9.181124e-09
2.31869422e-06	8.718144e-09
2.31871277e-06	8.940427e-09
2.31873132e-06	9.357998e-09
2.31874987e-06	9.354665e-09
2.31876842e-06	9.802261e-09
2.31878697e-06	1.019024e-08
2.31880552e-06	1.002886e-08
2.31882407e-06	9.192425e-09
2.31884262e-06	9.345813e-09
2.31886117e-06	8.561489e-09
2.31887972e-06	7.962525e-09
2.31889827e-06	8.531038e-09
2.31891682e-06	9.118005e-09
2.31893538e-06	8.872162e-09
2.31895393e-06	9.030135e-09
2.31897248e-06	9.323292e-09
2.31899103e-06	8.799422e-09
2.31900958e-06	8.751470e-09
2.31902813e-06	8.503631e-09
2.31904669e-06	8.686213e-09
2.31906524e-06	7.832180e-09
2.31908379e-06	8.457428e-09
2.31910234e-06	7.465433e-09
2.31912090e-06	4.652816e-09
2.31913945e-06	4.708957e-09
2.31915800e-06	7.591248e-09
2.31917656e-06	8.691151e-09
2.31919511e-06	9.332542e-09
2.31921366e-06	9.508225e-09
2.31923222e-06	9.318789e-09
2.31925077e-06	8.725871e-09
2.31926932e-06	8.960651e-09
2.31928788e-06	8.942988e-09
2.31930643e-06	8.541350e-09
2.31932499e-06	8.887727e-09
2.31934354e-06	7.881419e-09
2.31936210e-06	8.509712e-09
2.31938065e-06	8.973282e-09
2.31939921e-06	9.620999e-09
2.31941776e-06	9.733922e-09
2.31943632e-06	1.008242e-08
2.31945487e-06	9.136046e-09
2.31947343e-06	7.363396e-09
2.31949198e-06	7.910969e-09
2.31951054e-06	7.037114e-09
2.31952910e-06	6.422656e-09
2.31954765e-06	6.565161e-09
2.31956621e-06	5.841996e-09
2.31958477e-06	7.292388e-09
2.31960332e-06	9.626182e-09
2.31962188e-06	1.033619e-08
2.31964044e-06	1.031934e-08
2.31965899e-06	1.011513e-08
2.31967755e-06	9.043059e-09
2.31969611e-06	6.577572e-09
2.31971466e-06	7.820561e-09
2.31973322e-06	8.786180e-09
2.31975178e-06	9.833163e-09
2.31977034e-06	1.014933e-08
2.31978890e-06	9.988972e-09
2.31980746e-06	1.028762e-08
2.31982601e-06	1.009674e-08
2.31984457e-06	1.000443e-08
2.31986313e-06	9.561395e-09
2.31988169e-06	8.842274e-09
2.31990025e-06	9.425415e-09
2.31991881e-06	1.003508e-08
2.31993737e-06	1.019934e-08
2.31995593e-06	9.165703e-09
2.31997449e-06	8.877476e-09
2.31999305e-06	7.769215e-09
2.32001161e-06	5.408135e-09
2.32003017e-06	8.395633e-09
2.32004873e-06	9.814197e-09
2.32006729e-06	8.724021e-09
2.32008585e-06	8.356323e-09
2.32010441e-06	9.174119e-09
2.32012297e-06	9.815217e-09
2.32014153e-06	9.421667e-09
2.32016009e-06	9.768204e-09
2.32017865e-06	9.286175e-09
2.32019721e-06	9.403100e-09
2.32021577e-06	9.112308e-09
2.32023434e-06	9.267262e-09
2.32025290e-06	8.743319e-09
2.32027146e-06	6.087046e-09
2.32029002e-06	8.796160e-09
2.32030858e-06	1.011529e-08
2.32032715e-06	1.040530e-08
2.32034571e-06	9.504023e-09
2.32036427e-06	7.247049e-09
2.32038284e-06	6.841062e-09
2.32040140e-06	8.472460e-09
2.32041996e-06	5.936445e-09
2.32043853e-06	4.952746e-09
2.32045709e-06	8.645307e-09
2.32047565e-06	9.313659e-09
2.32049422e-06	8.553604e-09
2.32051278e-06	8.251890e-09
2.32053135e-06	7.273636e-09
2.32054991e-06	7.023949e-09
2.32056847e-06	5.246910e-09
2.32058704e-06	4.945824e-09
2.32060560e-06	5.175693e-09
2.32062417e-06	6.127805e-09
2.32064273e-06	7.873640e-09
2.32066130e-06	8.161337e-09
2.32067986e-06	8.259201e-09
2.32069843e-06	8.593752e-09
2.32071699e-06	8.810800e-09
2.32073556e-06	6.705400e-09
2.32075413e-06	7.179357e-09
2.32077269e-06	7.884374e-09
2.32079126e-06	9.328191e-09
2.32080982e-06	9.753750e-09
2.32082839e-06	9.883971e-09
2.32084696e-06	9.526997e-09
2.32086552e-06	8.582646e-09
2.32088409e-06	6.495520e-09
2.32090266e-06	7.335944e-09
2.32092123e-06	7.936466e-09
2.32093979e-06	7.032692e-09
2.32095836e-06	7.124084e-09
2.32097693e-06	8.886553e-09
2.32099550e-06	8.893300e-09
2.32101406e-06	8.098922e-09
2.32103263e-06	7.996313e-09
2.32105120e-06	7.333145e-09
2.32106977e-06	9.074063e-09
2.32108834e-06	1.012008e-08
2.32110691e-06	1.010980e-08
2.32112547e-06	8.833516e-09
2.32114404e-06	7.446943e-09
2.32116261e-06	8.642766e-09
2.32118118e-06	7.096268e-09
2.32119975e-06	4.666766e-09
2.32121832e-06	7.358693e-09
2.32123689e-06	9.211042e-09
2.32125546e-06	9.776361e-09
2.32127403e-06	9.004051e-09
2.32129260e-06	9.064781e-09
2.32131117e-06	7.872948e-09
2.32132974e-06	5.960992e-09
2.32134831e-06	6.676676e-09
2.32136688e-06	8.117080e-09
2.32138545e-06	9.927112e-09
2.32140403e-06	1.009723e-08
2.32142260e-06	9.886198e-09
2.32144117e-06	9.603457e-09
2.32145974e-06	9.960611e-09
2.32147831e-06	9.755508e-09
2.32149688e-06	8.049903e-09
2.32151545e-06	7.797777e-09
2.32153403e-06	8.455897e-09
2.32155260e-06	9.284390e-09
2.32157117e-06	9.978613e-09
2.32158974e-06	1.000797e-08
2.32160832e-06	9.835191e-09
2.32162689e-06	8.852789e-09
2.32164546e-06	6.307354e-09
2.32166404e-06	7.493812e-09
2.32168261e-06	9.340517e-09
2.32170118e-06	1.000640e-08
2.32171976e-06	9.961666e-09
2.32173833e-06	9.722854e-09
2.32175690e-06	9.565555e-09
2.32177548e-06	8.779202e-09
2.32179405e-06	7.540680e-09
2.32181263e-06	8.910013e-09
2.32183120e-06	8.490076e-09
2.32184978e-06	8.456651e-09
2.32186835e-06	8.635822e-09
2.32188692e-06	8.939105e-09
2.32190550e-06	8.569248e-09
2.32192408e-06	9.042536e-09
2.32194265e-06	5.833869e-09
2.32196123e-06	4.936893e-09
2.32197980e-06	8.479831e-09
2.32199838e-06	8.791556e-09
2.32201695e-06	8.601763e-09
2.32203553e-06	8.691579e-09
2.32205411e-06	7.971191e-09
2.32207268e-06	4.549840e-09
2.32209126e-06	4.799844e-09
2.32210984e-06	7.142414e-09
2.32212841e-06	8.837087e-09
2.32214699e-06	9.108926e-09
2.32216557e-06	8.526274e-09
2.32218414e-06	6.108932e-09
2.32220272e-06	6.268029e-09
2.32222130e-06	8.598423e-09
2.32223988e-06	8.348414e-09
2.32225846e-06	8.019615e-09
2.32227703e-06	9.535106e-09
2.32229561e-06	9.326254e-09
2.32231419e-06	8.224537e-09
2.32233277e-06	8.664138e-09
2.32235135e-06	8.393468e-09
2.32236993e-06	5.928513e-09
2.32238850e-06	6.576168e-09
2.32240708e-06	8.744117e-09
2.32242566e-06	9.143237e-09
2.32244424e-06	9.371452e-09
2.32246282e-06	7.438149e-09
2.32248140e-06	7.216318e-09
2.32249998e-06	7.918208e-09
2.32251856e-06	9.491892e-09
2.32253714e-06	8.735037e-09
2.32255572e-06	7.723425e-09
2.32257430e-06	7.989387e-09
2.32259288e-06	9.499840e-09
2.32261146e-06	9.232037e-09
2.32263005e-06	7.957750e-09
2.32264863e-06	5.025105e-09
2.32266721e-06	5.095405e-09
2.32268579e-06	5.364972e-09
2.32270437e-06	6.712765e-09
2.32272295e-06	5.796493e-09
2.32274153e-06	5.878427e-09
2.32276012e-06	5.508568e-09
2.32277870e-06	8.424597e-09
2.32279728e-06	8.827659e-09
2.32281586e-06	5.937719e-09
2.32283444e-06	6.888572e-09
2.32285303e-06	6.686357e-09
2.32287161e-06	5.427377e-09
2.32289019e-06	7.624783e-09
2.32290878e-06	6.913389e-09
2.32292736e-06	5.409986e-09
2.32294594e-06	7.185636e-09
2.32296453e-06	6.164289e-09
2.32298311e-06	8.676870e-09
2.32300169e-06	7.768965e-09
2.32302028e-06	5.258635e-09
2.32303886e-06	7.323971e-09
2.32305745e-06	9.338352e-09
2.32307603e-06	7.719930e-09
2.32309462e-06	5.981455e-09
2.32311320e-06	7.447677e-09
2.32313179e-06	6.546605e-09
2.32315037e-06	5.307545e-09
2.32316896e-06	4.739081e-09
2.32318754e-06	5.535974e-09
2.32320613e-06	5.820217e-09
2.32322471e-06	5.695277e-09
2.32324330e-06	8.755575e-09
2.32326188e-06	7.666298e-09
2.32328047e-06	6.659930e-09
2.32329906e-06	9.531820e-09
2.32331764e-06	9.640168e-09
2.32333623e-06	7.441009e-09
2.32335482e-06	6.170827e-09
2.32337340e-06	6.617154e-09
2.32339199e-06	8.565267e-09
2.32341058e-06	9.138025e-09
2.32342916e-06	8.314660e-09
2.32344775e-06	5.242839e-09
2.32346634e-06	6.470837e-09
2.32348493e-06	9.325964e-09
2.32350352e-06	9.766562e-09
2.32352210e-06	9.701958e-09
2.32354069e-06	7.923574e-09
2.32355928e-06	6.126401e-09
2.32357787e-06	8.076979e-09
2.32359646e-06	7.365858e-09
2.32361504e-06	4.717578e-09
2.32363363e-06	4.795327e-09
2.32365222e-06	7.336131e-09
2.32367081e-06	8.638465e-09
2.32368940e-06	9.211556e-09
2.32370799e-06	7.821362e-09
2.32372658e-06	5.274121e-09
2.32374517e-06	5.734343e-09
2.32376376e-06	7.587265e-09
2.32378235e-06	8.874608e-09
2.32380094e-06	6.664524e-09
2.32381953e-06	6.822806e-09
2.32383812e-06	9.157516e-09
2.32385671e-06	9.456800e-09
2.32387530e-06	9.473226e-09
2.32389389e-06	8.674944e-09
2.32391249e-06	8.643169e-09
2.32393108e-06	6.669600e-09
2.32394967e-06	7.037860e-09
2.32396826e-06	9.044011e-09
2.32398685e-06	8.630484e-09
2.32400544e-06	5.869945e-09
2.32402404e-06	4.189523e-09
2.32404263e-06	5.207884e-09
2.32406122e-06	5.885492e-09
2.32407981e-06	8.883460e-09
2.32409840e-06	8.478104e-09
2.32411700e-06	9.213557e-09
2.32413559e-06	9.753557e-09
2.32415418e-06	1.011064e-08
2.32417278e-06	9.858843e-09
2.32419137e-06	9.329913e-09
2.32420996e-06	9.437310e-09
2.32422856e-06	9.590172e-09
2.32424715e-06	9.691314e-09
2.32426575e-06	8.613971e-09
2.32428434e-06	6.295692e-09
2.32430293e-06	7.666086e-09
2.32432153e-06	9.390909e-09
2.32434012e-06	7.852479e-09
2.32435872e-06	7.757159e-09
2.32437731e-06	8.552021e-09
2.32439591e-06	6.383297e-09
2.32441450e-06	5.213267e-09
2.32443310e-06	8.215275e-09
2.32445169e-06	9.371799e-09
2.32447029e-06	8.331246e-09
2.32448888e-06	9.315838e-09
2.32450748e-06	9.913521e-09
2.32452608e-06	8.580431e-09
2.32454467e-06	7.987087e-09
2.32456327e-06	8.702731e-09
2.32458187e-06	9.617087e-09
2.32460046e-06	9.815061e-09
2.32461906e-06	9.248263e-09
2.32463766e-06	9.621328e-09
2.32465625e-06	9.145559e-09
2.32467485e-06	6.839545e-09
2.32469345e-06	7.378281e-09
2.32471205e-06	9.344329e-09
2.32473064e-06	6.948995e-09
2.32474924e-06	6.081475e-09
2.32476784e-06	8.505805e-09
2.32478644e-06	8.283791e-09
2.32480504e-06	5.130766e-09
2.32482363e-06	5.657524e-09
2.32484223e-06	7.527433e-09
2.32486083e-06	6.033317e-09
2.32487943e-06	6.885440e-09
2.32489803e-06	7.061720e-09
2.32491663e-06	7.985412e-09
2.32493523e-06	9.321055e-09
2.32495383e-06	9.242657e-09
2.32497243e-06	9.281760e-09
2.32499103e-06	8.080487e-09
2.32500963e-06	8.751104e-09
2.32502823e-06	9.420388e-09
2.32504683e-06	9.959176e-09
2.32506543e-06	9.929004e-09
2.32508403e-06	9.503916e-09
2.32510263e-06	8.000355e-09
2.32512123e-06	6.483614e-09
2.32513983e-06	8.347386e-09
2.32515843e-06	8.076919e-09
2.32517703e-06	6.984640e-09
2.32519563e-06	4.658641e-09
2.32521424e-06	4.574600e-09
2.32523284e-06	6.369341e-09
2.32525144e-06	5.099782e-09
2.32527004e-06	6.150096e-09
2.32528864e-06	8.743107e-09
2.32530725e-06	8.456195e-09
2.32532585e-06	8.232313e-09
2.32534445e-06	8.815918e-09
2.32536305e-06	9.800455e-09
2.32538166e-06	9.977161e-09
2.32540026e-06	9.659802e-09
2.32541886e-06	9.285216e-09
2.32543747e-06	9.075512e-09
2.32545607e-06	8.787708e-09
2.32547467e-06	9.711765e-09
2.32549328e-06	8.795573e-09
2.32551188e-06	8.329577e-09
2.32553048e-06	8.420422e-09
2.32554909e-06	8.793301e-09
2.32556769e-06	8.995736e-09
2.32558630e-06	7.716419e-09
2.32560490e-06	6.908178e-09
2.32562351e-06	8.159346e-09
2.32564211e-06	8.821373e-09
2.32566072e-06	7.383065e-09
2.32567932e-06	8.478116e-09
2.32569793e-06	9.393367e-09
2.32571654e-06	8.143240e-09
2.32573514e-06	5.040239e-09
2.32575375e-06	5.997468e-09
2.32577235e-06	8.977654e-09
2.32579096e-06	9.320315e-09
2.32580956e-06	9.802083e-09
2.32582817e-06	9.406277e-09
2.32584678e-06	6.751507e-09
2.32586538e-06	6.052277e-09
2.32588399e-06	5.915550e-09
2.32590260e-06	7.750059e-09
2.32592121e-06	8.283816e-09
2.32593981e-06	8.087712e-09
2.32595842e-06	6.728051e-09
2.32597703e-06	6.096454e-09
2.32599564e-06	5.984594e-09
2.32601424e-06	8.525621e-09
2.32603285e-06	8.781030e-09
2.32605146e-06	8.040009e-09
2.32607007e-06	8.413490e-09
2.32608868e-06	6.812714e-09
2.32610729e-06	6.648542e-09
2.32612590e-06	7.104045e-09
2.32614450e-06	9.447161e-09
2.32616311e-06	9.099931e-09
2.32618172e-06	8.393405e-09
2.32620033e-06	9.055894e-09
2.32621894e-06	8.928306e-09
2.32623755e-06	8.489407e-09
2.32625616e-06	5.210025e-09
2.32627477e-06	5.397178e-09
2.32629338e-06	6.611701e-09
2.32631199e-06	5.443667e-09
2.32633060e-06	7.050207e-09
2.32634921e-06	7.045668e-09
2.32636782e-06	7.985557e-09
2.32638643e-06	8.420715e-09
2.32640505e-06	8.298347e-09
2.32642366e-06	8.249114e-09
2.32644227e-06	7.984641e-09
2.32646088e-06	8.863600e-09
2.32647949e-06	8.987858e-09
2.32649810e-06	9.229119e-09
2.32651671e-06	9.338051e-09
2.32653533e-06	1.016265e-08
2.32655394e-06	9.411014e-09
2.32657255e-06	9.550078e-09
2.32659116e-06	9.577771e-09
2.32660978e-06	9.079951e-09
2.32662839e-06	8.022922e-09
2.32664700e-06	7.963952e-09
2.32666562e-06	8.345631e-09
2.32668423e-06	6.884990e-09
2.32670284e-06	8.653631e-09
2.32672146e-06	8.067971e-09
2.32674007e-06	8.242053e-09
2.32675869e-06	9.275330e-09
2.32677730e-06	8.919736e-09
2.32679591e-06	7.422171e-09
2.32681453e-06	4.665439e-09
2.32683314e-06	5.031361e-09
2.32685176e-06	6.614340e-09
2.32687037e-06	8.492357e-09
2.32688899e-06	8.511039e-09
2.32690760e-06	8.434207e-09
2.32692622e-06	8.848521e-09
2.32694483e-06	8.214504e-09
2.32696345e-06	8.461369e-09
2.32698206e-06	8.977626e-09
2.32700068e-06	8.907856e-09
2.32701930e-06	8.186696e-09
2.32703791e-06	9.038708e-09
2.32705653e-06	9.956857e-09
2.32707514e-06	9.045703e-09
2.32709376e-06	7.952715e-09
2.32711238e-06	7.086648e-09
2.32713099e-06	5.872689e-09
2.32714961e-06	7.210929e-09
2.32716823e-06	8.658969e-09
2.32718685e-06	8.071531e-09
2.32720546e-06	8.974358e-09
2.32722408e-06	9.134915e-09
2.32724270e-06	8.387914e-09
2.32726132e-06	9.842673e-09
2.32727993e-06	8.937505e-09
2.32729855e-06	7.078946e-09
2.32731717e-06	7.972190e-09
2.32733579e-06	9.593316e-09
2.32735441e-06	1.005596e-08
2.32737303e-06	9.124757e-09
2.32739165e-06	8.572427e-09
2.32741027e-06	7.917652e-09
2.32742888e-06	5.271401e-09
2.32744750e-06	5.186843e-09
2.32746612e-06	7.872712e-09
2.32748474e-06	9.064612e-09
2.32750336e-06	9.537432e-09
2.32752198e-06	9.175127e-09
2.32754060e-06	9.361437e-09
2.32755922e-06	9.324684e-09
2.32757784e-06	9.928963e-09
2.32759646e-06	8.523257e-09
2.32761509e-06	6.352930e-09
2.32763371e-06	8.699989e-09
2.32765233e-06	9.886895e-09
2.32767095e-06	9.458292e-09
2.32768957e-06	9.136672e-09
2.32770819e-06	9.419711e-09
2.32772681e-06	9.282648e-09
2.32774544e-06	9.617338e-09
2.32776406e-06	9.765652e-09
2.32778268e-06	9.804163e-09
2.32780130e-06	9.616181e-09
2.32781992e-06	8.959573e-09
2.32783855e-06	5.772501e-09
2.32785717e-06	5.205751e-09
2.32787579e-06	7.094316e-09
2.32789442e-06	8.232156e-09
2.32791304e-06	6.336708e-09
2.32793166e-06	6.724869e-09
2.32795028e-06	5.346582e-09
2.32796891e-06	5.111490e-09
2.32798753e-06	8.687490e-09
2.32800616e-06	9.466450e-09
2.32802478e-06	9.684584e-09
2.32804340e-06	9.253278e-09
2.32806203e-06	7.904066e-09
2.32808065e-06	5.026623e-09
2.32809928e-06	5.278834e-09
2.32811790e-06	7.949234e-09
2.32813653e-06	8.139920e-09
2.32815515e-06	8.395968e-09
2.32817378e-06	9.565310e-09
2.32819240e-06	8.970699e-09
2.32821103e-06	8.615028e-09
2.32822965e-06	7.853765e-09
2.32824828e-06	8.822170e-09
2.32826691e-06	9.463117e-09
2.32828553e-06	9.034429e-09
2.32830416e-06	6.865632e-09
2.32832279e-06	7.017924e-09
2.32834141e-06	8.917770e-09
2.32836004e-06	9.358471e-09
2.32837867e-06	9.032216e-09
2.32839729e-06	7.112417e-09
2.32841592e-06	5.410228e-09
2.32843455e-06	8.100108e-09
2.32845317e-06	7.820199e-09
2.32847180e-06	4.407126e-09
2.32849043e-06	4.749303e-09
2.32850906e-06	6.896739e-09
2.32852769e-06	8.081949e-09
2.32854631e-06	8.299209e-09
2.32856494e-06	9.354103e-09
2.32858357e-06	9.982978e-09
2.32860220e-06	9.617806e-09
2.32862083e-06	8.883487e-09
2.32863946e-06	7.142398e-09
2.32865809e-06	7.006367e-09
2.32867672e-06	7.503254e-09
2.32869535e-06	8.037698e-09
2.32871397e-06	5.653153e-09
2.32873260e-06	6.621070e-09
2.32875123e-06	8.155915e-09
2.32876987e-06	5.055579e-09
2.32878849e-06	5.264367e-09
2.32880712e-06	6.797309e-09
2.32882576e-06	7.614677e-09
2.32884439e-06	9.334203e-09
2.32886302e-06	9.547820e-09
2.32888165e-06	8.561806e-09
2.32890028e-06	8.282689e-09
2.32891891e-06	8.073687e-09
2.32893754e-06	7.678177e-09
2.32895617e-06	8.122314e-09
2.32897481e-06	8.979297e-09
2.32899344e-06	7.881809e-09
2.32901207e-06	7.993035e-09
2.32903070e-06	9.277869e-09
2.32904933e-06	9.188662e-09
2.32906797e-06	8.401940e-09
2.32908660e-06	5.970286e-09
2.32910523e-06	7.498110e-09
2.32912386e-06	9.846658e-09
2.32914250e-06	9.702684e-09
2.32916113e-06	9.337442e-09
2.32917976e-06	8.427350e-09
2.32919840e-06	5.422127e-09
2.32921703e-06	5.632012e-09
2.32923566e-06	9.189186e-09
2.32925430e-06	9.788674e-09
2.32927293e-06	9.062086e-09
2.32929157e-06	9.458511e-09
2.32931020e-06	1.013749e-08
2.32932883e-06	9.962076e-09
2.32934747e-06	8.968509e-09
2.32936610e-06	8.045769e-09
2.32938474e-06	7.316184e-09
2.32940337e-06	8.710238e-09
2.32942201e-06	7.902440e-09
2.32944065e-06	8.852436e-09
2.32945928e-06	7.943929e-09
2.32947792e-06	6.348099e-09
2.32949655e-06	5.470674e-09
2.32951519e-06	5.020683e-09
2.32953382e-06	7.825292e-09
2.32955246e-06	8.684786e-09
2.32957110e-06	9.361695e-09
2.32958973e-06	9.755914e-09
2.32960837e-06	1.015631e-08
2.32962701e-06	1.002618e-08
2.32964564e-06	9.215632e-09
2.32966428e-06	1.001634e-08
2.32968292e-06	1.036863e-08
2.32970156e-06	1.068949e-08
2.32972019e-06	1.062654e-08
2.32973883e-06	1.025771e-08
2.32975747e-06	9.499739e-09
2.32977611e-06	9.448696e-09
2.32979475e-06	7.571702e-09
2.32981338e-06	7.853653e-09
2.32983202e-06	9.847293e-09
2.32985066e-06	9.535436e-09
2.32986930e-06	8.539908e-09
2.32988794e-06	9.495468e-09
2.32990658e-06	9.465036e-09
2.32992522e-06	8.593603e-09
2.32994386e-06	8.582303e-09
2.32996250e-06	8.396118e-09
2.32998113e-06	9.104659e-09
2.32999977e-06	9.234011e-09
2.33001842e-06	6.418543e-09
2.33003706e-06	5.698403e-09
2.33005570e-06	8.896520e-09
2.33007434e-06	9.103603e-09
2.33009298e-06	7.588436e-09
2.33011162e-06	7.417158e-09
2.33013026e-06	8.073888e-09
2.33014890e-06	8.276888e-09
2.33016754e-06	5.662211e-09
2.33018618e-06	4.809713e-09
2.33020482e-06	5.139814e-09
2.33022347e-06	7.776194e-09
2.33024211e-06	7.950020e-09
2.33026075e-06	6.677942e-09
2.33027939e-06	5.027484e-09
2.33029803e-06	5.683173e-09
2.33031667e-06	8.750806e-09
2.33033532e-06	9.164177e-09
2.33035396e-06	9.283513e-09
2.33037260e-06	8.910602e-09
2.33039125e-06	6.316014e-09
2.33040989e-06	7.340827e-09
2.33042853e-06	9.246071e-09
2.33044718e-06	7.170192e-09
2.33046582e-06	5.647034e-09
2.33048446e-06	7.652308e-09
2.33050311e-06	8.180684e-09
2.33052175e-06	4.604026e-09
2.33054040e-06	5.211675e-09
2.33055904e-06	8.665152e-09
2.33057768e-06	7.426422e-09
2.33059633e-06	4.516569e-09
2.33061497e-06	6.418420e-09
2.33063362e-06	6.472684e-09
2.33065226e-06	5.904004e-09
2.33067091e-06	5.875265e-09
2.33068955e-06	6.692291e-09
2.33070820e-06	5.814892e-09
2.33072685e-06	7.390017e-09
2.33074549e-06	5.957833e-09
2.33076414e-06	7.589698e-09
2.33078278e-06	8.203959e-09
2.33080143e-06	7.296427e-09
2.33082008e-06	8.512213e-09
2.33083872e-06	9.124096e-09
2.33085737e-06	9.347354e-09
2.33087602e-06	8.857691e-09
2.33089466e-06	8.390312e-09
2.33091331e-06	9.159677e-09
2.33093196e-06	8.807630e-09
2.33095061e-06	8.219775e-09
2.33096925e-06	8.762904e-09
2.33098790e-06	7.771072e-09
2.33100655e-06	7.963260e-09
2.33102520e-06	6.716893e-09
2.33104384e-06	8.050442e-09
2.33106249e-06	8.957884e-09
2.33108114e-06	5.545981e-09
2.33109979e-06	5.003524e-09
2.33111844e-06	7.446576e-09
2.33113709e-06	8.443925e-09
2.33115574e-06	7.403917e-09
2.33117439e-06	7.740378e-09
2.33119304e-06	7.359844e-09
2.33121169e-06	4.545910e-09
2.33123033e-06	6.136230e-09
2.33124898e-06	7.600882e-09
2.33126763e-06	7.624331e-09
2.33128629e-06	9.355456e-09
2.33130493e-06	8.786215e-09
2.33132359e-06	8.503379e-09
2.33134224e-06	9.566334e-09
2.33136089e-06	9.041759e-09
2.33137954e-06	6.749208e-09
2.33139819e-06	7.851146e-09
2.33141684e-06	8.812500e-09
2.33143549e-06	8.542059e-09
2.33145414e-06	8.556879e-09
2.33147280e-06	9.410343e-09
2.33149145e-06	9.076843e-09
2.33151010e-06	9.119763e-09
2.33152875e-06	8.477542e-09
2.33154740e-06	6.692015e-09
2.33156606e-06	8.019231e-09
2.33158471e-06	7.720334e-09
2.33160336e-06	5.656634e-09
2.33162201e-06	7.009549e-09
2.33164067e-06	6.539968e-09
2.33165932e-06	6.003984e-09
2.33167797e-06	9.353022e-09
2.33169663e-06	9.291969e-09
2.33171528e-06	7.548831e-09
2.33173393e-06	6.042089e-09
2.33175259e-06	8.853991e-09
2.33177124e-06	8.250907e-09
2.33178990e-06	6.950573e-09
2.33180855e-06	8.641679e-09
2.33182720e-06	8.829043e-09
2.33184586e-06	9.104185e-09
2.33186451e-06	7.480224e-09
2.33188317e-06	7.669229e-09
2.33190182e-06	6.857584e-09
2.33192048e-06	4.483788e-09
2.33193913e-06	4.989751e-09
2.33195779e-06	4.964044e-09
2.33197644e-06	6.692116e-09
2.33199510e-06	7.543639e-09
2.33201376e-06	8.104770e-09
2.33203241e-06	9.440055e-09
2.33205107e-06	9.654633e-09
2.33206973e-06	9.412302e-09
2.33208838e-06	9.406049e-09
2.33210704e-06	7.781925e-09
2.33212570e-06	8.838107e-09
2.33214435e-06	9.736007e-09
2.33216301e-06	9.210519e-09
2.33218167e-06	9.364562e-09
2.33220033e-06	9.663213e-09
2.33221898e-06	7.834854e-09
2.33223764e-06	7.529142e-09
2.33225630e-06	6.816157e-09
2.33227496e-06	8.470900e-09
2.33229361e-06	9.762080e-09
2.33231227e-06	1.018520e-08
2.33233093e-06	9.655998e-09
2.33234959e-06	9.710698e-09
2.33236825e-06	9.716375e-09
2.33238691e-06	8.400677e-09
2.33240557e-06	8.252451e-09
2.33242423e-06	9.547922e-09
2.33244288e-06	9.532003e-09
2.33246154e-06	8.593431e-09
2.33248020e-06	7.929418e-09
2.33249886e-06	8.506495e-09
2.33251752e-06	9.542008e-09
2.33253618e-06	9.612785e-09
2.33255485e-06	7.184393e-09
2.33257350e-06	6.773268e-09
2.33259217e-06	8.508342e-09
2.33261083e-06	8.810543e-09
2.33262949e-06	9.864936e-09
2.33264815e-06	9.837583e-09
2.33266681e-06	9.344883e-09
2.33268547e-06	1.005033e-08
2.33270413e-06	9.992287e-09
2.33272279e-06	9.058750e-09
2.33274146e-06	8.053592e-09
2.33276012e-06	8.563711e-09
2.33277878e-06	7.429894e-09
2.33279744e-06	7.887110e-09
2.33281610e-06	7.880662e-09
2.33283477e-06	5.021954e-09
2.33285343e-06	4.965058e-09
2.33287209e-06	7.706519e-09
2.33289075e-06	5.464114e-09
2.33290942e-06	4.373776e-09
2.33292808e-06	8.205383e-09
2.33294675e-06	9.140505e-09
2.33296541e-06	9.304367e-09
2.33298407e-06	8.718713e-09
2.33300274e-06	8.978760e-09
2.33302140e-06	9.729671e-09
2.33304006e-06	9.337128e-09
2.33305873e-06	9.177189e-09
2.33307739e-06	9.310814e-09
2.33309606e-06	9.116504e-09
2.33311472e-06	8.332465e-09
2.33313339e-06	8.640254e-09
2.33315205e-06	7.422211e-09
2.33317072e-06	6.768979e-09
2.33318938e-06	8.913270e-09
2.33320805e-06	9.247061e-09
2.33322671e-06	7.327482e-09
2.33324538e-06	6.803019e-09
2.33326405e-06	8.280975e-09
2.33328271e-06	7.067115e-09
2.33330138e-06	8.948265e-09
2.33332004e-06	9.440222e-09
2.33333871e-06	9.354419e-09
2.33335738e-06	8.624804e-09
2.33337604e-06	7.892902e-09
2.33339471e-06	8.427408e-09
2.33341338e-06	8.376986e-09
2.33343205e-06	9.817137e-09
2.33345071e-06	9.927508e-09
2.33346938e-06	9.881339e-09
2.33348805e-06	9.369860e-09
2.33350672e-06	8.202018e-09
2.33352538e-06	6.972607e-09
2.33354405e-06	7.630226e-09
2.33356272e-06	6.964103e-09
2.33358139e-06	5.521440e-09
2.33360006e-06	8.715725e-09
2.33361873e-06	9.385001e-09
2.33363740e-06	8.557077e-09
2.33365607e-06	8.586544e-09
2.33367473e-06	8.718137e-09
2.33369340e-06	6.754117e-09
2.33371207e-06	4.623607e-09
2.33373074e-06	4.675532e-09
2.33374941e-06	6.949405e-09
2.33376808e-06	5.447510e-09
2.33378675e-06	4.991493e-09
2.33380542e-06	7.540495e-09
2.33382410e-06	9.193956e-09
2.33384277e-06	8.750132e-09
2.33386144e-06	9.139433e-09
2.33388011e-06	9.879631e-09
2.33389878e-06	9.455692e-09
2.33391745e-06	9.468699e-09
2.33393612e-06	8.850390e-09
2.33395479e-06	7.590529e-09
2.33397346e-06	9.206768e-09
2.33399213e-06	1.027570e-08
2.33401081e-06	9.930506e-09
2.33402948e-06	9.385988e-09
2.33404815e-06	8.965485e-09
2.33406682e-06	9.496648e-09
2.33408550e-06	1.029333e-08
2.33410417e-06	1.037405e-08
2.33412284e-06	9.202245e-09
2.33414152e-06	6.101979e-09
2.33416019e-06	4.788413e-09
2.33417886e-06	7.125166e-09
2.33419754e-06	6.497128e-09
2.33421621e-06	6.167370e-09
2.33423488e-06	8.075489e-09
2.33425356e-06	8.941490e-09
2.33427223e-06	8.657669e-09
2.33429090e-06	7.225557e-09
2.33430958e-06	5.452538e-09
2.33432825e-06	6.699347e-09
2.33434693e-06	7.369655e-09
2.33436560e-06	7.903907e-09
2.33438428e-06	8.986405e-09
2.33440295e-06	9.541350e-09
2.33442163e-06	8.045983e-09
2.33444030e-06	6.155918e-09
2.33445898e-06	7.452710e-09
2.33447765e-06	8.093901e-09
2.33449633e-06	8.424308e-09
2.33451501e-06	7.490333e-09
2.33453368e-06	8.504340e-09
2.33455236e-06	8.955050e-09
2.33457104e-06	7.822513e-09
2.33458971e-06	9.034126e-09
2.33460839e-06	9.658750e-09
2.33462706e-06	7.615081e-09
2.33464574e-06	7.220727e-09
2.33466442e-06	8.750098e-09
2.33468310e-06	9.743993e-09
2.33470177e-06	9.280792e-09
2.33472045e-06	8.720185e-09
2.33473913e-06	6.472224e-09
2.33475781e-06	5.014937e-09
2.33477648e-06	4.517847e-09
2.33479516e-06	6.459639e-09
2.33481384e-06	7.581370e-09
2.33483252e-06	7.016814e-09
2.33485120e-06	6.916091e-09
2.33486988e-06	6.746920e-09
2.33488856e-06	7.816638e-09
2.33490724e-06	9.816898e-09
2.33492591e-06	1.018988e-08
2.33494460e-06	9.846589e-09
2.33496327e-06	9.317232e-09
2.33498195e-06	7.083769e-09
2.33500063e-06	7.512266e-09
2.33501931e-06	9.764748e-09
2.33503799e-06	1.000170e-08
2.33505667e-06	1.016803e-08
2.33507535e-06	9.955081e-09
2.33509404e-06	8.413331e-09
2.33511272e-06	5.266297e-09
2.33513140e-06	5.511879e-09
2.33515008e-06	8.813324e-09
2.33516876e-06	8.620217e-09
2.33518744e-06	6.989497e-09
2.33520612e-06	7.470506e-09
2.33522480e-06	8.489984e-09
2.33524348e-06	7.411598e-09
2.33526217e-06	7.246539e-09
2.33528085e-06	8.394508e-09
2.33529953e-06	8.678155e-09
2.33531821e-06	8.212536e-09
2.33533690e-06	7.873794e-09
2.33535558e-06	8.133840e-09
2.33537426e-06	6.475786e-09
2.33539294e-06	6.158666e-09
2.33541163e-06	8.509656e-09
2.33543031e-06	8.734003e-09
2.33544900e-06	8.661973e-09
2.33546768e-06	7.936799e-09
2.33548636e-06	7.796446e-09
2.33550505e-06	7.988926e-09
2.33552373e-06	6.551836e-09
2.33554242e-06	4.650724e-09
2.33556110e-06	5.428317e-09
2.33557978e-06	8.276072e-09
2.33559847e-06	8.699288e-09
2.33561715e-06	8.465310e-09
2.33563584e-06	8.262050e-09
2.33565452e-06	6.889152e-09
2.33567321e-06	5.002724e-09
2.33569189e-06	7.274223e-09
2.33571058e-06	7.209689e-09
2.33572927e-06	7.222509e-09
2.33574795e-06	7.370527e-09
2.33576664e-06	4.886714e-09
2.33578532e-06	4.989694e-09
2.33580401e-06	7.146246e-09
2.33582269e-06	8.450544e-09
2.33584138e-06	9.235506e-09
2.33586007e-06	9.584600e-09
2.33587876e-06	9.082606e-09
2.33589744e-06	7.710560e-09
2.33591613e-06	8.030469e-09
2.33593482e-06	9.473729e-09
2.33595350e-06	9.172400e-09
2.33597219e-06	7.428682e-09
2.33599088e-06	8.028297e-09
2.33600957e-06	8.803607e-09
2.33602826e-06	8.885278e-09
2.33604694e-06	9.197597e-09
2.33606563e-06	9.738345e-09
2.33608432e-06	1.020279e-08
2.33610301e-06	1.031464e-08
2.33612170e-06	1.038177e-08
2.33614039e-06	9.962686e-09
2.33615908e-06	9.446835e-09
2.33617777e-06	9.571516e-09
2.33619646e-06	8.783274e-09
2.33621514e-06	8.846130e-09
2.33623383e-06	9.723908e-09
2.33625253e-06	9.006866e-09
2.33627121e-06	8.837560e-09
2.33628990e-06	8.657239e-09
2.33630860e-06	9.051803e-09
2.33632729e-06	7.444668e-09
2.33634598e-06	5.610483e-09
2.33636467e-06	6.275796e-09
2.33638336e-06	8.928582e-09
2.33640205e-06	8.308727e-09
2.33642074e-06	8.264144e-09
2.33643943e-06	9.452928e-09
2.33645812e-06	8.338704e-09
2.33647681e-06	9.392518e-09
2.33649551e-06	9.432980e-09
2.33651420e-06	9.333898e-09
2.33653289e-06	1.015973e-08
2.33655158e-06	9.553267e-09
2.33657028e-06	8.642857e-09
2.33658897e-06	9.550583e-09
2.33660766e-06	9.014082e-09
2.33662635e-06	8.775234e-09
2.33664505e-06	9.066143e-09
2.33666374e-06	9.418831e-09
2.33668243e-06	8.938145e-09
2.33670113e-06	6.107790e-09
2.33671982e-06	5.410350e-09
2.33673851e-06	6.911805e-09
2.33675721e-06	7.120997e-09
2.33677590e-06	8.655786e-09
2.33679460e-06	9.022059e-09
2.33681329e-06	7.726477e-09
2.33683198e-06	4.960271e-09
2.33685068e-06	5.135938e-09
2.33686937e-06	7.313492e-09
2.33688807e-06	7.576421e-09
2.33690676e-06	7.552265e-09
2.33692546e-06	7.879062e-09
2.33694415e-06	7.889007e-09
2.33696285e-06	8.106179e-09
2.33698155e-06	5.660587e-09
2.33700024e-06	6.314796e-09
2.33701894e-06	7.882429e-09
2.33703763e-06	8.577660e-09
2.33705633e-06	8.435998e-09
2.33707503e-06	9.052315e-09
2.33709372e-06	9.239269e-09
2.33711242e-06	9.066827e-09
2.33713112e-06	9.288203e-09
2.33714981e-06	8.569951e-09
2.33716851e-06	9.051705e-09
2.33718721e-06	1.003474e-08
2.33720591e-06	8.719099e-09
2.33722460e-06	7.947536e-09
2.33724330e-06	8.685537e-09
2.33726200e-06	8.572392e-09
2.33728070e-06	6.817519e-09
2.33729940e-06	6.908894e-09
2.33731809e-06	9.025126e-09
2.33733679e-06	9.433934e-09
2.33735549e-06	9.406384e-09
2.33737419e-06	9.038977e-09
2.33739289e-06	6.648289e-09
2.33741159e-06	4.593150e-09
2.33743029e-06	5.645802e-09
2.33744899e-06	8.342421e-09
2.33746769e-06	8.815158e-09
2.33748639e-06	7.857820e-09
2.33750509e-06	8.242890e-09
2.33752379e-06	8.801944e-09
2.33754249e-06	9.046196e-09
2.33756119e-06	9.341727e-09
2.33757989e-06	1.016555e-08
2.33759859e-06	1.017909e-08
2.33761729e-06	9.437800e-09
2.33763599e-06	8.034875e-09
2.33765469e-06	9.178897e-09
2.33767339e-06	9.032697e-09
2.33769209e-06	8.964577e-09
2.33771079e-06	8.546470e-09
2.33772950e-06	7.126879e-09
2.33774820e-06	5.083275e-09
2.33776690e-06	7.367373e-09
2.33778560e-06	9.245419e-09
2.33780431e-06	9.348372e-09
2.33782301e-06	9.427858e-09
2.33784171e-06	8.811792e-09
2.33786041e-06	8.932156e-09
2.33787912e-06	9.432003e-09
2.33789782e-06	8.875213e-09
2.33791652e-06	6.925008e-09
2.33793523e-06	4.957112e-09
2.33795393e-06	5.219505e-09
2.33797263e-06	7.406168e-09
2.33799134e-06	8.664494e-09
2.33801004e-06	9.155047e-09
2.33802874e-06	8.315695e-09
2.33804745e-06	7.339184e-09
2.33806615e-06	8.679978e-09
2.33808486e-06	8.609923e-09
2.33810356e-06	9.211653e-09
2.33812227e-06	8.428744e-09
2.33814097e-06	8.975324e-09
2.33815968e-06	9.127153e-09
2.33817838e-06	8.156469e-09
2.33819709e-06	7.264510e-09
2.33821579e-06	8.133421e-09
2.33823450e-06	6.107089e-09
2.33825321e-06	8.491615e-09
2.33827191e-06	8.654082e-09
2.33829062e-06	8.551876e-09
2.33830932e-06	8.397900e-09
2.33832803e-06	6.301296e-09
2.33834674e-06	6.377326e-09
2.33836544e-06	9.093394e-09
2.33838415e-06	8.757052e-09
2.33840286e-06	9.428363e-09
2.33842156e-06	9.265246e-09
2.33844027e-06	8.119760e-09
2.33845898e-06	6.367515e-09
2.33847769e-06	7.708750e-09
2.33849639e-06	8.385994e-09
2.33851510e-06	8.108073e-09
2.33853381e-06	7.209804e-09
2.33855252e-06	7.693419e-09
2.33857123e-06	7.619533e-09
2.33858994e-06	7.051403e-09
2.33860864e-06	7.613145e-09
2.33862735e-06	8.871863e-09
2.33864606e-06	8.783443e-09
2.33866477e-06	8.576459e-09
2.33868348e-06	7.480162e-09
2.33870219e-06	7.485857e-09
2.33872090e-06	5.683827e-09
2.33873961e-06	5.013764e-09
2.33875832e-06	7.158980e-09
2.33877703e-06	7.730708e-09
2.33879574e-06	9.070315e-09
2.33881445e-06	9.392287e-09
2.33883316e-06	9.869053e-09
2.33885187e-06	1.004752e-08
2.33887058e-06	8.908981e-09
2.33888929e-06	8.881839e-09
2.33890800e-06	8.675545e-09
2.33892672e-06	8.265671e-09
2.33894543e-06	6.275208e-09
2.33896414e-06	5.929014e-09
2.33898285e-06	8.581754e-09
2.33900156e-06	8.847704e-09
2.33902027e-06	8.561468e-09
2.33903899e-06	8.546316e-09
2.33905770e-06	7.289977e-09
2.33907641e-06	4.955320e-09
2.33909512e-06	5.022463e-09
2.33911384e-06	7.727988e-09
2.33913255e-06	8.795508e-09
2.33915126e-06	8.460084e-09
2.33916998e-06	8.415527e-09
2.33918869e-06	7.112124e-09
2.33920740e-06	7.614510e-09
2.33922612e-06	7.990207e-09
2.33924483e-06	8.970814e-09
2.33926354e-06	9.577428e-09
2.33928226e-06	8.360947e-09
2.33930097e-06	6.091706e-09
2.33931969e-06	4.489691e-09
2.33933840e-06	5.154332e-09
2.33935712e-06	8.615333e-09
2.33937583e-06	9.329337e-09
2.33939455e-06	9.288405e-09
2.33941326e-06	9.404840e-09
2.33943198e-06	9.431147e-09
2.33945069e-06	8.495591e-09
2.33946941e-06	6.139078e-09
2.33948812e-06	7.088620e-09
2.33950684e-06	9.130840e-09
2.33952556e-06	9.575361e-09
2.33954427e-06	9.613655e-09
2.33956299e-06	9.014797e-09
2.33958171e-06	8.710660e-09
2.33960042e-06	6.463623e-09
2.33961914e-06	5.778093e-09
2.33963785e-06	8.071623e-09
2.33965657e-06	7.076263e-09
2.33967529e-06	6.511184e-09
2.33969401e-06	9.468329e-09
2.33971272e-06	9.368789e-09
2.33973144e-06	8.391608e-09
2.33975016e-06	7.135276e-09
2.33976888e-06	8.544814e-09
2.33978760e-06	8.900213e-09
2.33980631e-06	8.982745e-09
2.33982503e-06	9.815849e-09
2.33984375e-06	9.270408e-09
2.33986247e-06	6.490030e-09
2.33988119e-06	4.238319e-09
2.33989991e-06	4.555498e-09
2.33991863e-06	7.833743e-09
2.33993735e-06	9.511220e-09
2.33995607e-06	8.533233e-09
2.33997479e-06	9.531906e-09
2.33999351e-06	9.795207e-09
2.34001223e-06	8.380718e-09
2.34003095e-06	6.252877e-09
2.34004967e-06	6.719305e-09
2.34006839e-06	6.536616e-09
2.34008711e-06	7.468492e-09
2.34010583e-06	8.933532e-09
2.34012455e-06	7.115945e-09
2.34014327e-06	8.286071e-09
2.34016199e-06	7.979055e-09
2.34018071e-06	7.673429e-09
2.34019943e-06	8.355400e-09
2.34021815e-06	9.171375e-09
2.34023688e-06	8.373451e-09
2.34025560e-06	4.898121e-09
2.34027432e-06	4.914397e-09
2.34029304e-06	5.730050e-09
2.34031177e-06	8.071025e-09
2.34033049e-06	8.780535e-09
2.34034921e-06	6.904137e-09
2.34036793e-06	5.753830e-09
2.34038666e-06	5.655917e-09
2.34040538e-06	5.470897e-09
2.34042410e-06	5.836639e-09
2.34044283e-06	5.572064e-09
2.34046155e-06	8.036146e-09
2.34048027e-06	9.495244e-09
2.34049900e-06	9.204493e-09
2.34051772e-06	5.882667e-09
2.34053644e-06	6.431985e-09
2.34055517e-06	8.084808e-09
2.34057389e-06	6.863504e-09
2.34059262e-06	7.950804e-09
2.34061134e-06	6.748594e-09
2.34063007e-06	6.035679e-09
2.34064879e-06	8.282059e-09
2.34066752e-06	7.365509e-09
2.34068624e-06	8.414141e-09
2.34070497e-06	1.007701e-08
2.34072369e-06	9.898160e-09
2.34074242e-06	9.703251e-09
2.34076115e-06	9.994161e-09
2.34077987e-06	9.200756e-09
2.34079860e-06	9.748894e-09
2.34081733e-06	9.198528e-09
2.34083605e-06	8.458239e-09
2.34085478e-06	9.244656e-09
2.34087350e-06	8.940464e-09
2.34089223e-06	8.854696e-09
2.34091096e-06	9.272818e-09
2.34092969e-06	9.132615e-09
2.34094841e-06	1.003914e-08
2.34096714e-06	9.491354e-09
2.34098587e-06	9.031539e-09
2.34100460e-06	9.142000e-09
2.34102333e-06	9.214601e-09
2.34104205e-06	8.653576e-09
2.34106078e-06	5.701452e-09
2.34107951e-06	4.310422e-09
2.34109824e-06	6.300548e-09
2.34111697e-06	7.988176e-09
2.34113570e-06	6.586519e-09
2.34115443e-06	4.324742e-09
2.34117315e-06	7.416386e-09
2.34119188e-06	8.935499e-09
2.34121061e-06	9.282836e-09
2.34122934e-06	8.978705e-09
2.34124807e-06	8.277058e-09
2.34126680e-06	4.447011e-09
2.34128553e-06	4.516219e-09
2.34130426e-06	8.948208e-09
2.34132299e-06	9.366474e-09
2.34134172e-06	7.522958e-09
2.34136045e-06	5.042449e-09
2.34137919e-06	8.313538e-09
2.34139792e-06	9.188716e-09
2.34141665e-06	8.499755e-09
2.34143538e-06	8.176348e-09
2.34145411e-06	6.848232e-09
2.34147284e-06	6.138190e-09
2.34149158e-06	4.996152e-09
2.34151031e-06	5.996468e-09
2.34152904e-06	8.107589e-09
2.34154777e-06	7.298955e-09
2.34156650e-06	7.812838e-09
2.34158524e-06	8.365937e-09
2.34160397e-06	9.629792e-09
2.34162270e-06	9.766261e-09
2.34164143e-06	9.791378e-09
2.34166017e-06	9.610112e-09
2.34167890e-06	8.226530e-09
2.34169763e-06	5.304004e-09
2.34171637e-06	5.337530e-09
2.34173510e-06	7.572832e-09
2.34175384e-06	8.467047e-09
2.34177257e-06	9.727043e-09
2.34179130e-06	9.193578e-09
2.34181004e-06	9.637307e-09
2.34182877e-06	9.621610e-09
2.34184751e-06	8.264296e-09
2.34186624e-06	6.466382e-09
2.34188498e-06	5.552183e-09
2.34190371e-06	8.285546e-09
2.34192245e-06	8.015403e-09
2.34194118e-06	6.868433e-09
2.34195992e-06	7.468415e-09
2.34197865e-06	8.311351e-09
2.34199739e-06	8.940066e-09
2.34201613e-06	8.904800e-09
2.34203486e-06	5.814071e-09
2.34205360e-06	4.111299e-09
2.34207233e-06	6.674535e-09
2.34209107e-06	7.880219e-09
2.34210981e-06	9.305026e-09
2.34212855e-06	9.804296e-09
2.34214728e-06	9.137545e-09
2.34216602e-06	7.662420e-09
2.34218476e-06	7.985280e-09
2.34220349e-06	9.390085e-09
2.34222223e-06	9.997908e-09
2.34224097e-06	1.008104e-08
2.34225971e-06	1.018096e-08
2.34227844e-06	1.048995e-08
2.34229718e-06	1.076213e-08
2.34231592e-06	1.022743e-08
2.34233466e-06	9.681435e-09
2.34235340e-06	1.014481e-08
2.34237214e-06	9.272543e-09
2.34239088e-06	8.867250e-09
2.34240962e-06	9.087370e-09
2.34242835e-06	9.063902e-09
2.34244709e-06	7.176140e-09
2.34246583e-06	8.299407e-09
2.34248457e-06	9.513993e-09
2.34250331e-06	9.878717e-09
2.34252205e-06	1.007710e-08
2.34254079e-06	8.527068e-09
2.34255953e-06	7.085648e-09
2.34257827e-06	7.559789e-09
2.34259702e-06	7.441844e-09
2.34261576e-06	8.378385e-09
2.34263450e-06	9.608119e-09
2.34265324e-06	9.844285e-09
2.34267198e-06	9.089004e-09
2.34269072e-06	8.134391e-09
2.34270946e-06	9.283937e-09
2.34272820e-06	8.364241e-09
2.34274695e-06	4.771436e-09
2.34276569e-06	4.911123e-09
2.34278443e-06	7.073720e-09
2.34280317e-06	8.789884e-09
2.34282191e-06	9.138437e-09
2.34284066e-06	7.678465e-09
2.34285940e-06	7.453358e-09
2.34287814e-06	7.870706e-09
2.34289689e-06	8.383365e-09
2.34291563e-06	9.146628e-09
2.34293437e-06	9.608804e-09
2.34295312e-06	9.640423e-09
2.34297186e-06	9.059847e-09
2.34299060e-06	8.160140e-09
2.34300935e-06	9.100728e-09
2.34302809e-06	9.813772e-09
2.34304684e-06	9.095644e-09
2.34306558e-06	7.946179e-09
2.34308432e-06	9.166692e-09
2.34310307e-06	9.842758e-09
2.34312181e-06	9.604664e-09
2.34314056e-06	9.527685e-09
2.34315930e-06	7.769011e-09
2.34317805e-06	8.659792e-09
2.34319679e-06	9.511594e-09
2.34321554e-06	8.432498e-09
2.34323429e-06	6.334974e-09
2.34325303e-06	6.431250e-09
2.34327178e-06	4.303119e-09
2.34329052e-06	7.343393e-09
2.34330927e-06	8.217091e-09
2.34332802e-06	9.505799e-09
2.34334676e-06	1.020572e-08
2.34336551e-06	9.890589e-09
2.34338426e-06	8.522632e-09
2.34340300e-06	9.157102e-09
2.34342175e-06	8.457025e-09
2.34344050e-06	8.227369e-09
2.34345925e-06	8.273355e-09
2.34347799e-06	6.139936e-09
2.34349674e-06	5.364183e-09
2.34351549e-06	8.098303e-09
2.34353424e-06	9.002151e-09
2.34355299e-06	8.741394e-09
2.34357173e-06	8.872863e-09
2.34359048e-06	7.838659e-09
2.34360923e-06	5.405603e-09
2.34362798e-06	5.067228e-09
2.34364673e-06	8.076305e-09
2.34366548e-06	6.831111e-09
2.34368423e-06	4.531215e-09
2.34370298e-06	5.486647e-09
2.34372173e-06	7.194349e-09
2.34374048e-06	9.368768e-09
2.34375923e-06	8.817945e-09
2.34377798e-06	9.021523e-09
2.34379673e-06	9.383881e-09
2.34381548e-06	6.638160e-09
2.34383423e-06	5.328464e-09
2.34385298e-06	7.368308e-09
2.34387173e-06	8.041569e-09
2.34389048e-06	9.354775e-09
2.34390923e-06	8.703857e-09
2.34392798e-06	8.557780e-09
2.34394673e-06	9.786746e-09
2.34396549e-06	9.443855e-09
2.34398424e-06	7.933073e-09
2.34400299e-06	8.829885e-09
2.34402174e-06	7.940531e-09
2.34404049e-06	6.966255e-09
2.34405925e-06	4.851387e-09
2.34407800e-06	4.894165e-09
2.34409675e-06	7.849151e-09
2.34411550e-06	8.600061e-09
2.34413426e-06	8.166087e-09
2.34415301e-06	8.848399e-09
2.34417176e-06	9.543553e-09
2.34419052e-06	9.492544e-09
2.34420927e-06	9.098744e-09
2.34422802e-06	9.254119e-09
2.34424678e-06	9.442827e-09
2.34426553e-06	9.708344e-09
2.34428429e-06	8.361373e-09
2.34430304e-06	8.252180e-09
2.34432179e-06	7.339725e-09
2.34434055e-06	8.078686e-09
2.34435930e-06	9.135881e-09
2.34437806e-06	8.817374e-09
2.34439681e-06	8.306057e-09
2.34441557e-06	8.251711e-09
2.34443432e-06	8.088657e-09
2.34445308e-06	5.204217e-09
2.34447183e-06	5.604923e-09
2.34449059e-06	7.499785e-09
2.34450935e-06	6.407920e-09
2.34452810e-06	7.445090e-09
2.34454686e-06	8.431165e-09
2.34456562e-06	7.822094e-09
2.34458437e-06	7.861800e-09
2.34460313e-06	9.097943e-09
2.34462189e-06	9.637627e-09
2.34464064e-06	9.022653e-09
2.34465940e-06	8.626621e-09
2.34467816e-06	7.481387e-09
2.34469691e-06	4.200968e-09
2.34471567e-06	4.167813e-09
2.34473443e-06	7.594114e-09
2.34475319e-06	8.046404e-09
2.34477195e-06	6.544905e-09
2.34479070e-06	4.433668e-09
2.34480946e-06	5.315307e-09
2.34482822e-06	6.942847e-09
2.34484698e-06	9.106251e-09
2.34486574e-06	8.871292e-09
2.34488450e-06	6.777767e-09
2.34490326e-06	7.090846e-09
2.34492202e-06	7.621094e-09
2.34494077e-06	8.139227e-09
2.34495953e-06	6.051403e-09
2.34497829e-06	7.803855e-09
2.34499705e-06	8.778772e-09
2.34501581e-06	7.390438e-09
2.34503457e-06	4.149387e-09
2.34505333e-06	4.627233e-09
2.34507209e-06	7.427406e-09
2.34509086e-06	6.764164e-09
2.34510962e-06	8.589854e-09
2.34512838e-06	9.687218e-09
2.34514714e-06	9.942976e-09
2.34516590e-06	9.336541e-09
2.34518466e-06	8.801654e-09
2.34520342e-06	8.737320e-09
2.34522218e-06	6.885910e-09
2.34524094e-06	5.470790e-09
2.34525971e-06	7.498870e-09
2.34527847e-06	7.653550e-09
2.34529723e-06	4.615910e-09
2.34531599e-06	5.285713e-09
2.34533476e-06	8.091574e-09
2.34535352e-06	8.420088e-09
2.34537228e-06	6.791835e-09
2.34539104e-06	6.985618e-09
2.34540981e-06	4.905157e-09
2.34542857e-06	4.887317e-09
2.34544733e-06	5.295727e-09
2.34546610e-06	6.492461e-09
2.34548486e-06	5.063992e-09
2.34550363e-06	6.106261e-09
2.34552239e-06	9.046853e-09
2.34554115e-06	9.194482e-09
2.34555992e-06	8.081217e-09
2.34557868e-06	9.051545e-09
2.34559745e-06	9.552834e-09
2.34561621e-06	6.550526e-09
2.34563498e-06	6.798493e-09
2.34565374e-06	8.945876e-09
2.34567251e-06	9.984415e-09
2.34569127e-06	9.430106e-09
2.34571004e-06	8.992021e-09
2.34572880e-06	9.811490e-09
2.34574757e-06	8.563314e-09
2.34576634e-06	8.521693e-09
2.34578510e-06	1.030634e-08
2.34580387e-06	1.057451e-08
2.34582263e-06	9.861579e-09
2.34584140e-06	8.067298e-09
2.34586017e-06	8.298920e-09
2.34587894e-06	1.006778e-08
2.34589770e-06	9.867070e-09
2.34591647e-06	9.987730e-09
2.34593524e-06	9.911716e-09
2.34595400e-06	9.498027e-09
2.34597277e-06	8.208158e-09
2.34599154e-06	7.490858e-09
2.34601031e-06	9.910949e-09
2.34602908e-06	1.052341e-08
2.34604784e-06	8.865620e-09
2.34606661e-06	8.010166e-09
2.34608538e-06	9.062490e-09
2.34610415e-06	8.557523e-09
2.34612292e-06	8.557905e-09
2.34614169e-06	9.458119e-09
2.34616046e-06	8.856294e-09
2.34617923e-06	7.497230e-09
2.34619800e-06	9.248868e-09
2.34621676e-06	9.986226e-09
2.34623553e-06	9.635878e-09
2.34625430e-06	9.349547e-09
2.34627307e-06	9.638114e-09
2.34629184e-06	9.861355e-09
2.34631061e-06	8.470753e-09
2.34632938e-06	8.324138e-09
2.34634816e-06	8.468218e-09
2.34636693e-06	8.717383e-09
2.34638570e-06	9.159823e-09
2.34640447e-06	8.740018e-09
2.34642324e-06	8.238591e-09
2.34644201e-06	4.988370e-09
2.34646078e-06	4.107223e-09
2.34647955e-06	6.948052e-09
2.34649833e-06	8.672176e-09
2.34651710e-06	9.249463e-09
2.34653587e-06	8.702422e-09
2.34655464e-06	9.533941e-09
2.34657341e-06	9.966643e-09
2.34659219e-06	9.397674e-09
2.34661096e-06	8.862111e-09
2.34662973e-06	8.931801e-09
2.34664851e-06	8.148732e-09
2.34666728e-06	8.368214e-09
2.34668605e-06	9.721426e-09
2.34670483e-06	1.010480e-08
2.34672360e-06	9.663816e-09
2.34674237e-06	9.575462e-09
2.34676115e-06	8.897235e-09
2.34677992e-06	7.586920e-09
2.34679870e-06	4.859374e-09
2.34681747e-06	4.854048e-09
2.34683625e-06	8.125860e-09
2.34685502e-06	8.894143e-09
2.34687379e-06	8.589025e-09
2.34689257e-06	5.879813e-09
2.34691134e-06	4.908209e-09
2.34693012e-06	6.062248e-09
2.34694889e-06	7.665328e-09
2.34696767e-06	8.596232e-09
2.34698645e-06	9.496532e-09
2.34700522e-06	9.090932e-09
2.34702400e-06	8.935171e-09
2.34704277e-06	9.579502e-09
2.34706155e-06	9.450673e-09
2.34708033e-06	9.909240e-09
2.34709910e-06	1.033553e-08
2.34711788e-06	9.988652e-09
2.34713666e-06	9.535008e-09
2.34715543e-06	7.862667e-09
2.34717421e-06	7.202275e-09
2.34719299e-06	6.405020e-09
2.34721177e-06	8.285591e-09
2.34723054e-06	8.174527e-09
2.34724932e-06	8.156898e-09
2.34726810e-06	8.719648e-09
2.34728688e-06	8.174995e-09
2.34730566e-06	8.263664e-09
2.34732444e-06	6.291203e-09
2.34734321e-06	8.822651e-09
2.34736199e-06	9.479615e-09
2.34738077e-06	9.441838e-09
2.34739955e-06	8.012501e-09
2.34741833e-06	6.011200e-09
2.34743711e-06	6.945130e-09
2.34745589e-06	9.158053e-09
2.34747467e-06	9.336048e-09
2.34749345e-06	7.503158e-09
2.34751223e-06	5.067171e-09
2.34753101e-06	6.665777e-09
2.34754979e-06	5.805769e-09
2.34756857e-06	6.437003e-09
2.34758735e-06	8.094270e-09
2.34760613e-06	9.350514e-09
2.34762491e-06	9.529173e-09
2.34764369e-06	8.396760e-09
2.34766247e-06	6.498048e-09
2.34768125e-06	7.078914e-09
2.34770004e-06	7.448319e-09
2.34771882e-06	7.044363e-09
2.34773760e-06	6.770641e-09
2.34775638e-06	7.898813e-09
2.34777516e-06	7.474952e-09
2.34779395e-06	8.249272e-09
2.34781273e-06	8.484508e-09
2.34783151e-06	8.652200e-09
2.34785029e-06	1.003242e-08
2.34786908e-06	9.520651e-09
2.34788786e-06	9.226650e-09
2.34790664e-06	1.002576e-08
2.34792542e-06	1.015847e-08
2.34794421e-06	9.726969e-09
2.34796299e-06	9.346313e-09
2.34798178e-06	9.737520e-09
2.34800056e-06	9.864771e-09
2.34801934e-06	9.052551e-09
2.34803813e-06	9.656072e-09
2.34805691e-06	9.591068e-09
2.34807570e-06	9.269344e-09
2.34809448e-06	8.856730e-09
2.34811327e-06	8.202637e-09
2.34813205e-06	7.384016e-09
2.34815084e-06	7.369898e-09
2.34816962e-06	9.073933e-09
2.34818841e-06	9.261909e-09
2.34820719e-06	8.573755e-09
2.34822598e-06	5.121507e-09
2.34824476e-06	4.888095e-09
2.34826355e-06	7.054327e-09
2.34828234e-06	8.581689e-09
2.34830112e-06	9.286853e-09
2.34831991e-06	9.788532e-09
2.34833869e-06	9.000220e-09
2.34835748e-06	9.102060e-09
2.34837627e-06	8.880837e-09
2.34839506e-06	9.451169e-09
2.34841384e-06	8.643705e-09
2.34843263e-06	8.525591e-09
2.34845142e-06	8.633697e-09
2.34847021e-06	9.547782e-09
2.34848899e-06	9.351818e-09
2.34850778e-06	9.276544e-09
2.34852657e-06	7.827346e-09
2.34854536e-06	7.652613e-09
2.34856415e-06	8.533338e-09
2.34858293e-06	9.014957e-09
2.34860172e-06	8.982265e-09
2.34862051e-06	1.006808e-08
2.34863930e-06	9.929118e-09
2.34865809e-06	8.984092e-09
2.34867688e-06	6.504698e-09
2.34869567e-06	6.976420e-09
2.34871446e-06	8.293433e-09
2.34873325e-06	8.147022e-09
2.34875204e-06	9.786819e-09
2.34877083e-06	1.012632e-08
2.34878962e-06	8.951718e-09
2.34880841e-06	8.094435e-09
2.34882720e-06	7.606521e-09
2.34884599e-06	7.621419e-09
2.34886478e-06	9.130843e-09
2.34888357e-06	9.073306e-09
2.34890236e-06	9.415685e-09
2.34892115e-06	1.010458e-08
2.34893994e-06	1.022061e-08
2.34895873e-06	8.115674e-09
2.34897753e-06	8.648410e-09
2.34899632e-06	7.815515e-09
2.34901511e-06	7.173448e-09
2.34903390e-06	9.296733e-09
2.34905269e-06	9.295347e-09
2.34907149e-06	9.337334e-09
2.34909028e-06	8.824816e-09
2.34910907e-06	8.517220e-09
2.34912787e-06	9.235995e-09
2.34914666e-06	8.970205e-09
2.34916545e-06	8.129214e-09
2.34918425e-06	8.645634e-09
2.34920304e-06	7.804741e-09
2.34922183e-06	8.263175e-09
2.34924063e-06	7.842362e-09
2.34925942e-06	9.210423e-09
2.34927821e-06	9.821160e-09
2.34929701e-06	7.551751e-09
2.34931580e-06	7.984282e-09
2.34933460e-06	8.045609e-09
2.34935339e-06	6.854138e-09
2.34937219e-06	5.651607e-09
2.34939098e-06	7.438262e-09
2.34940978e-06	8.200692e-09
2.34942857e-06	5.858248e-09
2.34944737e-06	8.335056e-09
2.34946616e-06	8.593125e-09
2.34948496e-06	7.539586e-09
2.34950375e-06	4.277853e-09
2.34952255e-06	7.018054e-09
2.34954135e-06	9.219784e-09
2.34956014e-06	9.588518e-09
2.34957894e-06	8.724635e-09
2.34959774e-06	9.684144e-09
2.34961653e-06	7.872828e-09
2.34963533e-06	6.976551e-09
2.34965413e-06	8.134916e-09
2.34967292e-06	6.752192e-09
2.34969172e-06	6.749502e-09
2.34971052e-06	4.901922e-09
2.34972932e-06	5.225345e-09
2.34974812e-06	7.558282e-09
2.34976691e-06	5.502998e-09
2.34978571e-06	7.275262e-09
2.34980451e-06	7.755850e-09
2.34982331e-06	6.763615e-09
2.34984211e-06	4.423952e-09
2.34986090e-06	6.425261e-09
2.34987970e-06	7.217929e-09
2.34989850e-06	7.791399e-09
2.34991730e-06	9.597916e-09
2.34993610e-06	9.244828e-09
2.34995490e-06	9.588713e-09
2.34997370e-06	8.244674e-09
