2.30001633e-06	1.108473e-08
2.30003473e-06	1.089747e-08
2.30005313e-06	1.118083e-08
2.30007153e-06	1.115277e-08
2.30008993e-06	1.102148e-08
2.30010833e-06	1.110161e-08
2.30012673e-06	1.114624e-08
2.30014513e-06	1.127156e-08
2.30016353e-06	1.128681e-08
2.30018194e-06	1.127948e-08
2.30020034e-06	1.129314e-08
2.30021874e-06	1.128071e-08
2.30023714e-06	1.122622e-08
2.30025554e-06	1.122047e-08
2.30027395e-06	1.131796e-08
2.30029235e-06	1.126418e-08
2.30031075e-06	1.126409e-08
2.30032915e-06	1.119982e-08
2.30034756e-06	1.120193e-08
2.30036596e-06	1.119474e-08
2.30038436e-06	1.120674e-08
2.30040276e-06	1.125911e-08
2.30042117e-06	1.120072e-08
2.30043957e-06	1.120520e-08
2.30045797e-06	1.115051e-08
2.30047638e-06	1.108220e-08
2.30049478e-06	1.130169e-08
2.30051319e-06	1.089865e-08
2.30053159e-06	1.157425e-08
2.30054999e-06	1.238658e-08
2.30056840e-06	1.078782e-08
2.30058680e-06	1.098459e-08
2.30060521e-06	1.112607e-08
2.30062361e-06	1.103452e-08
2.30064202e-06	1.110212e-08
2.30066042e-06	1.109748e-08
2.30067883e-06	1.111243e-08
2.30069723e-06	1.107653e-08
2.30071564e-06	1.099249e-08
2.30073404e-06	1.113895e-08
2.30075245e-06	1.105171e-08
2.30077086e-06	1.106853e-08
2.30078926e-06	1.108299e-08
2.30080767e-06	1.120768e-08
2.30082608e-06	1.122298e-08
2.30084448e-06	1.127200e-08
2.30086289e-06	1.127680e-08
2.30088129e-06	1.125556e-08
2.30089970e-06	1.125716e-08
2.30091811e-06	1.117505e-08
2.30093652e-06	1.116341e-08
2.30095492e-06	1.122827e-08
2.30097333e-06	1.114966e-08
2.30099174e-06	1.102649e-08
2.30101015e-06	1.098591e-08
2.30102856e-06	1.114043e-08
2.30104696e-06	1.116359e-08
2.30106537e-06	1.114824e-08
2.30108378e-06	1.103447e-08
2.30110219e-06	1.109338e-08
2.30112060e-06	1.105367e-08
2.30113901e-06	1.110444e-08
2.30115742e-06	1.109750e-08
2.30117583e-06	1.114498e-08
2.30119423e-06	1.112548e-08
2.30121265e-06	1.107320e-08
2.30123105e-06	1.105748e-08
2.30124946e-06	1.101787e-08
2.30126787e-06	1.095416e-08
2.30128628e-06	1.130416e-08
2.30130469e-06	1.200179e-08
2.30132310e-06	1.233141e-08
2.30134152e-06	1.104581e-08
2.30135993e-06	1.101881e-08
2.30137834e-06	1.102421e-08
2.30139675e-06	1.111264e-08
2.30141516e-06	1.100164e-08
2.30143357e-06	1.097293e-08
2.30145198e-06	1.100941e-08
2.30147039e-06	1.103761e-08
2.30148881e-06	1.102598e-08
2.30150722e-06	1.108091e-08
2.30152563e-06	1.104871e-08
2.30154404e-06	1.116465e-08
2.30156245e-06	1.121077e-08
2.30158087e-06	1.128053e-08
2.30159928e-06	1.132394e-08
2.30161769e-06	1.126468e-08
2.30163611e-06	1.118298e-08
2.30165452e-06	1.114722e-08
2.30167293e-06	1.111340e-08
2.30169135e-06	1.114492e-08
2.30170976e-06	1.119341e-08
2.30172817e-06	1.126625e-08
2.30174659e-06	1.127946e-08
2.30176500e-06	1.112740e-08
2.30178341e-06	1.114790e-08
2.30180183e-06	1.114373e-08
2.30182024e-06	1.114674e-08
2.30183866e-06	1.124084e-08
2.30185707e-06	1.118398e-08
2.30187549e-06	1.122613e-08
2.30189390e-06	1.126674e-08
2.30191232e-06	1.128591e-08
2.30193073e-06	1.131303e-08
2.30194915e-06	1.128480e-08
2.30196756e-06	1.124769e-08
2.30198598e-06	1.122913e-08
2.30200440e-06	1.120502e-08
2.30202281e-06	1.113449e-08
2.30204123e-06	1.112973e-08
2.30205964e-06	1.111108e-08
2.30207806e-06	1.095722e-08
2.30209648e-06	1.086988e-08
2.30211489e-06	1.193324e-08
2.30213331e-06	1.233518e-08
2.30215173e-06	1.074517e-08
2.30217014e-06	1.094392e-08
2.30218856e-06	1.102719e-08
2.30220698e-06	1.113287e-08
2.30222540e-06	1.119448e-08
2.30224381e-06	1.124292e-08
2.30226223e-06	1.119557e-08
2.30228065e-06	1.110794e-08
2.30229907e-06	1.125613e-08
2.30231749e-06	1.124330e-08
2.30233591e-06	1.120420e-08
2.30235433e-06	1.123148e-08
2.30237274e-06	1.129030e-08
2.30239116e-06	1.133728e-08
2.30240958e-06	1.132621e-08
2.30242800e-06	1.131287e-08
2.30244642e-06	1.132720e-08
2.30246484e-06	1.125917e-08
2.30248326e-06	1.126319e-08
2.30250168e-06	1.132694e-08
2.30252010e-06	1.135368e-08
2.30253852e-06	1.128526e-08
2.30255694e-06	1.130581e-08
2.30257536e-06	1.121854e-08
2.30259378e-06	1.125851e-08
2.30261220e-06	1.121116e-08
2.30263062e-06	1.129144e-08
2.30264904e-06	1.124978e-08
2.30266747e-06	1.120620e-08
2.30268589e-06	1.117807e-08
2.30270431e-06	1.125477e-08
2.30272273e-06	1.121001e-08
2.30274115e-06	1.107820e-08
2.30275957e-06	1.108945e-08
2.30277800e-06	1.103516e-08
2.30279642e-06	1.099514e-08
2.30281484e-06	1.103409e-08
2.30283326e-06	1.118028e-08
2.30285168e-06	1.119294e-08
2.30287011e-06	1.112463e-08
2.30288853e-06	1.112753e-08
2.30290695e-06	1.113359e-08
2.30292538e-06	1.104179e-08
2.30294380e-06	1.090526e-08
2.30296222e-06	1.103437e-08
2.30298065e-06	1.247930e-08
2.30299907e-06	1.136721e-08
2.30301750e-06	1.098850e-08
2.30303592e-06	1.106710e-08
2.30305434e-06	1.111682e-08
2.30307277e-06	1.114030e-08
2.30309119e-06	1.116080e-08
2.30310962e-06	1.116681e-08
2.30312804e-06	1.111693e-08
2.30314647e-06	1.121080e-08
2.30316489e-06	1.126749e-08
2.30318332e-06	1.118371e-08
2.30320174e-06	1.098485e-08
2.30322017e-06	1.096000e-08
2.30323860e-06	1.113982e-08
2.30325702e-06	1.127139e-08
2.30327545e-06	1.129049e-08
2.30329387e-06	1.118765e-08
2.30331230e-06	1.104940e-08
2.30333073e-06	1.106607e-08
2.30334915e-06	1.111330e-08
2.30336758e-06	1.121449e-08
2.30338601e-06	1.123235e-08
2.30340443e-06	1.121949e-08
2.30342286e-06	1.123261e-08
2.30344129e-06	1.131872e-08
2.30345972e-06	1.129433e-08
2.30347814e-06	1.135973e-08
2.30349657e-06	1.136841e-08
2.30351500e-06	1.133383e-08
2.30353343e-06	1.126521e-08
2.30355186e-06	1.125400e-08
2.30357028e-06	1.121697e-08
2.30358871e-06	1.109471e-08
2.30360714e-06	1.113802e-08
2.30362557e-06	1.121358e-08
2.30364400e-06	1.118523e-08
2.30366243e-06	1.121209e-08
2.30368086e-06	1.118708e-08
2.30369929e-06	1.121105e-08
2.30371772e-06	1.116095e-08
2.30373615e-06	1.112055e-08
2.30375458e-06	1.110760e-08
2.30377301e-06	1.107971e-08
2.30379144e-06	1.110154e-08
2.30380987e-06	1.109055e-08
2.30382830e-06	1.103627e-08
2.30384673e-06	1.082242e-08
2.30386516e-06	1.233096e-08
2.30388359e-06	1.187862e-08
2.30390202e-06	1.110880e-08
2.30392045e-06	1.102449e-08
2.30393888e-06	1.110345e-08
2.30395731e-06	1.116171e-08
2.30397575e-06	1.120753e-08
2.30399418e-06	1.114212e-08
2.30401261e-06	1.116565e-08
2.30403104e-06	1.122349e-08
2.30404947e-06	1.121644e-08
2.30406791e-06	1.117632e-08
2.30408634e-06	1.118338e-08
2.30410477e-06	1.116851e-08
2.30412321e-06	1.119477e-08
2.30414164e-06	1.118747e-08
2.30416007e-06	1.116028e-08
2.30417850e-06	1.119322e-08
2.30419694e-06	1.126416e-08
2.30421537e-06	1.109592e-08
2.30423381e-06	1.112727e-08
2.30425224e-06	1.126198e-08
2.30427067e-06	1.122086e-08
2.30428911e-06	1.119415e-08
2.30430754e-06	1.121254e-08
2.30432598e-06	1.117924e-08
2.30434441e-06	1.131276e-08
2.30436285e-06	1.138359e-08
2.30438128e-06	1.134665e-08
2.30439971e-06	1.126992e-08
2.30441815e-06	1.134842e-08
2.30443659e-06	1.133543e-08
2.30445502e-06	1.122205e-08
2.30447346e-06	1.112734e-08
2.30449189e-06	1.104409e-08
2.30451033e-06	1.124947e-08
2.30452877e-06	1.123528e-08
2.30454720e-06	1.123216e-08
2.30456564e-06	1.127399e-08
2.30458407e-06	1.132531e-08
2.30460251e-06	1.130615e-08
2.30462095e-06	1.122243e-08
2.30463938e-06	1.118246e-08
2.30465782e-06	1.122943e-08
2.30467626e-06	1.118409e-08
2.30469470e-06	1.115398e-08
2.30471313e-06	1.107029e-08
2.30473157e-06	1.103225e-08
2.30475001e-06	1.101511e-08
2.30476845e-06	1.086429e-08
2.30478688e-06	1.111368e-08
2.30480532e-06	1.248041e-08
2.30482376e-06	1.084928e-08
2.30484220e-06	1.087300e-08
2.30486064e-06	1.099508e-08
2.30487908e-06	1.103804e-08
2.30489752e-06	1.106539e-08
2.30491596e-06	1.106228e-08
2.30493440e-06	1.104340e-08
2.30495284e-06	1.101222e-08
2.30497128e-06	1.094984e-08
2.30498972e-06	1.100193e-08
2.30500815e-06	1.114453e-08
2.30502660e-06	1.115444e-08
2.30504504e-06	1.108594e-08
2.30506347e-06	1.116309e-08
2.30508192e-06	1.122185e-08
2.30510036e-06	1.121697e-08
2.30511880e-06	1.118778e-08
2.30513724e-06	1.124888e-08
2.30515568e-06	1.129527e-08
2.30517412e-06	1.127297e-08
2.30519256e-06	1.129173e-08
2.30521100e-06	1.121083e-08
2.30522944e-06	1.123319e-08
2.30524789e-06	1.116255e-08
2.30526633e-06	1.121913e-08
2.30528477e-06	1.125440e-08
2.30530321e-06	1.119991e-08
2.30532166e-06	1.104284e-08
2.30534010e-06	1.110228e-08
2.30535854e-06	1.122609e-08
2.30537698e-06	1.112944e-08
2.30539543e-06	1.101684e-08
2.30541387e-06	1.111722e-08
2.30543231e-06	1.100467e-08
2.30545076e-06	1.106504e-08
2.30546920e-06	1.108758e-08
2.30548764e-06	1.111036e-08
2.30550609e-06	1.108067e-08
2.30552453e-06	1.117523e-08
2.30554298e-06	1.117132e-08
2.30556142e-06	1.116853e-08
2.30557987e-06	1.118880e-08
2.30559831e-06	1.110175e-08
2.30561675e-06	1.098039e-08
2.30563520e-06	1.103248e-08
2.30565365e-06	1.117380e-08
2.30567209e-06	1.095332e-08
2.30569054e-06	1.096537e-08
2.30570898e-06	1.098760e-08
2.30572743e-06	1.101142e-08
2.30574587e-06	1.084295e-08
2.30576432e-06	1.190556e-08
2.30578276e-06	1.236067e-08
2.30580121e-06	1.075367e-08
2.30581966e-06	1.088041e-08
2.30583810e-06	1.098462e-08
2.30585655e-06	1.107593e-08
2.30587500e-06	1.117659e-08
2.30589344e-06	1.102883e-08
2.30591189e-06	1.108959e-08
2.30593034e-06	1.117120e-08
2.30594879e-06	1.117856e-08
2.30596723e-06	1.117176e-08
2.30598568e-06	1.112675e-08
2.30600413e-06	1.122116e-08
2.30602258e-06	1.132318e-08
2.30604102e-06	1.132433e-08
2.30605947e-06	1.132279e-08
2.30607792e-06	1.131376e-08
2.30609637e-06	1.129797e-08
2.30611482e-06	1.125406e-08
2.30613327e-06	1.117856e-08
2.30615172e-06	1.116677e-08
2.30617017e-06	1.129274e-08
2.30618862e-06	1.127351e-08
2.30620707e-06	1.119024e-08
2.30622551e-06	1.123600e-08
2.30624396e-06	1.131275e-08
2.30626241e-06	1.130017e-08
2.30628087e-06	1.125373e-08
2.30629932e-06	1.127167e-08
2.30631777e-06	1.132545e-08
2.30633622e-06	1.122243e-08
2.30635467e-06	1.107369e-08
2.30637312e-06	1.118462e-08
2.30639157e-06	1.118013e-08
2.30641002e-06	1.121300e-08
2.30642847e-06	1.118681e-08
2.30644692e-06	1.101029e-08
2.30646537e-06	1.105428e-08
2.30648383e-06	1.115134e-08
2.30650228e-06	1.101284e-08
2.30652073e-06	1.094553e-08
2.30653918e-06	1.113315e-08
2.30655763e-06	1.116904e-08
2.30657609e-06	1.113135e-08
2.30659454e-06	1.104921e-08
2.30661299e-06	1.109175e-08
2.30663144e-06	1.098831e-08
2.30664990e-06	1.099514e-08
2.30666835e-06	1.113572e-08
2.30668681e-06	1.100858e-08
2.30670526e-06	1.107082e-08
2.30672371e-06	1.105512e-08
2.30674217e-06	1.089303e-08
2.30676062e-06	1.086430e-08
2.30677907e-06	1.218027e-08
2.30679753e-06	1.221803e-08
2.30681598e-06	1.073707e-08
2.30683444e-06	1.097338e-08
2.30685289e-06	1.106708e-08
2.30687135e-06	1.110719e-08
2.30688980e-06	1.106316e-08
2.30690826e-06	1.105806e-08
2.30692671e-06	1.117285e-08
2.30694517e-06	1.122962e-08
2.30696362e-06	1.123552e-08
2.30698208e-06	1.117525e-08
2.30700053e-06	1.112946e-08
2.30701899e-06	1.128547e-08
2.30703745e-06	1.126067e-08
2.30705590e-06	1.121406e-08
2.30707436e-06	1.129005e-08
2.30709282e-06	1.127331e-08
2.30711127e-06	1.128227e-08
2.30712973e-06	1.126065e-08
2.30714819e-06	1.130204e-08
2.30716664e-06	1.123352e-08
2.30718510e-06	1.128538e-08
2.30720356e-06	1.134702e-08
2.30722202e-06	1.131180e-08
2.30724047e-06	1.127190e-08
2.30725893e-06	1.123873e-08
2.30727739e-06	1.124175e-08
2.30729585e-06	1.116352e-08
2.30731431e-06	1.111707e-08
2.30733277e-06	1.122502e-08
2.30735122e-06	1.127854e-08
2.30736968e-06	1.120718e-08
2.30738814e-06	1.110664e-08
2.30740660e-06	1.122152e-08
2.30742506e-06	1.127857e-08
2.30744352e-06	1.125062e-08
2.30746198e-06	1.125903e-08
2.30748044e-06	1.128346e-08
2.30749890e-06	1.124142e-08
2.30751736e-06	1.116959e-08
2.30753582e-06	1.119087e-08
2.30755428e-06	1.116624e-08
2.30757274e-06	1.109517e-08
2.30759120e-06	1.104810e-08
2.30760966e-06	1.104874e-08
2.30762812e-06	1.108928e-08
2.30764658e-06	1.131213e-08
2.30766504e-06	1.100229e-08
2.30768351e-06	1.100204e-08
2.30770197e-06	1.098193e-08
2.30772043e-06	1.096925e-08
2.30773889e-06	1.097786e-08
2.30775735e-06	1.097671e-08
2.30777581e-06	1.094348e-08
2.30779428e-06	1.098407e-08
2.30781274e-06	1.087171e-08
2.30783120e-06	1.211249e-08
2.30784966e-06	1.224648e-08
2.30786813e-06	1.071431e-08
2.30788659e-06	1.088396e-08
2.30790505e-06	1.092928e-08
2.30792352e-06	1.099589e-08
2.30794198e-06	1.113227e-08
2.30796044e-06	1.114420e-08
2.30797891e-06	1.119659e-08
2.30799737e-06	1.120791e-08
2.30801583e-06	1.119096e-08
2.30803430e-06	1.101268e-08
2.30805276e-06	1.095581e-08
2.30807123e-06	1.099091e-08
2.30808969e-06	1.117136e-08
2.30810816e-06	1.129202e-08
2.30812662e-06	1.128399e-08
2.30814509e-06	1.132507e-08
2.30816355e-06	1.134264e-08
2.30818202e-06	1.126364e-08
2.30820048e-06	1.114637e-08
2.30821895e-06	1.112889e-08
2.30823741e-06	1.127555e-08
2.30825588e-06	1.130493e-08
2.30827434e-06	1.122815e-08
2.30829281e-06	1.122230e-08
2.30831128e-06	1.129193e-08
2.30832974e-06	1.125267e-08
2.30834821e-06	1.119803e-08
2.30836668e-06	1.119002e-08
2.30838514e-06	1.127758e-08
2.30840361e-06	1.135076e-08
2.30842208e-06	1.132829e-08
2.30844055e-06	1.131506e-08
2.30845901e-06	1.127639e-08
2.30847748e-06	1.117397e-08
2.30849595e-06	1.112775e-08
2.30851442e-06	1.111291e-08
2.30853288e-06	1.117275e-08
2.30855135e-06	1.120924e-08
2.30856982e-06	1.127791e-08
2.30858829e-06	1.132399e-08
2.30860676e-06	1.132572e-08
2.30862523e-06	1.126015e-08
2.30864370e-06	1.125285e-08
2.30866217e-06	1.126627e-08
2.30868063e-06	1.129288e-08
2.30869911e-06	1.131184e-08
2.30871757e-06	1.125385e-08
2.30873604e-06	1.121229e-08
2.30875451e-06	1.123032e-08
2.30877298e-06	1.123212e-08
2.30879145e-06	1.122960e-08
2.30880992e-06	1.118187e-08
2.30882840e-06	1.114640e-08
2.30884687e-06	1.108943e-08
2.30886534e-06	1.099597e-08
2.30888381e-06	1.095019e-08
2.30890228e-06	1.087382e-08
2.30892075e-06	1.172749e-08
2.30893922e-06	1.240651e-08
2.30895769e-06	1.079994e-08
2.30897616e-06	1.093585e-08
2.30899464e-06	1.101698e-08
2.30901311e-06	1.103568e-08
2.30903158e-06	1.107905e-08
2.30905005e-06	1.114319e-08
2.30906852e-06	1.107228e-08
2.30908700e-06	1.104720e-08
2.30910547e-06	1.109852e-08
2.30912394e-06	1.102991e-08
2.30914242e-06	1.114061e-08
2.30916089e-06	1.114206e-08
2.30917936e-06	1.111480e-08
2.30919784e-06	1.098109e-08
2.30921631e-06	1.099411e-08
2.30923478e-06	1.112265e-08
2.30925326e-06	1.115080e-08
2.30927173e-06	1.125593e-08
2.30929021e-06	1.129144e-08
2.30930868e-06	1.129972e-08
2.30932715e-06	1.128895e-08
2.30934563e-06	1.117925e-08
2.30936410e-06	1.106672e-08
2.30938258e-06	1.109019e-08
2.30940105e-06	1.119575e-08
2.30941953e-06	1.129141e-08
2.30943800e-06	1.125912e-08
2.30945648e-06	1.122327e-08
2.30947495e-06	1.119483e-08
2.30949343e-06	1.117142e-08
2.30951191e-06	1.113978e-08
2.30953038e-06	1.111259e-08
2.30954886e-06	1.115592e-08
2.30956733e-06	1.117636e-08
2.30958581e-06	1.122183e-08
2.30960429e-06	1.115566e-08
2.30962277e-06	1.109374e-08
2.30964124e-06	1.095526e-08
2.30965972e-06	1.097181e-08
2.30967820e-06	1.122645e-08
2.30969667e-06	1.098886e-08
2.30971515e-06	1.094993e-08
2.30973363e-06	1.096842e-08
2.30975211e-06	1.100304e-08
2.30977059e-06	1.107992e-08
2.30978906e-06	1.101135e-08
2.30980754e-06	1.093495e-08
2.30982602e-06	1.097587e-08
2.30984450e-06	1.102689e-08
2.30986298e-06	1.104340e-08
2.30988146e-06	1.112954e-08
2.30989994e-06	1.114426e-08
2.30991842e-06	1.112161e-08
2.30993689e-06	1.098115e-08
2.30995537e-06	1.102933e-08
2.30997385e-06	1.104273e-08
2.30999233e-06	1.106326e-08
2.31001081e-06	1.101738e-08
2.31002929e-06	1.080799e-08
2.31004777e-06	1.086948e-08
2.31006625e-06	1.247799e-08
2.31008473e-06	1.110583e-08
2.31010321e-06	1.082906e-08
2.31012170e-06	1.093429e-08
2.31014018e-06	1.091158e-08
2.31015866e-06	1.095592e-08
2.31017714e-06	1.109377e-08
2.31019562e-06	1.107549e-08
2.31021410e-06	1.099625e-08
2.31023258e-06	1.107545e-08
2.31025107e-06	1.116178e-08
2.31026955e-06	1.118296e-08
2.31028803e-06	1.126448e-08
2.31030651e-06	1.123501e-08
2.31032499e-06	1.112199e-08
2.31034348e-06	1.114410e-08
2.31036196e-06	1.125084e-08
2.31038044e-06	1.115859e-08
2.31039893e-06	1.112184e-08
2.31041741e-06	1.117976e-08
2.31043589e-06	1.120039e-08
2.31045438e-06	1.110671e-08
2.31047286e-06	1.109172e-08
2.31049134e-06	1.116189e-08
2.31050983e-06	1.113538e-08
2.31052831e-06	1.123492e-08
2.31054680e-06	1.124298e-08
2.31056528e-06	1.121270e-08
2.31058377e-06	1.118615e-08
2.31060225e-06	1.128061e-08
2.31062073e-06	1.133195e-08
2.31063922e-06	1.135815e-08
2.31065770e-06	1.136023e-08
2.31067619e-06	1.132314e-08
2.31069467e-06	1.114908e-08
2.31071316e-06	1.123515e-08
2.31073165e-06	1.114715e-08
2.31075013e-06	1.113143e-08
2.31076862e-06	1.105267e-08
2.31078710e-06	1.113960e-08
2.31080559e-06	1.119136e-08
2.31082408e-06	1.121449e-08
2.31084256e-06	1.124019e-08
2.31086105e-06	1.118487e-08
2.31087954e-06	1.122210e-08
2.31089802e-06	1.115980e-08
2.31091651e-06	1.104339e-08
2.31093500e-06	1.104442e-08
2.31095349e-06	1.110137e-08
2.31097197e-06	1.108940e-08
2.31099046e-06	1.106480e-08
2.31100895e-06	1.099011e-08
2.31102744e-06	1.090929e-08
2.31104593e-06	1.113358e-08
2.31106441e-06	1.110732e-08
2.31108290e-06	1.117500e-08
2.31110139e-06	1.118984e-08
2.31111988e-06	1.107577e-08
2.31113837e-06	1.096516e-08
2.31115686e-06	1.090375e-08
2.31117535e-06	1.095329e-08
2.31119384e-06	1.121833e-08
2.31121233e-06	1.100126e-08
2.31123082e-06	1.209164e-08
2.31124931e-06	1.221774e-08
2.31126780e-06	1.074972e-08
2.31128629e-06	1.090834e-08
2.31130478e-06	1.103397e-08
2.31132327e-06	1.106445e-08
2.31134176e-06	1.108996e-08
2.31136025e-06	1.113053e-08
2.31137874e-06	1.114463e-08
2.31139723e-06	1.115578e-08
2.31141572e-06	1.110665e-08
2.31143421e-06	1.106943e-08
2.31145270e-06	1.116914e-08
2.31147120e-06	1.112363e-08
2.31148969e-06	1.115087e-08
2.31150818e-06	1.113239e-08
2.31152667e-06	1.110613e-08
2.31154516e-06	1.100067e-08
2.31156366e-06	1.107746e-08
2.31158215e-06	1.091142e-08
2.31160064e-06	1.092181e-08
2.31161913e-06	1.088235e-08
2.31163763e-06	1.097315e-08
2.31165612e-06	1.106258e-08
2.31167461e-06	1.093415e-08
2.31169311e-06	1.102894e-08
2.31171160e-06	1.110175e-08
2.31173009e-06	1.109444e-08
2.31174859e-06	1.116105e-08
2.31176708e-06	1.119252e-08
2.31178558e-06	1.109909e-08
2.31180407e-06	1.116348e-08
2.31182257e-06	1.124501e-08
2.31184106e-06	1.120528e-08
2.31185955e-06	1.121893e-08
2.31187805e-06	1.112613e-08
2.31189654e-06	1.084846e-08
2.31191504e-06	1.090252e-08
2.31193353e-06	1.112223e-08
2.31195203e-06	1.109620e-08
2.31197052e-06	1.120860e-08
2.31198902e-06	1.127947e-08
2.31200752e-06	1.120521e-08
2.31202601e-06	1.119877e-08
2.31204451e-06	1.111695e-08
2.31206301e-06	1.114297e-08
2.31208150e-06	1.119410e-08
2.31210000e-06	1.127144e-08
2.31211850e-06	1.113285e-08
2.31213699e-06	1.103627e-08
2.31215549e-06	1.119893e-08
2.31217399e-06	1.115809e-08
2.31219248e-06	1.097602e-08
2.31221098e-06	1.111498e-08
2.31222948e-06	1.112110e-08
2.31224798e-06	1.112333e-08
2.31226648e-06	1.117126e-08
2.31228497e-06	1.108723e-08
2.31230347e-06	1.102316e-08
2.31232197e-06	1.106829e-08
2.31234047e-06	1.103267e-08
2.31235897e-06	1.101679e-08
2.31237747e-06	1.103791e-08
2.31239596e-06	1.101506e-08
2.31241446e-06	1.083208e-08
2.31243296e-06	1.075377e-08
2.31245146e-06	1.244939e-08
2.31246996e-06	1.136120e-08
2.31248846e-06	1.082886e-08
2.31250696e-06	1.091528e-08
2.31252546e-06	1.100400e-08
2.31254396e-06	1.108120e-08
2.31256246e-06	1.111118e-08
2.31258096e-06	1.117420e-08
2.31259946e-06	1.115160e-08
2.31261796e-06	1.120696e-08
2.31263647e-06	1.121115e-08
2.31265497e-06	1.117620e-08
2.31267347e-06	1.120907e-08
2.31269197e-06	1.124677e-08
2.31271047e-06	1.118464e-08
2.31272897e-06	1.117059e-08
2.31274748e-06	1.123350e-08
2.31276598e-06	1.119407e-08
2.31278448e-06	1.124304e-08
2.31280298e-06	1.126771e-08
2.31282148e-06	1.120652e-08
2.31283999e-06	1.104910e-08
2.31285849e-06	1.097384e-08
2.31287699e-06	1.116915e-08
2.31289550e-06	1.118335e-08
2.31291400e-06	1.117594e-08
2.31293250e-06	1.115726e-08
2.31295100e-06	1.122478e-08
2.31296951e-06	1.124587e-08
2.31298801e-06	1.130336e-08
2.31300652e-06	1.116379e-08
2.31302502e-06	1.119174e-08
2.31304352e-06	1.118804e-08
2.31306203e-06	1.110112e-08
2.31308053e-06	1.114574e-08
2.31309904e-06	1.108480e-08
2.31311754e-06	1.093604e-08
2.31313605e-06	1.092137e-08
2.31315455e-06	1.104368e-08
2.31317306e-06	1.106161e-08
2.31319156e-06	1.116398e-08
2.31321007e-06	1.116245e-08
2.31322857e-06	1.105065e-08
2.31324708e-06	1.105013e-08
2.31326559e-06	1.111635e-08
2.31328409e-06	1.116107e-08
2.31330260e-06	1.118691e-08
2.31332111e-06	1.121125e-08
2.31333961e-06	1.126668e-08
2.31335812e-06	1.128031e-08
2.31337662e-06	1.120967e-08
2.31339513e-06	1.120560e-08
2.31341364e-06	1.121688e-08
2.31343215e-06	1.119285e-08
2.31345065e-06	1.113259e-08
2.31346916e-06	1.112968e-08
2.31348767e-06	1.117014e-08
2.31350618e-06	1.121939e-08
2.31352469e-06	1.119407e-08
2.31354319e-06	1.114977e-08
2.31356170e-06	1.106059e-08
2.31358021e-06	1.113527e-08
2.31359872e-06	1.112014e-08
2.31361723e-06	1.110125e-08
2.31363574e-06	1.102009e-08
2.31365425e-06	1.093275e-08
2.31367275e-06	1.083985e-08
2.31369127e-06	1.112341e-08
2.31370977e-06	1.243592e-08
2.31372828e-06	1.079320e-08
2.31374679e-06	1.074665e-08
2.31376530e-06	1.097484e-08
2.31378381e-06	1.102232e-08
2.31380232e-06	1.100307e-08
2.31382083e-06	1.106739e-08
2.31383935e-06	1.109351e-08
2.31385786e-06	1.115126e-08
2.31387637e-06	1.113751e-08
2.31389488e-06	1.113207e-08
2.31391339e-06	1.115367e-08
2.31393190e-06	1.112578e-08
2.31395041e-06	1.103341e-08
2.31396892e-06	1.105225e-08
2.31398744e-06	1.110180e-08
2.31400595e-06	1.108173e-08
2.31402446e-06	1.104598e-08
2.31404297e-06	1.110022e-08
2.31406148e-06	1.111096e-08
2.31408000e-06	1.105060e-08
2.31409851e-06	1.108082e-08
2.31411702e-06	1.101631e-08
2.31413553e-06	1.116995e-08
2.31415405e-06	1.123009e-08
2.31417256e-06	1.124477e-08
2.31419107e-06	1.123449e-08
2.31420959e-06	1.129763e-08
2.31422810e-06	1.123910e-08
2.31424662e-06	1.113409e-08
2.31426513e-06	1.121011e-08
2.31428364e-06	1.126355e-08
2.31430216e-06	1.125776e-08
2.31432067e-06	1.118901e-08
2.31433919e-06	1.119167e-08
2.31435770e-06	1.119671e-08
2.31437622e-06	1.099961e-08
2.31439473e-06	1.095690e-08
2.31441325e-06	1.118787e-08
2.31443176e-06	1.121373e-08
2.31445028e-06	1.125727e-08
2.31446879e-06	1.115933e-08
2.31448731e-06	1.108749e-08
2.31450582e-06	1.118628e-08
2.31452434e-06	1.118923e-08
2.31454286e-06	1.111733e-08
2.31456137e-06	1.119875e-08
2.31457989e-06	1.121079e-08
2.31459841e-06	1.118445e-08
2.31461692e-06	1.110553e-08
2.31463544e-06	1.091057e-08
2.31465396e-06	1.091474e-08
2.31467247e-06	1.109609e-08
2.31469099e-06	1.119315e-08
2.31470951e-06	1.100867e-08
2.31472803e-06	1.106026e-08
2.31474654e-06	1.108985e-08
2.31476506e-06	1.111762e-08
2.31478358e-06	1.111995e-08
2.31480210e-06	1.109169e-08
2.31482062e-06	1.109411e-08
2.31483913e-06	1.106761e-08
2.31485765e-06	1.105772e-08
2.31487617e-06	1.105883e-08
2.31489469e-06	1.104210e-08
2.31491321e-06	1.093368e-08
2.31493173e-06	1.091731e-08
2.31495025e-06	1.089663e-08
2.31496877e-06	1.102436e-08
2.31498729e-06	1.163067e-08
2.31500581e-06	1.241641e-08
2.31502433e-06	1.073424e-08
2.31504285e-06	1.078307e-08
2.31506137e-06	1.095163e-08
2.31507989e-06	1.098147e-08
2.31509841e-06	1.101129e-08
2.31511693e-06	1.102512e-08
2.31513545e-06	1.105094e-08
2.31515397e-06	1.111269e-08
2.31517250e-06	1.117034e-08
2.31519102e-06	1.114669e-08
2.31520954e-06	1.113104e-08
2.31522806e-06	1.103133e-08
2.31524658e-06	1.101838e-08
2.31526510e-06	1.096304e-08
2.31528362e-06	1.092807e-08
2.31530215e-06	1.109890e-08
2.31532067e-06	1.099542e-08
2.31533919e-06	1.111880e-08
2.31535771e-06	1.115595e-08
2.31537624e-06	1.118427e-08
2.31539476e-06	1.119034e-08
2.31541328e-06	1.119717e-08
2.31543181e-06	1.117892e-08
2.31545033e-06	1.120289e-08
2.31546885e-06	1.112151e-08
2.31548738e-06	1.111511e-08
2.31550590e-06	1.122204e-08
2.31552443e-06	1.124239e-08
2.31554295e-06	1.119535e-08
2.31556148e-06	1.115985e-08
2.31558000e-06	1.121793e-08
2.31559852e-06	1.113601e-08
2.31561705e-06	1.114780e-08
2.31563557e-06	1.120915e-08
2.31565410e-06	1.113935e-08
2.31567262e-06	1.118978e-08
2.31569115e-06	1.105911e-08
2.31570967e-06	1.099485e-08
2.31572820e-06	1.110470e-08
2.31574673e-06	1.114812e-08
2.31576525e-06	1.106682e-08
2.31578378e-06	1.112406e-08
2.31580231e-06	1.102528e-08
2.31582083e-06	1.080009e-08
2.31583936e-06	1.105620e-08
2.31585788e-06	1.114939e-08
2.31587641e-06	1.111183e-08
2.31589494e-06	1.119839e-08
2.31591347e-06	1.111892e-08
2.31593199e-06	1.126806e-08
2.31595052e-06	1.124272e-08
2.31596905e-06	1.117500e-08
2.31598758e-06	1.119308e-08
2.31600610e-06	1.113416e-08
2.31602463e-06	1.117599e-08
2.31604316e-06	1.113524e-08
2.31606169e-06	1.114228e-08
2.31608022e-06	1.128315e-08
2.31609875e-06	1.122258e-08
2.31611727e-06	1.111956e-08
2.31613580e-06	1.111406e-08
2.31615433e-06	1.110466e-08
2.31617286e-06	1.099923e-08
2.31619139e-06	1.102230e-08
2.31620992e-06	1.110919e-08
2.31622845e-06	1.103472e-08
2.31624698e-06	1.100931e-08
2.31626551e-06	1.099338e-08
2.31628404e-06	1.097572e-08
2.31630257e-06	1.090982e-08
2.31632110e-06	1.105272e-08
2.31633963e-06	1.244206e-08
2.31635816e-06	1.078557e-08
2.31637669e-06	1.083901e-08
2.31639522e-06	1.097622e-08
2.31641375e-06	1.104082e-08
2.31643229e-06	1.105325e-08
2.31645082e-06	1.105367e-08
2.31646935e-06	1.105027e-08
2.31648788e-06	1.110798e-08
2.31650641e-06	1.115029e-08
2.31652494e-06	1.108899e-08
2.31654348e-06	1.096175e-08
2.31656201e-06	1.089639e-08
2.31658054e-06	1.090360e-08
2.31659908e-06	1.105559e-08
2.31661761e-06	1.111735e-08
2.31663614e-06	1.117098e-08
2.31665467e-06	1.121367e-08
2.31667321e-06	1.116562e-08
2.31669174e-06	1.106311e-08
2.31671027e-06	1.112359e-08
2.31672881e-06	1.115540e-08
2.31674734e-06	1.119097e-08
2.31676587e-06	1.116932e-08
2.31678441e-06	1.122788e-08
2.31680294e-06	1.115401e-08
2.31682148e-06	1.104697e-08
2.31684001e-06	1.104184e-08
2.31685855e-06	1.108884e-08
2.31687708e-06	1.119855e-08
2.31689562e-06	1.120863e-08
2.31691415e-06	1.125756e-08
2.31693269e-06	1.125874e-08
2.31695122e-06	1.128036e-08
2.31696976e-06	1.122865e-08
2.31698830e-06	1.102399e-08
2.31700683e-06	1.102381e-08
2.31702537e-06	1.110285e-08
2.31704390e-06	1.109402e-08
2.31706244e-06	1.115420e-08
2.31708098e-06	1.119897e-08
2.31709951e-06	1.122552e-08
2.31711805e-06	1.117508e-08
2.31713659e-06	1.102863e-08
2.31715512e-06	1.096142e-08
2.31717366e-06	1.092273e-08
2.31719220e-06	1.107545e-08
2.31721073e-06	1.116979e-08
2.31722927e-06	1.106215e-08
2.31724781e-06	1.106536e-08
2.31726635e-06	1.109981e-08
2.31728489e-06	1.106219e-08
2.31730342e-06	1.120084e-08
2.31732196e-06	1.118743e-08
2.31734050e-06	1.112724e-08
2.31735904e-06	1.119021e-08
2.31737758e-06	1.117897e-08
2.31739612e-06	1.107084e-08
2.31741466e-06	1.102002e-08
2.31743320e-06	1.112886e-08
2.31745174e-06	1.107671e-08
2.31747028e-06	1.110510e-08
2.31748882e-06	1.098201e-08
2.31750736e-06	1.098035e-08
2.31752590e-06	1.102843e-08
2.31754444e-06	1.102873e-08
2.31756298e-06	1.093848e-08
2.31758152e-06	1.089388e-08
2.31760006e-06	1.122796e-08
2.31761860e-06	1.128187e-08
2.31763714e-06	1.086035e-08
2.31765568e-06	1.080284e-08
2.31767422e-06	1.079624e-08
2.31769276e-06	1.075027e-08
2.31771131e-06	1.236011e-08
2.31772985e-06	1.129560e-08
2.31774839e-06	1.086686e-08
2.31776693e-06	1.090249e-08
2.31778547e-06	1.101757e-08
2.31780401e-06	1.099246e-08
2.31782256e-06	1.096515e-08
2.31784110e-06	1.104526e-08
2.31785964e-06	1.111712e-08
2.31787819e-06	1.115849e-08
2.31789673e-06	1.112304e-08
2.31791527e-06	1.116385e-08
2.31793381e-06	1.113019e-08
2.31795236e-06	1.113688e-08
2.31797090e-06	1.117581e-08
2.31798945e-06	1.120140e-08
2.31800799e-06	1.115863e-08
2.31802653e-06	1.112222e-08
2.31804508e-06	1.105731e-08
2.31806362e-06	1.114400e-08
2.31808217e-06	1.120026e-08
2.31810071e-06	1.112649e-08
2.31811926e-06	1.117135e-08
2.31813780e-06	1.115890e-08
2.31815635e-06	1.103393e-08
2.31817489e-06	1.104225e-08
2.31819344e-06	1.115935e-08
2.31821198e-06	1.109230e-08
2.31823053e-06	1.096932e-08
2.31824907e-06	1.093772e-08
2.31826762e-06	1.101949e-08
2.31828617e-06	1.105447e-08
2.31830471e-06	1.111255e-08
2.31832326e-06	1.116482e-08
2.31834181e-06	1.116489e-08
2.31836035e-06	1.102926e-08
2.31837890e-06	1.113102e-08
2.31839745e-06	1.126083e-08
2.31841599e-06	1.122970e-08
2.31843454e-06	1.115086e-08
2.31845309e-06	1.098284e-08
2.31847164e-06	1.091074e-08
2.31849018e-06	1.107458e-08
2.31850873e-06	1.093623e-08
2.31852728e-06	1.105600e-08
2.31854583e-06	1.106702e-08
2.31856438e-06	1.122928e-08
2.31858292e-06	1.120250e-08
2.31860147e-06	1.112082e-08
2.31862002e-06	1.112922e-08
2.31863857e-06	1.111975e-08
2.31865712e-06	1.120040e-08
2.31867567e-06	1.119210e-08
2.31869422e-06	1.113199e-08
2.31871277e-06	1.117981e-08
2.31873132e-06	1.128258e-08
2.31874987e-06	1.126715e-08
2.31876842e-06	1.126111e-08
2.31878697e-06	1.129768e-08
2.31880552e-06	1.122202e-08
2.31882407e-06	1.109510e-08
2.31884262e-06	1.119575e-08
2.31886117e-06	1.118280e-08
2.31887972e-06	1.111740e-08
2.31889827e-06	1.116819e-08
2.31891682e-06	1.122849e-08
2.31893538e-06	1.117886e-08
2.31895393e-06	1.114424e-08
2.31897248e-06	1.114339e-08
2.31899103e-06	1.114835e-08
2.31900958e-06	1.113546e-08
2.31902813e-06	1.109607e-08
2.31904669e-06	1.103244e-08
2.31906524e-06	1.100050e-08
2.31908379e-06	1.087614e-08
2.31910234e-06	1.071801e-08
2.31912090e-06	1.202331e-08
2.31913945e-06	1.210685e-08
2.31915800e-06	1.068882e-08
2.31917656e-06	1.079480e-08
2.31919511e-06	1.084456e-08
2.31921366e-06	1.095191e-08
2.31923222e-06	1.104755e-08
2.31925077e-06	1.108563e-08
2.31926932e-06	1.109563e-08
2.31928788e-06	1.105677e-08
2.31930643e-06	1.103389e-08
2.31932499e-06	1.117268e-08
2.31934354e-06	1.095911e-08
2.31936210e-06	1.100338e-08
2.31938065e-06	1.112427e-08
2.31939921e-06	1.118339e-08
2.31941776e-06	1.114677e-08
2.31943632e-06	1.113860e-08
2.31945487e-06	1.120721e-08
2.31947343e-06	1.102208e-08
2.31949198e-06	1.102391e-08
2.31951054e-06	1.107313e-08
2.31952910e-06	1.108817e-08
2.31954765e-06	1.108160e-08
2.31956621e-06	1.105465e-08
2.31958477e-06	1.098862e-08
2.31960332e-06	1.110841e-08
2.31962188e-06	1.113473e-08
2.31964044e-06	1.117814e-08
2.31965899e-06	1.116000e-08
2.31967755e-06	1.107652e-08
2.31969611e-06	1.097836e-08
2.31971466e-06	1.104127e-08
2.31973322e-06	1.121881e-08
2.31975178e-06	1.126562e-08
2.31977034e-06	1.128053e-08
2.31978890e-06	1.127481e-08
2.31980746e-06	1.129172e-08
2.31982601e-06	1.129539e-08
2.31984457e-06	1.126645e-08
2.31986313e-06	1.119541e-08
2.31988169e-06	1.115279e-08
2.31990025e-06	1.128481e-08
2.31991881e-06	1.130784e-08
2.31993737e-06	1.127007e-08
2.31995593e-06	1.119999e-08
2.31997449e-06	1.111470e-08
2.31999305e-06	1.100722e-08
2.32001161e-06	1.102948e-08
2.32003017e-06	1.100727e-08
2.32004873e-06	1.106625e-08
2.32006729e-06	1.107594e-08
2.32008585e-06	1.110846e-08
2.32010441e-06	1.122929e-08
2.32012297e-06	1.128465e-08
2.32014153e-06	1.127717e-08
2.32016009e-06	1.128440e-08
2.32017865e-06	1.125377e-08
2.32019721e-06	1.120608e-08
2.32021577e-06	1.109885e-08
2.32023434e-06	1.107395e-08
2.32025290e-06	1.093756e-08
2.32027146e-06	1.093949e-08
2.32029002e-06	1.100434e-08
2.32030858e-06	1.109677e-08
2.32032715e-06	1.104951e-08
2.32034571e-06	1.110047e-08
2.32036427e-06	1.106845e-08
2.32038284e-06	1.106174e-08
2.32040140e-06	1.101786e-08
2.32041996e-06	1.092590e-08
2.32043853e-06	1.099811e-08
2.32045709e-06	1.095380e-08
2.32047565e-06	1.093206e-08
2.32049422e-06	1.095023e-08
2.32051278e-06	1.097141e-08
2.32053135e-06	1.094479e-08
2.32054991e-06	1.085269e-08
2.32056847e-06	1.095719e-08
2.32058704e-06	1.241444e-08
2.32060560e-06	1.102024e-08
2.32062417e-06	1.095735e-08
2.32064273e-06	1.095851e-08
2.32066130e-06	1.101146e-08
2.32067986e-06	1.103494e-08
2.32069843e-06	1.105919e-08
2.32071699e-06	1.110303e-08
2.32073556e-06	1.107022e-08
2.32075413e-06	1.106588e-08
2.32077269e-06	1.104782e-08
2.32079126e-06	1.113337e-08
2.32080982e-06	1.122278e-08
2.32082839e-06	1.119843e-08
2.32084696e-06	1.119947e-08
2.32086552e-06	1.115367e-08
2.32088409e-06	1.108151e-08
2.32090266e-06	1.108178e-08
2.32092123e-06	1.112159e-08
2.32093979e-06	1.106818e-08
2.32095836e-06	1.107299e-08
2.32097693e-06	1.116792e-08
2.32099550e-06	1.121506e-08
2.32101406e-06	1.118619e-08
2.32103263e-06	1.115389e-08
2.32105120e-06	1.112204e-08
2.32106977e-06	1.121536e-08
2.32108834e-06	1.119763e-08
2.32110691e-06	1.116230e-08
2.32112547e-06	1.111353e-08
2.32114404e-06	1.107175e-08
2.32116261e-06	1.105040e-08
2.32118118e-06	1.098600e-08
2.32119975e-06	1.109477e-08
2.32121832e-06	1.095994e-08
2.32123689e-06	1.104550e-08
2.32125546e-06	1.113923e-08
2.32127403e-06	1.114817e-08
2.32129260e-06	1.111259e-08
2.32131117e-06	1.100269e-08
2.32132974e-06	1.102092e-08
2.32134831e-06	1.100355e-08
2.32136688e-06	1.104619e-08
2.32138545e-06	1.114933e-08
2.32140403e-06	1.122572e-08
2.32142260e-06	1.129297e-08
2.32144117e-06	1.133107e-08
2.32145974e-06	1.125184e-08
2.32147831e-06	1.118670e-08
2.32149688e-06	1.112323e-08
2.32151545e-06	1.111679e-08
2.32153403e-06	1.119541e-08
2.32155260e-06	1.124813e-08
2.32157117e-06	1.126893e-08
2.32158974e-06	1.127814e-08
2.32160832e-06	1.114934e-08
2.32162689e-06	1.105158e-08
2.32164546e-06	1.101653e-08
2.32166404e-06	1.103335e-08
2.32168261e-06	1.113100e-08
2.32170118e-06	1.115587e-08
2.32171976e-06	1.114915e-08
2.32173833e-06	1.119688e-08
2.32175690e-06	1.123629e-08
2.32177548e-06	1.110756e-08
2.32179405e-06	1.096686e-08
2.32181263e-06	1.117033e-08
2.32183120e-06	1.119812e-08
2.32184978e-06	1.110172e-08
2.32186835e-06	1.105678e-08
2.32188692e-06	1.111334e-08
2.32190550e-06	1.109172e-08
2.32192408e-06	1.100848e-08
2.32194265e-06	1.089682e-08
2.32196123e-06	1.097730e-08
2.32197980e-06	1.094814e-08
2.32199838e-06	1.103249e-08
2.32201695e-06	1.099223e-08
2.32203553e-06	1.085768e-08
2.32205411e-06	1.070056e-08
2.32207268e-06	1.174752e-08
2.32209126e-06	1.225752e-08
2.32210984e-06	1.067026e-08
2.32212841e-06	1.074904e-08
2.32214699e-06	1.086872e-08
2.32216557e-06	1.101463e-08
2.32218414e-06	1.102302e-08
2.32220272e-06	1.097112e-08
2.32222130e-06	1.099112e-08
2.32223988e-06	1.107073e-08
2.32225846e-06	1.108079e-08
2.32227703e-06	1.114988e-08
2.32229561e-06	1.118492e-08
2.32231419e-06	1.113045e-08
2.32233277e-06	1.112961e-08
2.32235135e-06	1.110233e-08
2.32236993e-06	1.105942e-08
2.32238850e-06	1.103305e-08
2.32240708e-06	1.111973e-08
2.32242566e-06	1.108907e-08
2.32244424e-06	1.109185e-08
2.32246282e-06	1.104586e-08
2.32248140e-06	1.105986e-08
2.32249998e-06	1.109516e-08
2.32251856e-06	1.115530e-08
2.32253714e-06	1.116184e-08
2.32255572e-06	1.094113e-08
2.32257430e-06	1.080959e-08
2.32259288e-06	1.100647e-08
2.32261146e-06	1.102242e-08
2.32263005e-06	1.090964e-08
2.32264863e-06	1.179600e-08
2.32266721e-06	1.225334e-08
2.32268579e-06	1.212866e-08
2.32270437e-06	1.136661e-08
2.32272295e-06	1.187481e-08
2.32274153e-06	1.184682e-08
2.32276012e-06	1.197189e-08
2.32277870e-06	1.094647e-08
2.32279728e-06	1.100494e-08
2.32281586e-06	1.172646e-08
2.32283444e-06	1.135264e-08
2.32285303e-06	1.136375e-08
2.32287161e-06	1.201812e-08
2.32289019e-06	1.094811e-08
2.32290878e-06	1.099537e-08
2.32292736e-06	1.095026e-08
2.32294594e-06	1.109680e-08
2.32296453e-06	1.172069e-08
2.32298311e-06	1.098837e-08
2.32300169e-06	1.093711e-08
2.32302028e-06	1.212355e-08
2.32303886e-06	1.100176e-08
2.32305745e-06	1.104369e-08
2.32307603e-06	1.082392e-08
2.32309462e-06	1.086414e-08
2.32311320e-06	1.085431e-08
2.32313179e-06	1.144257e-08
2.32315037e-06	1.142569e-08
2.32316896e-06	1.097724e-08
2.32318754e-06	1.088826e-08
2.32320613e-06	1.173704e-08
2.32322471e-06	1.181107e-08
2.32324330e-06	1.098109e-08
2.32326188e-06	1.077984e-08
2.32328047e-06	1.074941e-08
2.32329906e-06	1.096542e-08
2.32331764e-06	1.098284e-08
2.32333623e-06	1.091631e-08
2.32335482e-06	1.138514e-08
2.32337340e-06	1.147618e-08
2.32339199e-06	1.107965e-08
2.32341058e-06	1.108822e-08
2.32342916e-06	1.092143e-08
2.32344775e-06	1.209457e-08
2.32346634e-06	1.128296e-08
2.32348493e-06	1.097634e-08
2.32350352e-06	1.097261e-08
2.32352210e-06	1.095373e-08
2.32354069e-06	1.092329e-08
2.32355928e-06	1.094951e-08
2.32357787e-06	1.083245e-08
2.32359646e-06	1.069434e-08
2.32361504e-06	1.213246e-08
2.32363363e-06	1.217161e-08
2.32365222e-06	1.066776e-08
2.32367081e-06	1.082208e-08
2.32368940e-06	1.084115e-08
2.32370799e-06	1.081945e-08
2.32372658e-06	1.206133e-08
2.32374517e-06	1.135459e-08
2.32376376e-06	1.099533e-08
2.32378235e-06	1.103271e-08
2.32380094e-06	1.092688e-08
2.32381953e-06	1.092509e-08
2.32383812e-06	1.104122e-08
2.32385671e-06	1.113186e-08
2.32387530e-06	1.117017e-08
2.32389389e-06	1.116244e-08
2.32391249e-06	1.112718e-08
2.32393108e-06	1.150994e-08
2.32394967e-06	1.117562e-08
2.32396826e-06	1.104917e-08
2.32398685e-06	1.098219e-08
2.32400544e-06	1.094309e-08
2.32402404e-06	1.114845e-08
2.32404263e-06	1.202473e-08
2.32406122e-06	1.162308e-08
2.32407981e-06	1.092244e-08
2.32409840e-06	1.099679e-08
2.32411700e-06	1.107108e-08
2.32413559e-06	1.113324e-08
2.32415418e-06	1.115173e-08
2.32417278e-06	1.111790e-08
2.32419137e-06	1.105883e-08
2.32420996e-06	1.116648e-08
2.32422856e-06	1.118565e-08
2.32424715e-06	1.119172e-08
2.32426575e-06	1.110307e-08
2.32428434e-06	1.161263e-08
2.32430293e-06	1.106225e-08
2.32432153e-06	1.114485e-08
2.32434012e-06	1.109265e-08
2.32435872e-06	1.106876e-08
2.32437731e-06	1.101893e-08
2.32439591e-06	1.130962e-08
2.32441450e-06	1.208529e-08
2.32443310e-06	1.089442e-08
2.32445169e-06	1.104750e-08
2.32447029e-06	1.101542e-08
2.32448888e-06	1.111792e-08
2.32450748e-06	1.117643e-08
2.32452608e-06	1.107900e-08
2.32454467e-06	1.104205e-08
2.32456327e-06	1.106058e-08
2.32458187e-06	1.113607e-08
2.32460046e-06	1.113011e-08
2.32461906e-06	1.098649e-08
2.32463766e-06	1.119738e-08
2.32465625e-06	1.114737e-08
2.32467485e-06	1.144209e-08
2.32469345e-06	1.122343e-08
2.32471205e-06	1.112529e-08
2.32473064e-06	1.105033e-08
2.32474924e-06	1.108835e-08
2.32476784e-06	1.108299e-08
2.32478644e-06	1.095192e-08
2.32480504e-06	1.201855e-08
2.32482363e-06	1.166549e-08
2.32484223e-06	1.100600e-08
2.32486083e-06	1.109418e-08
2.32487943e-06	1.107480e-08
2.32489803e-06	1.104258e-08
2.32491663e-06	1.103031e-08
2.32493523e-06	1.112994e-08
2.32495383e-06	1.115224e-08
2.32497243e-06	1.120203e-08
2.32499103e-06	1.116174e-08
2.32500963e-06	1.117058e-08
2.32502823e-06	1.109151e-08
2.32504683e-06	1.107352e-08
2.32506543e-06	1.106689e-08
2.32508403e-06	1.105914e-08
2.32510263e-06	1.097984e-08
2.32512123e-06	1.158389e-08
2.32513983e-06	1.090193e-08
2.32515843e-06	1.089011e-08
2.32517703e-06	1.074083e-08
2.32519563e-06	1.208193e-08
2.32521424e-06	1.183721e-08
2.32523284e-06	1.084146e-08
2.32525144e-06	1.216340e-08
2.32527004e-06	1.124631e-08
2.32528864e-06	1.090246e-08
2.32530725e-06	1.103072e-08
2.32532585e-06	1.102555e-08
2.32534445e-06	1.100455e-08
2.32536305e-06	1.105131e-08
2.32538166e-06	1.109560e-08
2.32540026e-06	1.103115e-08
2.32541886e-06	1.095797e-08
2.32543747e-06	1.110740e-08
2.32545607e-06	1.107304e-08
2.32547467e-06	1.110813e-08
2.32549328e-06	1.117487e-08
2.32551188e-06	1.115173e-08
2.32553048e-06	1.115919e-08
2.32554909e-06	1.115529e-08
2.32556769e-06	1.112730e-08
2.32558630e-06	1.116526e-08
2.32560490e-06	1.141005e-08
2.32562351e-06	1.106187e-08
2.32564211e-06	1.110931e-08
2.32566072e-06	1.103944e-08
2.32567932e-06	1.110751e-08
2.32569793e-06	1.104123e-08
2.32571654e-06	1.086147e-08
2.32573514e-06	1.218438e-08
2.32575375e-06	1.138804e-08
2.32577235e-06	1.099023e-08
2.32579096e-06	1.106022e-08
2.32580956e-06	1.108299e-08
2.32582817e-06	1.102220e-08
2.32584678e-06	1.096424e-08
2.32586538e-06	1.099829e-08
2.32588399e-06	1.101338e-08
2.32590260e-06	1.106721e-08
2.32592121e-06	1.113560e-08
2.32593981e-06	1.110360e-08
2.32595842e-06	1.105178e-08
2.32597703e-06	1.109563e-08
2.32599564e-06	1.107678e-08
2.32601424e-06	1.109591e-08
2.32603285e-06	1.107402e-08
2.32605146e-06	1.110607e-08
2.32607007e-06	1.113609e-08
2.32608868e-06	1.106440e-08
2.32610729e-06	1.113718e-08
2.32612590e-06	1.137284e-08
2.32614450e-06	1.112629e-08
2.32616311e-06	1.116255e-08
2.32618172e-06	1.111621e-08
2.32620033e-06	1.111014e-08
2.32621894e-06	1.108640e-08
2.32623755e-06	1.096388e-08
2.32625616e-06	1.197487e-08
2.32627477e-06	1.182748e-08
2.32629338e-06	1.091600e-08
2.32631199e-06	1.100879e-08
2.32633060e-06	1.101413e-08
2.32634921e-06	1.104925e-08
2.32636782e-06	1.109893e-08
2.32638643e-06	1.112227e-08
2.32640505e-06	1.110382e-08
2.32642366e-06	1.110863e-08
2.32644227e-06	1.098445e-08
2.32646088e-06	1.102894e-08
2.32647949e-06	1.115414e-08
2.32649810e-06	1.117474e-08
2.32651671e-06	1.113820e-08
2.32653533e-06	1.117490e-08
2.32655394e-06	1.113026e-08
2.32657255e-06	1.115174e-08
2.32659116e-06	1.116839e-08
2.32660978e-06	1.105778e-08
2.32662839e-06	1.091780e-08
2.32664700e-06	1.088152e-08
2.32666562e-06	1.102982e-08
2.32668423e-06	1.150140e-08
2.32670284e-06	1.098625e-08
2.32672146e-06	1.102759e-08
2.32674007e-06	1.100615e-08
2.32675869e-06	1.088699e-08
2.32677730e-06	1.077340e-08
2.32679591e-06	1.070021e-08
2.32681453e-06	1.199824e-08
2.32683314e-06	1.241923e-08
2.32685176e-06	1.074981e-08
2.32687037e-06	1.082189e-08
2.32688899e-06	1.092517e-08
2.32690760e-06	1.098394e-08
2.32692622e-06	1.098379e-08
2.32694483e-06	1.092057e-08
2.32696345e-06	1.096253e-08
2.32698206e-06	1.103841e-08
2.32700068e-06	1.115062e-08
2.32701930e-06	1.115721e-08
2.32703791e-06	1.119149e-08
2.32705653e-06	1.113207e-08
2.32707514e-06	1.117429e-08
2.32709376e-06	1.108958e-08
2.32711238e-06	1.101751e-08
2.32713099e-06	1.101042e-08
2.32714961e-06	1.102651e-08
2.32716823e-06	1.108927e-08
2.32718685e-06	1.107366e-08
2.32720546e-06	1.119138e-08
2.32722408e-06	1.123005e-08
2.32724270e-06	1.113873e-08
2.32726132e-06	1.117409e-08
2.32727993e-06	1.111277e-08
2.32729855e-06	1.142661e-08
2.32731717e-06	1.105088e-08
2.32733579e-06	1.114195e-08
2.32735441e-06	1.111489e-08
2.32737303e-06	1.112564e-08
2.32739165e-06	1.108672e-08
2.32741027e-06	1.096786e-08
2.32742888e-06	1.183949e-08
2.32744750e-06	1.200214e-08
2.32746612e-06	1.092199e-08
2.32748474e-06	1.106451e-08
2.32750336e-06	1.109531e-08
2.32752198e-06	1.114078e-08
2.32754060e-06	1.115049e-08
2.32755922e-06	1.112279e-08
2.32757784e-06	1.112420e-08
2.32759646e-06	1.107886e-08
2.32761509e-06	1.104089e-08
2.32763371e-06	1.111582e-08
2.32765233e-06	1.114388e-08
2.32767095e-06	1.106053e-08
2.32768957e-06	1.114905e-08
2.32770819e-06	1.123245e-08
2.32772681e-06	1.119549e-08
2.32774544e-06	1.119116e-08
2.32776406e-06	1.119928e-08
2.32778268e-06	1.115693e-08
2.32780130e-06	1.106950e-08
2.32781992e-06	1.091311e-08
2.32783855e-06	1.093396e-08
2.32785717e-06	1.097916e-08
2.32787579e-06	1.079999e-08
2.32789442e-06	1.094217e-08
2.32791304e-06	1.102027e-08
2.32793166e-06	1.098325e-08
2.32795028e-06	1.132896e-08
2.32796891e-06	1.098904e-08
2.32798753e-06	1.096213e-08
2.32800616e-06	1.104060e-08
2.32802478e-06	1.105378e-08
2.32804340e-06	1.098017e-08
2.32806203e-06	1.087899e-08
2.32808065e-06	1.201988e-08
2.32809928e-06	1.189740e-08
2.32811790e-06	1.090832e-08
2.32813653e-06	1.102038e-08
2.32815515e-06	1.109739e-08
2.32817378e-06	1.110450e-08
2.32819240e-06	1.103926e-08
2.32821103e-06	1.111880e-08
2.32822965e-06	1.111228e-08
2.32824828e-06	1.115875e-08
2.32826691e-06	1.113855e-08
2.32828553e-06	1.107561e-08
2.32830416e-06	1.101912e-08
2.32832279e-06	1.105205e-08
2.32834141e-06	1.107004e-08
2.32836004e-06	1.105339e-08
2.32837867e-06	1.103743e-08
2.32839729e-06	1.093121e-08
2.32841592e-06	1.099030e-08
2.32843455e-06	1.084037e-08
2.32845317e-06	1.072781e-08
2.32847180e-06	1.143945e-08
2.32849043e-06	1.220138e-08
2.32850906e-06	1.067148e-08
2.32852769e-06	1.084609e-08
2.32854631e-06	1.093008e-08
2.32856494e-06	1.091977e-08
2.32858357e-06	1.089641e-08
2.32860220e-06	1.103896e-08
2.32862083e-06	1.107838e-08
2.32863946e-06	1.137580e-08
2.32865809e-06	1.102169e-08
2.32867672e-06	1.105468e-08
2.32869535e-06	1.103916e-08
2.32871397e-06	1.093801e-08
2.32873260e-06	1.099279e-08
2.32875123e-06	1.089202e-08
2.32876987e-06	1.206368e-08
2.32878849e-06	1.185430e-08
2.32880712e-06	1.096877e-08
2.32882576e-06	1.100843e-08
2.32884439e-06	1.101095e-08
2.32886302e-06	1.106763e-08
2.32888165e-06	1.103943e-08
2.32890028e-06	1.098633e-08
2.32891891e-06	1.104956e-08
2.32893754e-06	1.111354e-08
2.32895617e-06	1.115768e-08
2.32897481e-06	1.119174e-08
2.32899344e-06	1.111882e-08
2.32901207e-06	1.107476e-08
2.32903070e-06	1.113804e-08
2.32904933e-06	1.117606e-08
2.32906797e-06	1.110956e-08
2.32908660e-06	1.107140e-08
2.32910523e-06	1.104945e-08
2.32912386e-06	1.109558e-08
2.32914250e-06	1.113005e-08
2.32916113e-06	1.107850e-08
2.32917976e-06	1.097184e-08
2.32919840e-06	1.098952e-08
2.32921703e-06	1.096219e-08
2.32923566e-06	1.092126e-08
2.32925430e-06	1.111755e-08
2.32927293e-06	1.125335e-08
2.32929157e-06	1.124935e-08
2.32931020e-06	1.119280e-08
2.32932883e-06	1.119538e-08
2.32934747e-06	1.118443e-08
2.32936610e-06	1.109195e-08
2.32938474e-06	1.136664e-08
2.32940337e-06	1.112972e-08
2.32942201e-06	1.112670e-08
2.32944065e-06	1.112561e-08
2.32945928e-06	1.104827e-08
2.32947792e-06	1.103044e-08
2.32949655e-06	1.151489e-08
2.32951519e-06	1.224056e-08
2.32953382e-06	1.082063e-08
2.32955246e-06	1.105619e-08
2.32957110e-06	1.107710e-08
2.32958973e-06	1.117031e-08
2.32960837e-06	1.115342e-08
2.32962701e-06	1.109889e-08
2.32964564e-06	1.110190e-08
2.32966428e-06	1.110850e-08
2.32968292e-06	1.118865e-08
2.32970156e-06	1.118323e-08
2.32972019e-06	1.118332e-08
2.32973883e-06	1.124326e-08
2.32975747e-06	1.123336e-08
2.32977611e-06	1.119630e-08
2.32979475e-06	1.110078e-08
2.32981338e-06	1.112056e-08
2.32983202e-06	1.118922e-08
2.32985066e-06	1.114540e-08
2.32986930e-06	1.106615e-08
2.32988794e-06	1.116927e-08
2.32990658e-06	1.115206e-08
2.32992522e-06	1.110461e-08
2.32994386e-06	1.108145e-08
2.32996250e-06	1.100992e-08
2.32998113e-06	1.105876e-08
2.32999977e-06	1.102617e-08
2.33001842e-06	1.096451e-08
2.33003706e-06	1.097055e-08
2.33005570e-06	1.097250e-08
2.33007434e-06	1.101210e-08
2.33009298e-06	1.103062e-08
2.33011162e-06	1.101502e-08
2.33013026e-06	1.096271e-08
2.33014890e-06	1.077598e-08
2.33016754e-06	1.142779e-08
2.33018618e-06	1.226704e-08
2.33020482e-06	1.101097e-08
2.33022347e-06	1.080143e-08
2.33024211e-06	1.088384e-08
2.33026075e-06	1.082387e-08
2.33027939e-06	1.233395e-08
2.33029803e-06	1.112596e-08
2.33031667e-06	1.087795e-08
2.33033532e-06	1.096369e-08
2.33035396e-06	1.101039e-08
2.33037260e-06	1.101804e-08
2.33039125e-06	1.102729e-08
2.33040989e-06	1.102639e-08
2.33042853e-06	1.102954e-08
2.33044718e-06	1.102393e-08
2.33046582e-06	1.110781e-08
2.33048446e-06	1.098628e-08
2.33050311e-06	1.093370e-08
2.33052175e-06	1.106484e-08
2.33054040e-06	1.099401e-08
2.33055904e-06	1.085861e-08
2.33057768e-06	1.090164e-08
2.33059633e-06	1.106879e-08
2.33061497e-06	1.092768e-08
2.33063362e-06	1.096130e-08
2.33065226e-06	1.103522e-08
2.33067091e-06	1.109794e-08
2.33068955e-06	1.100342e-08
2.33070820e-06	1.094709e-08
2.33072685e-06	1.097724e-08
2.33074549e-06	1.100943e-08
2.33076414e-06	1.102003e-08
2.33078278e-06	1.103038e-08
2.33080143e-06	1.098801e-08
2.33082008e-06	1.112161e-08
2.33083872e-06	1.119352e-08
2.33085737e-06	1.117854e-08
2.33087602e-06	1.113974e-08
2.33089466e-06	1.111202e-08
2.33091331e-06	1.111065e-08
2.33093196e-06	1.111392e-08
2.33095061e-06	1.110979e-08
2.33096925e-06	1.111003e-08
2.33098790e-06	1.121715e-08
2.33100655e-06	1.102667e-08
2.33102520e-06	1.101764e-08
2.33104384e-06	1.102250e-08
2.33106249e-06	1.087902e-08
2.33108114e-06	1.150163e-08
2.33109979e-06	1.221795e-08
2.33111844e-06	1.078483e-08
2.33113709e-06	1.098855e-08
2.33115574e-06	1.103902e-08
2.33117439e-06	1.091579e-08
2.33119304e-06	1.088197e-08
2.33121169e-06	1.106168e-08
2.33123033e-06	1.088364e-08
2.33124898e-06	1.091472e-08
2.33126763e-06	1.101363e-08
2.33128629e-06	1.102638e-08
2.33130493e-06	1.109911e-08
2.33132359e-06	1.115656e-08
2.33134224e-06	1.117626e-08
2.33136089e-06	1.115351e-08
2.33137954e-06	1.106581e-08
2.33139819e-06	1.110602e-08
2.33141684e-06	1.117091e-08
2.33143549e-06	1.115539e-08
2.33145414e-06	1.107915e-08
2.33147280e-06	1.111361e-08
2.33149145e-06	1.111634e-08
2.33151010e-06	1.104072e-08
2.33152875e-06	1.109515e-08
2.33154740e-06	1.103582e-08
2.33156606e-06	1.103804e-08
2.33158471e-06	1.103474e-08
2.33160336e-06	1.108689e-08
2.33162201e-06	1.099106e-08
2.33164067e-06	1.084342e-08
2.33165932e-06	1.085446e-08
2.33167797e-06	1.090214e-08
2.33169663e-06	1.107488e-08
2.33171528e-06	1.097481e-08
2.33173393e-06	1.094823e-08
2.33175259e-06	1.099476e-08
2.33177124e-06	1.105724e-08
2.33178990e-06	1.103467e-08
2.33180855e-06	1.104192e-08
2.33182720e-06	1.092738e-08
2.33184586e-06	1.094440e-08
2.33186451e-06	1.118174e-08
2.33188317e-06	1.087199e-08
2.33190182e-06	1.082298e-08
2.33192048e-06	1.161275e-08
2.33193913e-06	1.241072e-08
2.33195779e-06	1.214685e-08
2.33197644e-06	1.087680e-08
2.33199510e-06	1.094619e-08
2.33201376e-06	1.096871e-08
2.33203241e-06	1.095589e-08
2.33205107e-06	1.096606e-08
2.33206973e-06	1.101030e-08
2.33208838e-06	1.108655e-08
2.33210704e-06	1.107284e-08
2.33212570e-06	1.109565e-08
2.33214435e-06	1.097437e-08
2.33216301e-06	1.102005e-08
2.33218167e-06	1.106513e-08
2.33220033e-06	1.108705e-08
2.33221898e-06	1.108484e-08
2.33223764e-06	1.105375e-08
2.33225630e-06	1.100514e-08
2.33227496e-06	1.106007e-08
2.33229361e-06	1.111725e-08
2.33231227e-06	1.120828e-08
2.33233093e-06	1.126136e-08
2.33234959e-06	1.127373e-08
2.33236825e-06	1.116592e-08
2.33238691e-06	1.098977e-08
2.33240557e-06	1.087039e-08
2.33242423e-06	1.100222e-08
2.33244288e-06	1.117698e-08
2.33246154e-06	1.104741e-08
2.33248020e-06	1.094346e-08
2.33249886e-06	1.097655e-08
2.33251752e-06	1.108366e-08
2.33253618e-06	1.105180e-08
2.33255485e-06	1.099625e-08
2.33257350e-06	1.100588e-08
2.33259217e-06	1.106942e-08
2.33261083e-06	1.107674e-08
2.33262949e-06	1.113087e-08
2.33264815e-06	1.115553e-08
2.33266681e-06	1.111388e-08
2.33268547e-06	1.115859e-08
2.33270413e-06	1.110824e-08
2.33272279e-06	1.107385e-08
2.33274146e-06	1.100365e-08
2.33276012e-06	1.104346e-08
2.33277878e-06	1.118607e-08
2.33279744e-06	1.095371e-08
2.33281610e-06	1.087905e-08
2.33283477e-06	1.196576e-08
2.33285343e-06	1.212730e-08
2.33287209e-06	1.079686e-08
2.33289075e-06	1.096815e-08
2.33290942e-06	1.111758e-08
2.33292808e-06	1.086985e-08
2.33294675e-06	1.095811e-08
2.33296541e-06	1.108962e-08
2.33298407e-06	1.109277e-08
2.33300274e-06	1.105811e-08
2.33302140e-06	1.118405e-08
2.33304006e-06	1.116564e-08
2.33305873e-06	1.111273e-08
2.33307739e-06	1.111638e-08
2.33309606e-06	1.116100e-08
2.33311472e-06	1.113498e-08
2.33313339e-06	1.114543e-08
2.33315205e-06	1.107318e-08
2.33317072e-06	1.099933e-08
2.33318938e-06	1.104060e-08
2.33320805e-06	1.107902e-08
2.33322671e-06	1.104667e-08
2.33324538e-06	1.103561e-08
2.33326405e-06	1.107962e-08
2.33328271e-06	1.103846e-08
2.33330138e-06	1.110886e-08
2.33332004e-06	1.109871e-08
2.33333871e-06	1.111606e-08
2.33335738e-06	1.114080e-08
2.33337604e-06	1.107321e-08
2.33339471e-06	1.109541e-08
2.33341338e-06	1.104659e-08
2.33343205e-06	1.108266e-08
2.33345071e-06	1.110335e-08
2.33346938e-06	1.114385e-08
2.33348805e-06	1.111728e-08
2.33350672e-06	1.107418e-08
2.33352538e-06	1.100503e-08
2.33354405e-06	1.100823e-08
2.33356272e-06	1.097124e-08
2.33358139e-06	1.098963e-08
2.33360006e-06	1.094595e-08
2.33361873e-06	1.101656e-08
2.33363740e-06	1.105176e-08
2.33365607e-06	1.098669e-08
2.33367473e-06	1.081511e-08
2.33369340e-06	1.072290e-08
2.33371207e-06	1.204835e-08
2.33373074e-06	1.160151e-08
2.33374941e-06	1.098933e-08
2.33376808e-06	1.165690e-08
2.33378675e-06	1.228224e-08
2.33380542e-06	1.071836e-08
2.33382410e-06	1.087061e-08
2.33384277e-06	1.102017e-08
2.33386144e-06	1.105822e-08
2.33388011e-06	1.098298e-08
2.33389878e-06	1.101086e-08
2.33391745e-06	1.109847e-08
2.33393612e-06	1.107253e-08
2.33395479e-06	1.100399e-08
2.33397346e-06	1.107576e-08
2.33399213e-06	1.110983e-08
2.33401081e-06	1.118641e-08
2.33402948e-06	1.120018e-08
2.33404815e-06	1.118222e-08
2.33406682e-06	1.113954e-08
2.33408550e-06	1.106501e-08
2.33410417e-06	1.098774e-08
2.33412284e-06	1.099736e-08
2.33414152e-06	1.096782e-08
2.33416019e-06	1.103139e-08
2.33417886e-06	1.099569e-08
2.33419754e-06	1.102182e-08
2.33421621e-06	1.105595e-08
2.33423488e-06	1.106668e-08
2.33425356e-06	1.104079e-08
2.33427223e-06	1.108825e-08
2.33429090e-06	1.104483e-08
2.33430958e-06	1.113529e-08
2.33432825e-06	1.100974e-08
2.33434693e-06	1.101131e-08
2.33436560e-06	1.105292e-08
2.33438428e-06	1.113048e-08
2.33440295e-06	1.112753e-08
2.33442163e-06	1.104243e-08
2.33444030e-06	1.102664e-08
2.33445898e-06	1.103589e-08
2.33447765e-06	1.105464e-08
2.33449633e-06	1.109590e-08
2.33451501e-06	1.100986e-08
2.33453368e-06	1.097100e-08
2.33455236e-06	1.110188e-08
2.33457104e-06	1.110180e-08
2.33458971e-06	1.117322e-08
2.33460839e-06	1.104268e-08
2.33462706e-06	1.100561e-08
2.33464574e-06	1.102725e-08
2.33466442e-06	1.105850e-08
2.33468310e-06	1.095544e-08
2.33470177e-06	1.098060e-08
2.33472045e-06	1.091155e-08
2.33473913e-06	1.092431e-08
2.33475781e-06	1.232454e-08
2.33477648e-06	1.140744e-08
2.33479516e-06	1.091639e-08
2.33481384e-06	1.094681e-08
2.33483252e-06	1.096228e-08
2.33485120e-06	1.099059e-08
2.33486988e-06	1.097333e-08
2.33488856e-06	1.097225e-08
2.33490724e-06	1.100096e-08
2.33492591e-06	1.103853e-08
2.33494460e-06	1.109059e-08
2.33496327e-06	1.106693e-08
2.33498195e-06	1.095212e-08
2.33500063e-06	1.099811e-08
2.33501931e-06	1.111212e-08
2.33503799e-06	1.113324e-08
2.33505667e-06	1.108419e-08
2.33507535e-06	1.106996e-08
2.33509404e-06	1.099470e-08
2.33511272e-06	1.097266e-08
2.33513140e-06	1.089947e-08
2.33515008e-06	1.084482e-08
2.33516876e-06	1.109872e-08
2.33518744e-06	1.105091e-08
2.33520612e-06	1.106231e-08
2.33522480e-06	1.108056e-08
2.33524348e-06	1.101513e-08
2.33526217e-06	1.102539e-08
2.33528085e-06	1.106112e-08
2.33529953e-06	1.108428e-08
2.33531821e-06	1.110330e-08
2.33533690e-06	1.106174e-08
2.33535558e-06	1.106283e-08
2.33537426e-06	1.101534e-08
2.33539294e-06	1.102684e-08
2.33541163e-06	1.108368e-08
2.33543031e-06	1.113267e-08
2.33544900e-06	1.107350e-08
2.33546768e-06	1.123157e-08
2.33548636e-06	1.144698e-08
2.33550505e-06	1.078160e-08
2.33552373e-06	1.063010e-08
2.33554242e-06	1.209137e-08
2.33556110e-06	1.083797e-08
2.33557978e-06	1.083338e-08
2.33559847e-06	1.095769e-08
2.33561715e-06	1.097410e-08
2.33563584e-06	1.090878e-08
2.33565452e-06	1.090100e-08
2.33567321e-06	1.100712e-08
2.33569189e-06	1.091789e-08
2.33571058e-06	1.097550e-08
2.33572927e-06	1.090395e-08
2.33574795e-06	1.081781e-08
2.33576664e-06	1.178015e-08
2.33578532e-06	1.225394e-08
2.33580401e-06	1.108367e-08
2.33582269e-06	1.093923e-08
2.33584138e-06	1.101604e-08
2.33586007e-06	1.108511e-08
2.33587876e-06	1.110726e-08
2.33589744e-06	1.102885e-08
2.33591613e-06	1.096317e-08
2.33593482e-06	1.109680e-08
2.33595350e-06	1.117012e-08
2.33597219e-06	1.108347e-08
2.33599088e-06	1.113050e-08
2.33600957e-06	1.118789e-08
2.33602826e-06	1.117765e-08
2.33604694e-06	1.117357e-08
2.33606563e-06	1.124011e-08
2.33608432e-06	1.125236e-08
2.33610301e-06	1.128288e-08
2.33612170e-06	1.130054e-08
2.33614039e-06	1.127720e-08
2.33615908e-06	1.121001e-08
2.33617777e-06	1.119358e-08
2.33619646e-06	1.116715e-08
2.33621514e-06	1.117163e-08
2.33623383e-06	1.120820e-08
2.33625253e-06	1.118020e-08
2.33627121e-06	1.110305e-08
2.33628990e-06	1.101495e-08
2.33630860e-06	1.107250e-08
2.33632729e-06	1.104140e-08
2.33634598e-06	1.102133e-08
2.33636467e-06	1.099512e-08
2.33638336e-06	1.107617e-08
2.33640205e-06	1.110523e-08
2.33642074e-06	1.112644e-08
2.33643943e-06	1.116042e-08
2.33645812e-06	1.108319e-08
2.33647681e-06	1.114183e-08
2.33649551e-06	1.113606e-08
2.33651420e-06	1.113871e-08
2.33653289e-06	1.119180e-08
2.33655158e-06	1.113807e-08
2.33657028e-06	1.104031e-08
2.33658897e-06	1.114099e-08
2.33660766e-06	1.113259e-08
2.33662635e-06	1.109796e-08
2.33664505e-06	1.109299e-08
2.33666374e-06	1.107314e-08
2.33668243e-06	1.103981e-08
2.33670113e-06	1.102429e-08
2.33671982e-06	1.115004e-08
2.33673851e-06	1.099567e-08
2.33675721e-06	1.097339e-08
2.33677590e-06	1.097558e-08
2.33679460e-06	1.091838e-08
2.33681329e-06	1.074019e-08
2.33683198e-06	1.222809e-08
2.33685068e-06	1.169563e-08
2.33686937e-06	1.090543e-08
2.33688807e-06	1.092270e-08
2.33690676e-06	1.089727e-08
2.33692546e-06	1.097656e-08
2.33694415e-06	1.099386e-08
2.33696285e-06	1.104254e-08
2.33698155e-06	1.108708e-08
2.33700024e-06	1.103550e-08
2.33701894e-06	1.106513e-08
2.33703763e-06	1.109865e-08
2.33705633e-06	1.102699e-08
2.33707503e-06	1.103716e-08
2.33709372e-06	1.109450e-08
2.33711242e-06	1.114888e-08
2.33713112e-06	1.111584e-08
2.33714981e-06	1.107307e-08
2.33716851e-06	1.112234e-08
2.33718721e-06	1.110681e-08
2.33720591e-06	1.105647e-08
2.33722460e-06	1.101120e-08
2.33724330e-06	1.105976e-08
2.33726200e-06	1.106127e-08
2.33728070e-06	1.101122e-08
2.33729940e-06	1.100066e-08
2.33731809e-06	1.099584e-08
2.33733679e-06	1.093576e-08
2.33735549e-06	1.085139e-08
2.33737419e-06	1.072754e-08
2.33739289e-06	1.065028e-08
2.33741159e-06	1.202400e-08
2.33743029e-06	1.073611e-08
2.33744899e-06	1.085500e-08
2.33746769e-06	1.096782e-08
2.33748639e-06	1.103171e-08
2.33750509e-06	1.108597e-08
2.33752379e-06	1.111732e-08
2.33754249e-06	1.107640e-08
2.33756119e-06	1.092625e-08
2.33757989e-06	1.103025e-08
2.33759859e-06	1.105825e-08
2.33761729e-06	1.105380e-08
2.33763599e-06	1.102028e-08
2.33765469e-06	1.116168e-08
2.33767339e-06	1.118806e-08
2.33769209e-06	1.112653e-08
2.33771079e-06	1.105548e-08
2.33772950e-06	1.099358e-08
2.33774820e-06	1.116294e-08
2.33776690e-06	1.098364e-08
2.33778560e-06	1.101634e-08
2.33780431e-06	1.107157e-08
2.33782301e-06	1.108555e-08
2.33784171e-06	1.109962e-08
2.33786041e-06	1.111689e-08
2.33787912e-06	1.098564e-08
2.33789782e-06	1.089366e-08
2.33791652e-06	1.075436e-08
2.33793523e-06	1.223356e-08
2.33795393e-06	1.154700e-08
2.33797263e-06	1.082643e-08
2.33799134e-06	1.091668e-08
2.33801004e-06	1.098624e-08
2.33802874e-06	1.103065e-08
2.33804745e-06	1.107404e-08
2.33806615e-06	1.113235e-08
2.33808486e-06	1.115280e-08
2.33810356e-06	1.116107e-08
2.33812227e-06	1.108017e-08
2.33814097e-06	1.100630e-08
2.33815968e-06	1.101775e-08
2.33817838e-06	1.105890e-08
2.33819709e-06	1.101012e-08
2.33821579e-06	1.094195e-08
2.33823450e-06	1.089466e-08
2.33825321e-06	1.093882e-08
2.33827191e-06	1.105749e-08
2.33829062e-06	1.108670e-08
2.33830932e-06	1.104687e-08
2.33832803e-06	1.101904e-08
2.33834674e-06	1.101116e-08
2.33836544e-06	1.111525e-08
2.33838415e-06	1.113128e-08
2.33840286e-06	1.120635e-08
2.33842156e-06	1.118491e-08
2.33844027e-06	1.103144e-08
2.33845898e-06	1.093094e-08
2.33847769e-06	1.097128e-08
2.33849639e-06	1.106708e-08
2.33851510e-06	1.103685e-08
2.33853381e-06	1.122110e-08
2.33855252e-06	1.179195e-08
2.33857123e-06	1.114204e-08
2.33858994e-06	1.095569e-08
2.33860864e-06	1.099926e-08
2.33862735e-06	1.117457e-08
2.33864606e-06	1.115806e-08
2.33866477e-06	1.111452e-08
2.33868348e-06	1.101113e-08
2.33870219e-06	1.095737e-08
2.33872090e-06	1.095276e-08
2.33873961e-06	1.106060e-08
2.33875832e-06	1.093891e-08
2.33877703e-06	1.094803e-08
2.33879574e-06	1.112548e-08
2.33881445e-06	1.114944e-08
2.33883316e-06	1.113751e-08
2.33885187e-06	1.110294e-08
2.33887058e-06	1.088937e-08
2.33888929e-06	1.105114e-08
2.33890800e-06	1.110780e-08
2.33892672e-06	1.105484e-08
2.33894543e-06	1.101068e-08
2.33896414e-06	1.102729e-08
2.33898285e-06	1.103586e-08
2.33900156e-06	1.100644e-08
2.33902027e-06	1.097704e-08
2.33903899e-06	1.089502e-08
2.33905770e-06	1.076224e-08
2.33907641e-06	1.225551e-08
2.33909512e-06	1.171738e-08
2.33911384e-06	1.086721e-08
2.33913255e-06	1.097241e-08
2.33915126e-06	1.106636e-08
2.33916998e-06	1.104753e-08
2.33918869e-06	1.095790e-08
2.33920740e-06	1.094354e-08
2.33922612e-06	1.100922e-08
2.33924483e-06	1.096583e-08
2.33926354e-06	1.088291e-08
2.33928226e-06	1.088464e-08
2.33930097e-06	1.085723e-08
2.33931969e-06	1.187904e-08
2.33933840e-06	1.094114e-08
2.33935712e-06	1.080143e-08
2.33937583e-06	1.085468e-08
2.33939455e-06	1.092785e-08
2.33941326e-06	1.103594e-08
2.33943198e-06	1.101176e-08
2.33945069e-06	1.100720e-08
2.33946941e-06	1.099993e-08
2.33948812e-06	1.100399e-08
2.33950684e-06	1.111263e-08
2.33952556e-06	1.118403e-08
2.33954427e-06	1.114455e-08
2.33956299e-06	1.104463e-08
2.33958171e-06	1.097794e-08
2.33960042e-06	1.094266e-08
2.33961914e-06	1.097716e-08
2.33963785e-06	1.102854e-08
2.33965657e-06	1.097566e-08
2.33967529e-06	1.097078e-08
2.33969401e-06	1.099464e-08
2.33971272e-06	1.105588e-08
2.33973144e-06	1.099189e-08
2.33975016e-06	1.099712e-08
2.33976888e-06	1.105069e-08
2.33978760e-06	1.104585e-08
2.33980631e-06	1.097238e-08
2.33982503e-06	1.094020e-08
2.33984375e-06	1.093086e-08
2.33986247e-06	1.091048e-08
2.33988119e-06	1.111636e-08
2.33989991e-06	1.104118e-08
2.33991863e-06	1.073889e-08
2.33993735e-06	1.091036e-08
2.33995607e-06	1.102402e-08
2.33997479e-06	1.111101e-08
2.33999351e-06	1.110300e-08
2.34001223e-06	1.109278e-08
2.34003095e-06	1.097217e-08
2.34004967e-06	1.094102e-08
2.34006839e-06	1.099505e-08
2.34008711e-06	1.101276e-08
2.34010583e-06	1.105456e-08
2.34012455e-06	1.100562e-08
2.34014327e-06	1.099809e-08
2.34016199e-06	1.084891e-08
2.34018071e-06	1.098980e-08
2.34019943e-06	1.105324e-08
2.34021815e-06	1.091662e-08
2.34023688e-06	1.077403e-08
2.34025560e-06	1.190680e-08
2.34027432e-06	1.216240e-08
2.34029304e-06	1.097286e-08
2.34031177e-06	1.093625e-08
2.34033049e-06	1.096537e-08
2.34034921e-06	1.097120e-08
2.34036793e-06	1.093384e-08
2.34038666e-06	1.100401e-08
2.34040538e-06	1.106143e-08
2.34042410e-06	1.095720e-08
2.34044283e-06	1.095072e-08
2.34046155e-06	1.100584e-08
2.34048027e-06	1.100679e-08
2.34049900e-06	1.097420e-08
2.34051772e-06	1.096153e-08
2.34053644e-06	1.094922e-08
2.34055517e-06	1.096567e-08
2.34057389e-06	1.094862e-08
2.34059262e-06	1.090812e-08
2.34061134e-06	1.097163e-08
2.34063007e-06	1.104833e-08
2.34064879e-06	1.104719e-08
2.34066752e-06	1.093476e-08
2.34068624e-06	1.097097e-08
2.34070497e-06	1.106401e-08
2.34072369e-06	1.115865e-08
2.34074242e-06	1.125544e-08
2.34076115e-06	1.114736e-08
2.34077987e-06	1.091761e-08
2.34079860e-06	1.101558e-08
2.34081733e-06	1.107863e-08
2.34083605e-06	1.106513e-08
2.34085478e-06	1.112612e-08
2.34087350e-06	1.113497e-08
2.34089223e-06	1.112662e-08
2.34091096e-06	1.110730e-08
2.34092969e-06	1.105420e-08
2.34094841e-06	1.112407e-08
2.34096714e-06	1.113233e-08
2.34098587e-06	1.114040e-08
2.34100460e-06	1.109430e-08
2.34102333e-06	1.100800e-08
2.34104205e-06	1.095401e-08
2.34106078e-06	1.097399e-08
2.34107951e-06	1.123480e-08
2.34109824e-06	1.096859e-08
2.34111697e-06	1.095134e-08
2.34113570e-06	1.086317e-08
2.34115443e-06	1.106608e-08
2.34117315e-06	1.085775e-08
2.34119188e-06	1.098475e-08
2.34121061e-06	1.083407e-08
2.34122934e-06	1.079599e-08
2.34124807e-06	1.075155e-08
2.34126680e-06	1.129018e-08
2.34128553e-06	1.120781e-08
2.34130426e-06	1.066076e-08
2.34132299e-06	1.081333e-08
2.34134172e-06	1.088782e-08
2.34136045e-06	1.100541e-08
2.34137919e-06	1.088317e-08
2.34139792e-06	1.096445e-08
2.34141665e-06	1.102355e-08
2.34143538e-06	1.099697e-08
2.34145411e-06	1.096556e-08
2.34147284e-06	1.091422e-08
2.34149158e-06	1.234343e-08
2.34151031e-06	1.096457e-08
2.34152904e-06	1.089008e-08
2.34154777e-06	1.097409e-08
2.34156650e-06	1.102698e-08
2.34158524e-06	1.107779e-08
2.34160397e-06	1.102403e-08
2.34162270e-06	1.098084e-08
2.34164143e-06	1.101965e-08
2.34166017e-06	1.096966e-08
2.34167890e-06	1.099631e-08
2.34169763e-06	1.108958e-08
2.34171637e-06	1.105032e-08
2.34173510e-06	1.097552e-08
2.34175384e-06	1.104218e-08
2.34177257e-06	1.103104e-08
2.34179130e-06	1.102829e-08
2.34181004e-06	1.112047e-08
2.34182877e-06	1.105866e-08
2.34184751e-06	1.094121e-08
2.34186624e-06	1.094822e-08
2.34188498e-06	1.099718e-08
2.34190371e-06	1.097425e-08
2.34192245e-06	1.090823e-08
2.34194118e-06	1.094872e-08
2.34195992e-06	1.099185e-08
2.34197865e-06	1.102894e-08
2.34199739e-06	1.097857e-08
2.34201613e-06	1.078497e-08
2.34203486e-06	1.087983e-08
2.34205360e-06	1.113714e-08
2.34207233e-06	1.089507e-08
2.34209107e-06	1.101170e-08
2.34210981e-06	1.108997e-08
2.34212855e-06	1.103114e-08
2.34214728e-06	1.100226e-08
2.34216602e-06	1.101690e-08
2.34218476e-06	1.109110e-08
2.34220349e-06	1.120250e-08
2.34222223e-06	1.121459e-08
2.34224097e-06	1.119861e-08
2.34225971e-06	1.118808e-08
2.34227844e-06	1.117298e-08
2.34229718e-06	1.109632e-08
2.34231592e-06	1.102643e-08
2.34233466e-06	1.102417e-08
2.34235340e-06	1.111714e-08
2.34237214e-06	1.109123e-08
2.34239088e-06	1.106335e-08
2.34240962e-06	1.108816e-08
2.34242835e-06	1.101864e-08
2.34244709e-06	1.082136e-08
2.34246583e-06	1.086533e-08
2.34248457e-06	1.113666e-08
2.34250331e-06	1.121988e-08
2.34252205e-06	1.110366e-08
2.34254079e-06	1.098165e-08
2.34255953e-06	1.098881e-08
2.34257827e-06	1.106417e-08
2.34259702e-06	1.105993e-08
2.34261576e-06	1.110649e-08
2.34263450e-06	1.106105e-08
2.34265324e-06	1.100941e-08
2.34267198e-06	1.096192e-08
2.34269072e-06	1.096890e-08
2.34270946e-06	1.086350e-08
2.34272820e-06	1.076253e-08
2.34274695e-06	1.175485e-08
2.34276569e-06	1.218925e-08
2.34278443e-06	1.077509e-08
2.34280317e-06	1.088797e-08
2.34282191e-06	1.095513e-08
2.34284066e-06	1.097882e-08
2.34285940e-06	1.095535e-08
2.34287814e-06	1.103515e-08
2.34289689e-06	1.108343e-08
2.34291563e-06	1.113924e-08
2.34293437e-06	1.109136e-08
2.34295312e-06	1.110551e-08
2.34297186e-06	1.112002e-08
2.34299060e-06	1.108753e-08
2.34300935e-06	1.111911e-08
2.34302809e-06	1.117402e-08
2.34304684e-06	1.111029e-08
2.34306558e-06	1.101909e-08
2.34308432e-06	1.109294e-08
2.34310307e-06	1.100680e-08
2.34312181e-06	1.103511e-08
2.34314056e-06	1.105774e-08
2.34315930e-06	1.098211e-08
2.34317805e-06	1.099474e-08
2.34319679e-06	1.093757e-08
2.34321554e-06	1.094117e-08
2.34323429e-06	1.094229e-08
2.34325303e-06	1.069890e-08
2.34327178e-06	1.154196e-08
2.34329052e-06	1.076553e-08
2.34330927e-06	1.094895e-08
2.34332802e-06	1.091911e-08
2.34334676e-06	1.097364e-08
2.34336551e-06	1.107786e-08
2.34338426e-06	1.103125e-08
2.34340300e-06	1.106255e-08
2.34342175e-06	1.102995e-08
2.34344050e-06	1.105824e-08
2.34345925e-06	1.103158e-08
2.34347799e-06	1.100233e-08
2.34349674e-06	1.108779e-08
2.34351549e-06	1.099758e-08
2.34353424e-06	1.105891e-08
2.34355299e-06	1.111434e-08
2.34357173e-06	1.107521e-08
2.34359048e-06	1.100116e-08
2.34360923e-06	1.102401e-08
2.34362798e-06	1.100435e-08
2.34364673e-06	1.093647e-08
2.34366548e-06	1.089417e-08
2.34368423e-06	1.104113e-08
2.34370298e-06	1.101161e-08
2.34372173e-06	1.099213e-08
2.34374048e-06	1.105425e-08
2.34375923e-06	1.103996e-08
2.34377798e-06	1.099103e-08
2.34379673e-06	1.101538e-08
2.34381548e-06	1.097861e-08
2.34383423e-06	1.110663e-08
2.34385298e-06	1.099502e-08
2.34387173e-06	1.104535e-08
2.34389048e-06	1.109539e-08
2.34390923e-06	1.110102e-08
2.34392798e-06	1.108907e-08
2.34394673e-06	1.106597e-08
2.34396549e-06	1.101082e-08
2.34398424e-06	1.095330e-08
2.34400299e-06	1.095908e-08
2.34402174e-06	1.087156e-08
2.34404049e-06	1.080658e-08
2.34405925e-06	1.209616e-08
2.34407800e-06	1.184545e-08
2.34409675e-06	1.079091e-08
2.34411550e-06	1.089437e-08
2.34413426e-06	1.097325e-08
2.34415301e-06	1.100304e-08
2.34417176e-06	1.101530e-08
2.34419052e-06	1.108455e-08
2.34420927e-06	1.108801e-08
2.34422802e-06	1.105019e-08
2.34424678e-06	1.106021e-08
2.34426553e-06	1.112186e-08
2.34428429e-06	1.102094e-08
2.34430304e-06	1.101163e-08
2.34432179e-06	1.097906e-08
2.34434055e-06	1.105139e-08
2.34435930e-06	1.111815e-08
2.34437806e-06	1.115270e-08
2.34439681e-06	1.108249e-08
2.34441557e-06	1.103699e-08
2.34443432e-06	1.095378e-08
2.34445308e-06	1.115645e-08
2.34447183e-06	1.111025e-08
2.34449059e-06	1.099288e-08
2.34450935e-06	1.099034e-08
2.34452810e-06	1.102103e-08
2.34454686e-06	1.100148e-08
2.34456562e-06	1.096424e-08
2.34458437e-06	1.103840e-08
2.34460313e-06	1.105754e-08
2.34462189e-06	1.092577e-08
2.34464064e-06	1.095496e-08
2.34465940e-06	1.091614e-08
2.34467816e-06	1.083328e-08
2.34469691e-06	1.123315e-08
2.34471567e-06	1.123703e-08
2.34473443e-06	1.079652e-08
2.34475319e-06	1.086975e-08
2.34477195e-06	1.091402e-08
2.34479070e-06	1.108116e-08
2.34480946e-06	1.095308e-08
2.34482822e-06	1.091053e-08
2.34484698e-06	1.097416e-08
2.34486574e-06	1.103130e-08
2.34488450e-06	1.100058e-08
2.34490326e-06	1.101047e-08
2.34492202e-06	1.097640e-08
2.34494077e-06	1.098788e-08
2.34495953e-06	1.098763e-08
2.34497829e-06	1.097965e-08
2.34499705e-06	1.090024e-08
2.34501581e-06	1.083698e-08
2.34503457e-06	1.112811e-08
2.34505333e-06	1.102129e-08
2.34507209e-06	1.087959e-08
2.34509086e-06	1.088533e-08
2.34510962e-06	1.094155e-08
2.34512838e-06	1.099819e-08
2.34514714e-06	1.100302e-08
2.34516590e-06	1.104261e-08
2.34518466e-06	1.098081e-08
2.34520342e-06	1.096213e-08
2.34522218e-06	1.097511e-08
2.34524094e-06	1.107726e-08
2.34525971e-06	1.096638e-08
2.34527847e-06	1.090338e-08
2.34529723e-06	1.100265e-08
2.34531599e-06	1.082836e-08
2.34533476e-06	1.091191e-08
2.34535352e-06	1.095498e-08
2.34537228e-06	1.096164e-08
2.34539104e-06	1.077695e-08
2.34540981e-06	1.219720e-08
2.34542857e-06	1.172356e-08
2.34544733e-06	1.104464e-08
2.34546610e-06	1.094047e-08
2.34548486e-06	1.110764e-08
2.34550363e-06	1.097778e-08
2.34552239e-06	1.097923e-08
2.34554115e-06	1.098392e-08
2.34555992e-06	1.093016e-08
2.34557868e-06	1.097059e-08
2.34559745e-06	1.085840e-08
2.34561621e-06	1.073960e-08
2.34563498e-06	1.081198e-08
2.34565374e-06	1.099921e-08
2.34567251e-06	1.108713e-08
2.34569127e-06	1.101614e-08
2.34571004e-06	1.091272e-08
2.34572880e-06	1.106364e-08
2.34574757e-06	1.108679e-08
2.34576634e-06	1.109311e-08
2.34578510e-06	1.109804e-08
2.34580387e-06	1.110252e-08
2.34582263e-06	1.107961e-08
2.34584140e-06	1.094576e-08
2.34586017e-06	1.101353e-08
2.34587894e-06	1.117887e-08
2.34589770e-06	1.127169e-08
2.34591647e-06	1.125208e-08
2.34593524e-06	1.117748e-08
2.34595400e-06	1.116339e-08
2.34597277e-06	1.107126e-08
2.34599154e-06	1.100820e-08
2.34601031e-06	1.106769e-08
2.34602908e-06	1.107102e-08
2.34604784e-06	1.110089e-08
2.34606661e-06	1.110213e-08
2.34608538e-06	1.113941e-08
2.34610415e-06	1.109586e-08
2.34612292e-06	1.105867e-08
2.34614169e-06	1.111845e-08
2.34616046e-06	1.105180e-08
2.34617923e-06	1.095404e-08
2.34619800e-06	1.109056e-08
2.34621676e-06	1.107883e-08
2.34623553e-06	1.108935e-08
2.34625430e-06	1.110203e-08
2.34627307e-06	1.109417e-08
2.34629184e-06	1.111482e-08
2.34631061e-06	1.106345e-08
2.34632938e-06	1.105154e-08
2.34634816e-06	1.090566e-08
2.34636693e-06	1.087650e-08
2.34638570e-06	1.089843e-08
2.34640447e-06	1.094211e-08
2.34642324e-06	1.085361e-08
2.34644201e-06	1.097545e-08
2.34646078e-06	1.126409e-08
2.34647955e-06	1.084281e-08
2.34649833e-06	1.085323e-08
2.34651710e-06	1.095217e-08
2.34653587e-06	1.100636e-08
2.34655464e-06	1.101581e-08
2.34657341e-06	1.107196e-08
2.34659219e-06	1.107357e-08
2.34661096e-06	1.103435e-08
2.34662973e-06	1.107817e-08
2.34664851e-06	1.109507e-08
2.34666728e-06	1.108638e-08
2.34668605e-06	1.098759e-08
2.34670483e-06	1.097497e-08
2.34672360e-06	1.098256e-08
2.34674237e-06	1.092802e-08
2.34676115e-06	1.089146e-08
2.34677992e-06	1.076956e-08
2.34679870e-06	1.201497e-08
2.34681747e-06	1.187064e-08
2.34683625e-06	1.074600e-08
2.34685502e-06	1.087952e-08
2.34687379e-06	1.093789e-08
2.34689257e-06	1.098376e-08
2.34691134e-06	1.113971e-08
2.34693012e-06	1.097278e-08
2.34694889e-06	1.101840e-08
2.34696767e-06	1.108916e-08
2.34698645e-06	1.110914e-08
2.34700522e-06	1.116373e-08
2.34702400e-06	1.117616e-08
2.34704277e-06	1.114550e-08
2.34706155e-06	1.120800e-08
2.34708033e-06	1.113197e-08
2.34709910e-06	1.110074e-08
2.34711788e-06	1.112368e-08
2.34713666e-06	1.109468e-08
2.34715543e-06	1.102568e-08
2.34717421e-06	1.092466e-08
2.34719299e-06	1.074708e-08
2.34721177e-06	1.093111e-08
2.34723054e-06	1.107137e-08
2.34724932e-06	1.108741e-08
2.34726810e-06	1.104091e-08
2.34728688e-06	1.090353e-08
2.34730566e-06	1.085242e-08
2.34732444e-06	1.078708e-08
2.34734321e-06	1.100879e-08
2.34736199e-06	1.113766e-08
2.34738077e-06	1.112245e-08
2.34739955e-06	1.104592e-08
2.34741833e-06	1.102907e-08
2.34743711e-06	1.098446e-08
2.34745589e-06	1.103747e-08
2.34747467e-06	1.106990e-08
2.34749345e-06	1.097222e-08
2.34751223e-06	1.096492e-08
2.34753101e-06	1.091673e-08
2.34754979e-06	1.102823e-08
2.34756857e-06	1.096848e-08
2.34758735e-06	1.093481e-08
2.34760613e-06	1.095331e-08
2.34762491e-06	1.105000e-08
2.34764369e-06	1.088029e-08
2.34766247e-06	1.074937e-08
2.34768125e-06	1.096691e-08
2.34770004e-06	1.100753e-08
2.34771882e-06	1.100366e-08
2.34773760e-06	1.101648e-08
2.34775638e-06	1.102159e-08
2.34777516e-06	1.088020e-08
2.34779395e-06	1.097516e-08
2.34781273e-06	1.107854e-08
2.34783151e-06	1.114392e-08
2.34785029e-06	1.118418e-08
2.34786908e-06	1.111209e-08
2.34788786e-06	1.114769e-08
2.34790664e-06	1.122923e-08
2.34792542e-06	1.116178e-08
2.34794421e-06	1.114921e-08
2.34796299e-06	1.103883e-08
2.34798178e-06	1.106332e-08
2.34800056e-06	1.110883e-08
2.34801934e-06	1.098860e-08
2.34803813e-06	1.109988e-08
2.34805691e-06	1.118593e-08
2.34807570e-06	1.113623e-08
2.34809448e-06	1.105457e-08
2.34811327e-06	1.096234e-08
2.34813205e-06	1.096519e-08
2.34815084e-06	1.101704e-08
2.34816962e-06	1.100379e-08
2.34818841e-06	1.084638e-08
2.34820719e-06	1.074495e-08
2.34822598e-06	1.143235e-08
2.34824476e-06	1.220149e-08
2.34826355e-06	1.070006e-08
2.34828234e-06	1.089573e-08
2.34830112e-06	1.094345e-08
2.34831991e-06	1.097643e-08
2.34833869e-06	1.107835e-08
2.34835748e-06	1.113283e-08
2.34837627e-06	1.110594e-08
2.34839506e-06	1.115128e-08
2.34841384e-06	1.115533e-08
2.34843263e-06	1.104429e-08
2.34845142e-06	1.098813e-08
2.34847021e-06	1.114704e-08
2.34848899e-06	1.110282e-08
2.34850778e-06	1.114198e-08
2.34852657e-06	1.106345e-08
2.34854536e-06	1.106345e-08
2.34856415e-06	1.113366e-08
2.34858293e-06	1.107687e-08
2.34860172e-06	1.100395e-08
2.34862051e-06	1.109853e-08
2.34863930e-06	1.110105e-08
2.34865809e-06	1.104277e-08
2.34867688e-06	1.088947e-08
2.34869567e-06	1.085114e-08
2.34871446e-06	1.103694e-08
2.34873325e-06	1.103997e-08
2.34875204e-06	1.111872e-08
2.34877083e-06	1.114362e-08
2.34878962e-06	1.115311e-08
2.34880841e-06	1.108691e-08
2.34882720e-06	1.104161e-08
2.34884599e-06	1.104445e-08
2.34886478e-06	1.119282e-08
2.34888357e-06	1.113579e-08
2.34890236e-06	1.117996e-08
2.34892115e-06	1.116806e-08
2.34893994e-06	1.096812e-08
2.34895873e-06	1.083259e-08
2.34897753e-06	1.106332e-08
2.34899632e-06	1.104122e-08
2.34901511e-06	1.099650e-08
2.34903390e-06	1.116716e-08
2.34905269e-06	1.124190e-08
2.34907149e-06	1.122846e-08
2.34909028e-06	1.117788e-08
2.34910907e-06	1.103407e-08
2.34912787e-06	1.105340e-08
2.34914666e-06	1.106147e-08
2.34916545e-06	1.100674e-08
2.34918425e-06	1.107605e-08
2.34920304e-06	1.101750e-08
2.34922183e-06	1.105699e-08
2.34924063e-06	1.105922e-08
2.34925942e-06	1.111491e-08
2.34927821e-06	1.100609e-08
2.34929701e-06	1.084271e-08
2.34931580e-06	1.091104e-08
2.34933460e-06	1.103207e-08
2.34935339e-06	1.094120e-08
2.34937219e-06	1.096321e-08
2.34939098e-06	1.097484e-08
2.34940978e-06	1.094534e-08
2.34942857e-06	1.088906e-08
2.34944737e-06	1.088827e-08
2.34946616e-06	1.099342e-08
2.34948496e-06	1.075060e-08
2.34950375e-06	1.125984e-08
2.34952255e-06	1.077566e-08
2.34954135e-06	1.090073e-08
2.34956014e-06	1.091186e-08
2.34957894e-06	1.094636e-08
2.34959774e-06	1.093595e-08
2.34961653e-06	1.097073e-08
2.34963533e-06	1.096390e-08
2.34965413e-06	1.095338e-08
2.34967292e-06	1.093722e-08
2.34969172e-06	1.074078e-08
2.34971052e-06	1.221271e-08
2.34972932e-06	1.131542e-08
2.34974812e-06	1.076965e-08
2.34976691e-06	1.080556e-08
2.34978571e-06	1.089710e-08
2.34980451e-06	1.094633e-08
2.34982331e-06	1.092036e-08
2.34984211e-06	1.114906e-08
2.34986090e-06	1.090442e-08
2.34987970e-06	1.097459e-08
2.34989850e-06	1.102667e-08
2.34991730e-06	1.104905e-08
2.34993610e-06	1.111245e-08
2.34995490e-06	1.114287e-08
2.34997370e-06	1.112105e-08
