2.30001633e-06	7.906705e-09
2.30003473e-06	7.004524e-09
2.30005313e-06	7.868714e-09
2.30007153e-06	7.505593e-09
2.30008993e-06	7.179299e-09
2.30010833e-06	8.112565e-09
2.30012673e-06	8.344073e-09
2.30014513e-06	8.414387e-09
2.30016353e-06	8.263776e-09
2.30018194e-06	8.364354e-09
2.30020034e-06	8.442043e-09
2.30021874e-06	8.670632e-09
2.30023714e-06	8.342035e-09
2.30025554e-06	8.030833e-09
2.30027395e-06	8.104687e-09
2.30029235e-06	7.868897e-09
2.30031075e-06	8.018831e-09
2.30032915e-06	8.124478e-09
2.30034756e-06	8.314425e-09
2.30036596e-06	7.856603e-09
2.30038436e-06	7.684998e-09
2.30040276e-06	7.896874e-09
2.30042117e-06	7.766150e-09
2.30043957e-06	7.877428e-09
2.30045797e-06	7.810001e-09
2.30047638e-06	7.428613e-09
2.30049478e-06	7.358140e-09
2.30051319e-06	6.687453e-09
2.30053159e-06	7.046088e-09
2.30054999e-06	7.979328e-09
2.30056840e-06	6.605828e-09
2.30058680e-06	6.959482e-09
2.30060521e-06	6.661209e-09
2.30062361e-06	6.869110e-09
2.30064202e-06	7.409723e-09
2.30066042e-06	7.486153e-09
2.30067883e-06	7.665502e-09
2.30069723e-06	7.610489e-09
2.30071564e-06	7.139473e-09
2.30073404e-06	6.586122e-09
2.30075245e-06	6.502695e-09
2.30077086e-06	7.378451e-09
2.30078926e-06	7.668952e-09
2.30080767e-06	7.937567e-09
2.30082608e-06	7.963309e-09
2.30084448e-06	8.080934e-09
2.30086289e-06	8.090452e-09
2.30088129e-06	8.058736e-09
2.30089970e-06	8.039109e-09
2.30091811e-06	8.000163e-09
2.30093652e-06	8.025315e-09
2.30095492e-06	8.097281e-09
2.30097333e-06	7.503793e-09
2.30099174e-06	7.198757e-09
2.30101015e-06	7.232052e-09
2.30102856e-06	7.483879e-09
2.30104696e-06	7.795479e-09
2.30106537e-06	7.680282e-09
2.30108378e-06	6.832104e-09
2.30110219e-06	6.576712e-09
2.30112060e-06	7.296730e-09
2.30113901e-06	7.830975e-09
2.30115742e-06	8.031971e-09
2.30117583e-06	7.997840e-09
2.30119423e-06	7.532267e-09
2.30121265e-06	7.240617e-09
2.30123105e-06	7.558889e-09
2.30124946e-06	7.475750e-09
2.30126787e-06	7.264403e-09
2.30128628e-06	7.234269e-09
2.30130469e-06	7.468991e-09
2.30132310e-06	7.894680e-09
2.30134152e-06	6.738425e-09
2.30135993e-06	6.956721e-09
2.30137834e-06	7.076324e-09
2.30139675e-06	6.612939e-09
2.30141516e-06	6.702890e-09
2.30143357e-06	7.562607e-09
2.30145198e-06	7.759605e-09
2.30147039e-06	7.314850e-09
2.30148881e-06	6.463817e-09
2.30150722e-06	6.453395e-09
2.30152563e-06	7.268088e-09
2.30154404e-06	7.867070e-09
2.30156245e-06	8.004590e-09
2.30158087e-06	8.036250e-09
2.30159928e-06	8.299715e-09
2.30161769e-06	8.248943e-09
2.30163611e-06	7.745094e-09
2.30165452e-06	7.560959e-09
2.30167293e-06	7.582350e-09
2.30169135e-06	7.936062e-09
2.30170976e-06	8.205739e-09
2.30172817e-06	8.462617e-09
2.30174659e-06	8.301540e-09
2.30176500e-06	7.749074e-09
2.30178341e-06	8.239525e-09
2.30180183e-06	8.084611e-09
2.30182024e-06	7.725743e-09
2.30183866e-06	8.132827e-09
2.30185707e-06	7.895843e-09
2.30187549e-06	7.802415e-09
2.30189390e-06	8.037085e-09
2.30191232e-06	8.373345e-09
2.30193073e-06	8.287869e-09
2.30194915e-06	8.203154e-09
2.30196756e-06	8.354435e-09
2.30198598e-06	8.219530e-09
2.30200440e-06	7.932982e-09
2.30202281e-06	7.428561e-09
2.30204123e-06	7.446735e-09
2.30205964e-06	7.562871e-09
2.30207806e-06	7.315779e-09
2.30209648e-06	6.891723e-09
2.30211489e-06	7.390255e-09
2.30213331e-06	7.903314e-09
2.30215173e-06	6.507295e-09
2.30217014e-06	7.227456e-09
2.30218856e-06	7.598800e-09
2.30220698e-06	7.894476e-09
2.30222540e-06	7.945578e-09
2.30224381e-06	8.046258e-09
2.30226223e-06	7.692328e-09
2.30228065e-06	7.369738e-09
2.30229907e-06	7.986489e-09
2.30231749e-06	8.057827e-09
2.30233591e-06	8.136920e-09
2.30235433e-06	8.384034e-09
2.30237274e-06	8.524868e-09
2.30239116e-06	8.622093e-09
2.30240958e-06	8.357396e-09
2.30242800e-06	8.222026e-09
2.30244642e-06	8.380682e-09
2.30246484e-06	8.345017e-09
2.30248326e-06	8.357422e-09
2.30250168e-06	8.376924e-09
2.30252010e-06	8.329259e-09
2.30253852e-06	8.051600e-09
2.30255694e-06	8.263624e-09
2.30257536e-06	8.296578e-09
2.30259378e-06	8.331821e-09
2.30261220e-06	8.154203e-09
2.30263062e-06	8.246195e-09
2.30264904e-06	8.119170e-09
2.30266747e-06	8.067455e-09
2.30268589e-06	8.306806e-09
2.30270431e-06	8.232659e-09
2.30272273e-06	7.933957e-09
2.30274115e-06	7.400423e-09
2.30275957e-06	6.618911e-09
2.30277800e-06	6.626546e-09
2.30279642e-06	6.967118e-09
2.30281484e-06	7.014699e-09
2.30283326e-06	7.799215e-09
2.30285168e-06	7.885149e-09
2.30287011e-06	7.930831e-09
2.30288853e-06	7.854955e-09
2.30290695e-06	7.605673e-09
2.30292538e-06	7.255266e-09
2.30294380e-06	6.957483e-09
2.30296222e-06	6.597322e-09
2.30298065e-06	8.157309e-09
2.30299907e-06	6.903142e-09
2.30301750e-06	6.842870e-09
2.30303592e-06	7.234594e-09
2.30305434e-06	7.650388e-09
2.30307277e-06	7.807904e-09
2.30309119e-06	7.885637e-09
2.30310962e-06	7.777190e-09
2.30312804e-06	7.419033e-09
2.30314647e-06	8.003907e-09
2.30316489e-06	8.263480e-09
2.30318332e-06	7.883856e-09
2.30320174e-06	6.841574e-09
2.30322017e-06	7.044717e-09
2.30323860e-06	8.194559e-09
2.30325702e-06	8.393012e-09
2.30327545e-06	8.205045e-09
2.30329387e-06	7.739627e-09
2.30331230e-06	6.949038e-09
2.30333073e-06	6.921454e-09
2.30334915e-06	7.243584e-09
2.30336758e-06	7.731429e-09
2.30338601e-06	8.254893e-09
2.30340443e-06	8.477958e-09
2.30342286e-06	8.796558e-09
2.30344129e-06	8.682047e-09
2.30345972e-06	8.381553e-09
2.30347814e-06	8.475560e-09
2.30349657e-06	8.569500e-09
2.30351500e-06	8.535125e-09
2.30353343e-06	8.123975e-09
2.30355186e-06	7.968252e-09
2.30357028e-06	7.763801e-09
2.30358871e-06	7.203943e-09
2.30360714e-06	7.380084e-09
2.30362557e-06	7.776118e-09
2.30364400e-06	7.881598e-09
2.30366243e-06	8.244016e-09
2.30368086e-06	8.112126e-09
2.30369929e-06	8.086886e-09
2.30371772e-06	7.795815e-09
2.30373615e-06	7.374729e-09
2.30375458e-06	7.276013e-09
2.30377301e-06	7.105636e-09
2.30379144e-06	7.368533e-09
2.30380987e-06	7.257496e-09
2.30382830e-06	7.117832e-09
2.30384673e-06	6.618248e-09
2.30386516e-06	7.902529e-09
2.30388359e-06	7.326281e-09
2.30390202e-06	7.044566e-09
2.30392045e-06	7.058869e-09
2.30393888e-06	7.423434e-09
2.30395731e-06	7.557958e-09
2.30397575e-06	7.791028e-09
2.30399418e-06	7.923044e-09
2.30401261e-06	7.997193e-09
2.30403104e-06	8.307062e-09
2.30404947e-06	8.206518e-09
2.30406791e-06	7.970476e-09
2.30408634e-06	7.969913e-09
2.30410477e-06	8.033491e-09
2.30412321e-06	8.367575e-09
2.30414164e-06	8.437501e-09
2.30416007e-06	8.134312e-09
2.30417850e-06	8.109218e-09
2.30419694e-06	8.198540e-09
2.30421537e-06	7.667931e-09
2.30423381e-06	7.748323e-09
2.30425224e-06	8.311235e-09
2.30427067e-06	8.069519e-09
2.30428911e-06	8.023958e-09
2.30430754e-06	8.109947e-09
2.30432598e-06	7.815147e-09
2.30434441e-06	8.238225e-09
2.30436285e-06	8.635069e-09
2.30438128e-06	8.978615e-09
2.30439971e-06	8.744116e-09
2.30441815e-06	8.808152e-09
2.30443659e-06	8.681913e-09
2.30445502e-06	8.111851e-09
2.30447346e-06	8.001983e-09
2.30449189e-06	7.844240e-09
2.30451033e-06	8.230591e-09
2.30452877e-06	8.243047e-09
2.30454720e-06	8.450596e-09
2.30456564e-06	8.342643e-09
2.30458407e-06	8.439145e-09
2.30460251e-06	8.394514e-09
2.30462095e-06	8.024352e-09
2.30463938e-06	7.777396e-09
2.30465782e-06	8.026749e-09
2.30467626e-06	8.144484e-09
2.30469470e-06	7.854175e-09
2.30471313e-06	7.421593e-09
2.30473157e-06	6.917390e-09
2.30475001e-06	6.982941e-09
2.30476845e-06	6.857491e-09
2.30478688e-06	6.638472e-09
2.30480532e-06	8.167002e-09
2.30482376e-06	6.466576e-09
2.30484220e-06	6.932276e-09
2.30486064e-06	7.297351e-09
2.30487908e-06	7.413105e-09
2.30489752e-06	7.502519e-09
2.30491596e-06	7.404558e-09
2.30493440e-06	6.705033e-09
2.30495284e-06	6.952628e-09
2.30497128e-06	6.757811e-09
2.30498972e-06	6.728492e-09
2.30500815e-06	7.476915e-09
2.30502660e-06	7.874111e-09
2.30504504e-06	7.499866e-09
2.30506347e-06	7.694548e-09
2.30508192e-06	7.845750e-09
2.30510036e-06	7.868847e-09
2.30511880e-06	7.925592e-09
2.30513724e-06	8.158885e-09
2.30515568e-06	8.107278e-09
2.30517412e-06	8.110165e-09
2.30519256e-06	8.246357e-09
2.30521100e-06	7.849756e-09
2.30522944e-06	7.998453e-09
2.30524789e-06	7.958478e-09
2.30526633e-06	8.027806e-09
2.30528477e-06	8.154575e-09
2.30530321e-06	8.142904e-09
2.30532166e-06	7.488793e-09
2.30534010e-06	7.659151e-09
2.30535854e-06	7.994426e-09
2.30537698e-06	7.770106e-09
2.30539543e-06	7.184105e-09
2.30541387e-06	6.580226e-09
2.30543231e-06	6.841650e-09
2.30545076e-06	7.450389e-09
2.30546920e-06	7.240028e-09
2.30548764e-06	6.839251e-09
2.30550609e-06	7.258878e-09
2.30552453e-06	7.964696e-09
2.30554298e-06	8.158622e-09
2.30556142e-06	8.070935e-09
2.30557987e-06	7.950679e-09
2.30559831e-06	7.773840e-09
2.30561675e-06	7.343273e-09
2.30563520e-06	6.486771e-09
2.30565365e-06	6.595991e-09
2.30567209e-06	6.839424e-09
2.30569054e-06	7.164945e-09
2.30570898e-06	7.363607e-09
2.30572743e-06	7.184740e-09
2.30574587e-06	6.714741e-09
2.30576432e-06	7.366389e-09
2.30578276e-06	7.956679e-09
2.30580121e-06	6.390794e-09
2.30581966e-06	7.067237e-09
2.30583810e-06	7.470188e-09
2.30585655e-06	7.444660e-09
2.30587500e-06	7.374818e-09
2.30589344e-06	6.941835e-09
2.30591189e-06	7.409295e-09
2.30593034e-06	7.801568e-09
2.30594879e-06	7.672786e-09
2.30596723e-06	7.681957e-09
2.30598568e-06	7.525654e-09
2.30600413e-06	7.993613e-09
2.30602258e-06	8.395264e-09
2.30604102e-06	8.524352e-09
2.30605947e-06	8.603205e-09
2.30607792e-06	8.484501e-09
2.30609637e-06	8.357109e-09
2.30611482e-06	8.168177e-09
2.30613327e-06	7.664081e-09
2.30615172e-06	7.615202e-09
2.30617017e-06	8.122188e-09
2.30618862e-06	7.943773e-09
2.30620707e-06	7.640560e-09
2.30622551e-06	7.878722e-09
2.30624396e-06	8.304249e-09
2.30626241e-06	8.293353e-09
2.30628087e-06	8.194197e-09
2.30629932e-06	8.370136e-09
2.30631777e-06	8.695169e-09
2.30633622e-06	8.315648e-09
2.30635467e-06	7.784629e-09
2.30637312e-06	8.106377e-09
2.30639157e-06	8.019318e-09
2.30641002e-06	7.929551e-09
2.30642847e-06	8.150850e-09
2.30644692e-06	7.414795e-09
2.30646537e-06	7.330541e-09
2.30648383e-06	7.582204e-09
2.30650228e-06	7.121461e-09
2.30652073e-06	6.931018e-09
2.30653918e-06	7.427857e-09
2.30655763e-06	7.607260e-09
2.30657609e-06	7.639559e-09
2.30659454e-06	7.669939e-09
2.30661299e-06	7.785676e-09
2.30663144e-06	7.092231e-09
2.30664990e-06	6.753635e-09
2.30666835e-06	6.650449e-09
2.30668681e-06	6.982971e-09
2.30670526e-06	7.360493e-09
2.30672371e-06	7.266185e-09
2.30674217e-06	7.024852e-09
2.30676062e-06	6.463182e-09
2.30677907e-06	7.700418e-09
2.30679753e-06	7.748798e-09
2.30681598e-06	6.485523e-09
2.30683444e-06	7.082144e-09
2.30685289e-06	7.182661e-09
2.30687135e-06	7.553484e-09
2.30688980e-06	7.610070e-09
2.30690826e-06	7.367411e-09
2.30692671e-06	7.595476e-09
2.30694517e-06	7.912307e-09
2.30696362e-06	8.010764e-09
2.30698208e-06	8.073552e-09
2.30700053e-06	8.185904e-09
2.30701899e-06	8.486568e-09
2.30703745e-06	8.250972e-09
2.30705590e-06	7.983454e-09
2.30707436e-06	8.397855e-09
2.30709282e-06	8.408734e-09
2.30711127e-06	8.506454e-09
2.30712973e-06	8.545073e-09
2.30714819e-06	8.628417e-09
2.30716664e-06	8.492937e-09
2.30718510e-06	8.577842e-09
2.30720356e-06	8.633346e-09
2.30722202e-06	8.324280e-09
2.30724047e-06	8.042961e-09
2.30725893e-06	8.030829e-09
2.30727739e-06	8.183202e-09
2.30729585e-06	7.599569e-09
2.30731431e-06	7.400912e-09
2.30733277e-06	8.043679e-09
2.30735122e-06	8.360737e-09
2.30736968e-06	8.083342e-09
2.30738814e-06	7.461356e-09
2.30740660e-06	7.819274e-09
2.30742506e-06	8.264427e-09
2.30744352e-06	8.453919e-09
2.30746198e-06	8.408258e-09
2.30748044e-06	8.159453e-09
2.30749890e-06	7.947952e-09
2.30751736e-06	7.562456e-09
2.30753582e-06	7.739027e-09
2.30755428e-06	7.872658e-09
2.30757274e-06	7.666518e-09
2.30759120e-06	7.392411e-09
2.30760966e-06	7.057377e-09
2.30762812e-06	6.656964e-09
2.30764658e-06	6.831174e-09
2.30766504e-06	6.753571e-09
2.30768351e-06	7.034470e-09
2.30770197e-06	7.477714e-09
2.30772043e-06	7.818889e-09
2.30773889e-06	7.801198e-09
2.30775735e-06	7.706871e-09
2.30777581e-06	7.445507e-09
2.30779428e-06	7.028989e-09
2.30781274e-06	6.638818e-09
2.30783120e-06	7.612648e-09
2.30784966e-06	7.793688e-09
2.30786813e-06	6.377186e-09
2.30788659e-06	7.063488e-09
2.30790505e-06	7.434799e-09
2.30792352e-06	7.591011e-09
2.30794198e-06	7.768407e-09
2.30796044e-06	8.005225e-09
2.30797891e-06	8.134550e-09
2.30799737e-06	8.029993e-09
2.30801583e-06	7.834867e-09
2.30803430e-06	7.295850e-09
2.30805276e-06	6.706808e-09
2.30807123e-06	7.252219e-09
2.30808969e-06	8.022926e-09
2.30810816e-06	8.236631e-09
2.30812662e-06	8.195629e-09
2.30814509e-06	8.445128e-09
2.30816355e-06	8.630421e-09
2.30818202e-06	8.370442e-09
2.30820048e-06	7.794368e-09
2.30821895e-06	7.847925e-09
2.30823741e-06	8.311735e-09
2.30825588e-06	8.425298e-09
2.30827434e-06	7.934365e-09
2.30829281e-06	7.771580e-09
2.30831128e-06	8.171127e-09
2.30832974e-06	8.246823e-09
2.30834821e-06	8.081691e-09
2.30836668e-06	7.959235e-09
2.30838514e-06	8.127309e-09
2.30840361e-06	8.433622e-09
2.30842208e-06	8.521825e-09
2.30844055e-06	8.554670e-09
2.30845901e-06	8.316182e-09
2.30847748e-06	7.866288e-09
2.30849595e-06	7.546830e-09
2.30851442e-06	7.331742e-09
2.30853288e-06	7.746431e-09
2.30855135e-06	8.094490e-09
2.30856982e-06	8.236267e-09
2.30858829e-06	8.328254e-09
2.30860676e-06	8.467882e-09
2.30862523e-06	8.518867e-09
2.30864370e-06	8.299478e-09
2.30866217e-06	8.343688e-09
2.30868063e-06	8.545255e-09
2.30869911e-06	8.342903e-09
2.30871757e-06	8.080714e-09
2.30873604e-06	7.889403e-09
2.30875451e-06	7.971353e-09
2.30877298e-06	8.209111e-09
2.30879145e-06	7.994223e-09
2.30880992e-06	7.661752e-09
2.30882840e-06	7.594944e-09
2.30884687e-06	7.728558e-09
2.30886534e-06	7.531938e-09
2.30888381e-06	7.091643e-09
2.30890228e-06	6.540768e-09
2.30892075e-06	7.188057e-09
2.30893922e-06	8.044943e-09
2.30895769e-06	6.440917e-09
2.30897616e-06	6.867907e-09
2.30899464e-06	6.818985e-09
2.30901311e-06	7.168761e-09
2.30903158e-06	7.631457e-09
2.30905005e-06	7.761453e-09
2.30906852e-06	7.459012e-09
2.30908700e-06	7.142350e-09
2.30910547e-06	7.256292e-09
2.30912394e-06	7.153494e-09
2.30914242e-06	7.721875e-09
2.30916089e-06	7.704530e-09
2.30917936e-06	7.663660e-09
2.30919784e-06	6.852297e-09
2.30921631e-06	6.954342e-09
2.30923478e-06	7.681564e-09
2.30925326e-06	7.989046e-09
2.30927173e-06	8.338043e-09
2.30929021e-06	8.322256e-09
2.30930868e-06	8.476221e-09
2.30932715e-06	8.289285e-09
2.30934563e-06	7.792917e-09
2.30936410e-06	6.940504e-09
2.30938258e-06	7.367242e-09
2.30940105e-06	8.100915e-09
2.30941953e-06	8.164967e-09
2.30943800e-06	8.007537e-09
2.30945648e-06	7.807581e-09
2.30947495e-06	7.674031e-09
2.30949343e-06	7.794871e-09
2.30951191e-06	7.689392e-09
2.30953038e-06	7.468090e-09
2.30954886e-06	7.709458e-09
2.30956733e-06	7.987180e-09
2.30958581e-06	8.135245e-09
2.30960429e-06	7.898983e-09
2.30962277e-06	7.754218e-09
2.30964124e-06	7.366268e-09
2.30965972e-06	6.501301e-09
2.30967820e-06	6.685523e-09
2.30969667e-06	6.643366e-09
2.30971515e-06	7.408196e-09
2.30973363e-06	7.697200e-09
2.30975211e-06	7.198866e-09
2.30977059e-06	6.667584e-09
2.30978906e-06	6.669557e-09
2.30980754e-06	6.547710e-09
2.30982602e-06	6.677335e-09
2.30984450e-06	6.544383e-09
2.30986298e-06	7.511531e-09
2.30988146e-06	7.871648e-09
2.30989994e-06	7.753884e-09
2.30991842e-06	7.619317e-09
2.30993689e-06	6.958906e-09
2.30995537e-06	7.291244e-09
2.30997385e-06	7.614057e-09
2.30999233e-06	7.403591e-09
2.31001081e-06	7.156682e-09
2.31002929e-06	6.813502e-09
2.31004777e-06	6.434124e-09
2.31006625e-06	8.186122e-09
2.31008473e-06	6.622427e-09
2.31010321e-06	6.741735e-09
2.31012170e-06	7.004382e-09
2.31014018e-06	6.361671e-09
2.31015866e-06	6.988939e-09
2.31017714e-06	7.785202e-09
2.31019562e-06	7.934731e-09
2.31021410e-06	7.427758e-09
2.31023258e-06	7.686177e-09
2.31025107e-06	8.266590e-09
2.31026955e-06	8.457645e-09
2.31028803e-06	8.428092e-09
2.31030651e-06	8.337343e-09
2.31032499e-06	7.868877e-09
2.31034348e-06	7.763120e-09
2.31036196e-06	7.967319e-09
2.31038044e-06	7.578400e-09
2.31039893e-06	7.396015e-09
2.31041741e-06	7.666316e-09
2.31043589e-06	7.903575e-09
2.31045438e-06	7.363509e-09
2.31047286e-06	7.227973e-09
2.31049134e-06	7.601636e-09
2.31050983e-06	7.408521e-09
2.31052831e-06	7.879881e-09
2.31054680e-06	8.131557e-09
2.31056528e-06	7.991484e-09
2.31058377e-06	7.684657e-09
2.31060225e-06	8.117347e-09
2.31062073e-06	8.659783e-09
2.31063922e-06	8.503347e-09
2.31065770e-06	8.315234e-09
2.31067619e-06	8.397353e-09
2.31069467e-06	7.902432e-09
2.31071316e-06	7.974689e-09
2.31073165e-06	7.636741e-09
2.31075013e-06	7.668626e-09
2.31076862e-06	7.481055e-09
2.31078710e-06	7.752119e-09
2.31080559e-06	7.710458e-09
2.31082408e-06	7.934571e-09
2.31084256e-06	8.138478e-09
2.31086105e-06	7.959026e-09
2.31087954e-06	8.032573e-09
2.31089802e-06	7.617225e-09
2.31091651e-06	7.070720e-09
2.31093500e-06	7.293683e-09
2.31095349e-06	7.564776e-09
2.31097197e-06	7.166425e-09
2.31099046e-06	7.091296e-09
2.31100895e-06	7.089873e-09
2.31102744e-06	6.999636e-09
2.31104593e-06	7.968085e-09
2.31106441e-06	8.101951e-09
2.31108290e-06	7.881004e-09
2.31110139e-06	7.923267e-09
2.31111988e-06	7.831591e-09
2.31113837e-06	7.668541e-09
2.31115686e-06	7.295702e-09
2.31117535e-06	6.618664e-09
2.31119384e-06	6.705608e-09
2.31121233e-06	6.540979e-09
2.31123082e-06	7.600738e-09
2.31124931e-06	7.762324e-09
2.31126780e-06	6.405731e-09
2.31128629e-06	6.851004e-09
2.31130478e-06	7.228538e-09
2.31132327e-06	7.201294e-09
2.31134176e-06	7.259880e-09
2.31136025e-06	7.550221e-09
2.31137874e-06	7.801343e-09
2.31139723e-06	7.959189e-09
2.31141572e-06	7.631097e-09
2.31143421e-06	7.408641e-09
2.31145270e-06	7.706175e-09
2.31147120e-06	7.389866e-09
2.31148969e-06	7.618262e-09
2.31150818e-06	7.700707e-09
2.31152667e-06	7.426652e-09
2.31154516e-06	6.995415e-09
2.31156366e-06	6.585090e-09
2.31158215e-06	6.833104e-09
2.31160064e-06	7.572526e-09
2.31161913e-06	6.924515e-09
2.31163763e-06	6.402189e-09
2.31165612e-06	6.437376e-09
2.31167461e-06	6.663846e-09
2.31169311e-06	7.515354e-09
2.31171160e-06	7.872727e-09
2.31173009e-06	7.525825e-09
2.31174859e-06	7.707575e-09
2.31176708e-06	7.938416e-09
2.31178558e-06	7.455302e-09
2.31180407e-06	7.858099e-09
2.31182257e-06	8.056414e-09
2.31184106e-06	7.761458e-09
2.31185955e-06	7.840539e-09
2.31187805e-06	7.936362e-09
2.31189654e-06	6.600949e-09
2.31191504e-06	6.597542e-09
2.31193353e-06	7.657989e-09
2.31195203e-06	7.396049e-09
2.31197052e-06	7.926568e-09
2.31198902e-06	8.306445e-09
2.31200752e-06	8.004562e-09
2.31202601e-06	7.779754e-09
2.31204451e-06	7.307647e-09
2.31206301e-06	7.498680e-09
2.31208150e-06	7.738078e-09
2.31210000e-06	8.179697e-09
2.31211850e-06	7.992987e-09
2.31213699e-06	7.544050e-09
2.31215549e-06	8.057217e-09
2.31217399e-06	7.933091e-09
2.31219248e-06	7.234524e-09
2.31221098e-06	7.465044e-09
2.31222948e-06	7.534410e-09
2.31224798e-06	7.656791e-09
2.31226648e-06	7.787590e-09
2.31228497e-06	7.381825e-09
2.31230347e-06	7.062910e-09
2.31232197e-06	7.764016e-09
2.31234047e-06	7.500733e-09
2.31235897e-06	7.194765e-09
2.31237747e-06	7.165960e-09
2.31239596e-06	7.141961e-09
2.31241446e-06	6.823085e-09
2.31243296e-06	6.335238e-09
2.31245146e-06	8.139120e-09
2.31246996e-06	6.835341e-09
2.31248846e-06	6.630296e-09
2.31250696e-06	7.084908e-09
2.31252546e-06	7.409383e-09
2.31254396e-06	7.312202e-09
2.31256246e-06	7.605218e-09
2.31258096e-06	7.717462e-09
2.31259946e-06	7.580770e-09
2.31261796e-06	8.044882e-09
2.31263647e-06	8.087128e-09
2.31265497e-06	8.025679e-09
2.31267347e-06	8.328330e-09
2.31269197e-06	8.270056e-09
2.31271047e-06	7.798512e-09
2.31272897e-06	7.855858e-09
2.31274748e-06	7.970627e-09
2.31276598e-06	7.898843e-09
2.31278448e-06	8.349318e-09
2.31280298e-06	8.308407e-09
2.31282148e-06	8.102372e-09
2.31283999e-06	7.477493e-09
2.31285849e-06	6.950023e-09
2.31287699e-06	7.817915e-09
2.31289550e-06	7.988812e-09
2.31291400e-06	7.750142e-09
2.31293250e-06	7.650971e-09
2.31295100e-06	7.965411e-09
2.31296951e-06	7.899051e-09
2.31298801e-06	8.337727e-09
2.31300652e-06	7.921720e-09
2.31302502e-06	7.790169e-09
2.31304352e-06	7.816435e-09
2.31306203e-06	7.472914e-09
2.31308053e-06	7.561182e-09
2.31309904e-06	7.259464e-09
2.31311754e-06	6.558296e-09
2.31313605e-06	6.628576e-09
2.31315455e-06	7.349981e-09
2.31317306e-06	7.166576e-09
2.31319156e-06	7.666019e-09
2.31321007e-06	7.725833e-09
2.31322857e-06	7.096294e-09
2.31324708e-06	6.917692e-09
2.31326559e-06	7.778900e-09
2.31328409e-06	7.999128e-09
2.31330260e-06	7.939613e-09
2.31332111e-06	8.227732e-09
2.31333961e-06	8.518787e-09
2.31335812e-06	8.224710e-09
2.31337662e-06	7.946533e-09
2.31339513e-06	7.828889e-09
2.31341364e-06	7.861630e-09
2.31343215e-06	8.216382e-09
2.31345065e-06	8.359493e-09
2.31346916e-06	7.997323e-09
2.31348767e-06	8.025470e-09
2.31350618e-06	8.192344e-09
2.31352469e-06	8.082553e-09
2.31354319e-06	8.056494e-09
2.31356170e-06	7.757441e-09
2.31358021e-06	7.817950e-09
2.31359872e-06	7.453337e-09
2.31361723e-06	7.396454e-09
2.31363574e-06	7.412465e-09
2.31365425e-06	7.119072e-09
2.31367275e-06	6.720547e-09
2.31369127e-06	6.628340e-09
2.31370977e-06	8.118550e-09
2.31372828e-06	6.353293e-09
2.31374679e-06	6.724292e-09
2.31376530e-06	7.174183e-09
2.31378381e-06	7.226971e-09
2.31380232e-06	7.357138e-09
2.31382083e-06	7.158940e-09
2.31383935e-06	7.286988e-09
2.31385786e-06	7.644715e-09
2.31387637e-06	7.746138e-09
2.31389488e-06	7.637023e-09
2.31391339e-06	7.836452e-09
2.31393190e-06	7.820723e-09
2.31395041e-06	7.239132e-09
2.31396892e-06	7.405614e-09
2.31398744e-06	7.578099e-09
2.31400595e-06	7.258987e-09
2.31402446e-06	7.320446e-09
2.31404297e-06	6.738468e-09
2.31406148e-06	6.744387e-09
2.31408000e-06	7.303084e-09
2.31409851e-06	7.826488e-09
2.31411702e-06	7.701595e-09
2.31413553e-06	8.107063e-09
2.31415405e-06	8.125766e-09
2.31417256e-06	8.244112e-09
2.31419107e-06	8.147035e-09
2.31420959e-06	8.434438e-09
2.31422810e-06	8.250664e-09
2.31424662e-06	7.707323e-09
2.31426513e-06	7.975467e-09
2.31428364e-06	8.245992e-09
2.31430216e-06	8.451169e-09
2.31432067e-06	7.904958e-09
2.31433919e-06	7.904289e-09
2.31435770e-06	7.961056e-09
2.31437622e-06	7.194599e-09
2.31439473e-06	6.891015e-09
2.31441325e-06	7.827200e-09
2.31443176e-06	7.841353e-09
2.31445028e-06	8.045269e-09
2.31446879e-06	7.664041e-09
2.31448731e-06	7.513283e-09
2.31450582e-06	7.905653e-09
2.31452434e-06	7.754336e-09
2.31454286e-06	7.390395e-09
2.31456137e-06	7.815645e-09
2.31457989e-06	8.150066e-09
2.31459841e-06	8.091907e-09
2.31461692e-06	7.922081e-09
2.31463544e-06	7.710549e-09
2.31465396e-06	7.130652e-09
2.31467247e-06	6.573032e-09
2.31469099e-06	6.687311e-09
2.31470951e-06	6.947795e-09
2.31472803e-06	7.197495e-09
2.31474654e-06	7.193840e-09
2.31476506e-06	7.518723e-09
2.31478358e-06	7.712457e-09
2.31480210e-06	7.312450e-09
2.31482062e-06	7.301312e-09
2.31483913e-06	7.614130e-09
2.31485765e-06	7.263071e-09
2.31487617e-06	7.052249e-09
2.31489469e-06	7.370268e-09
2.31491321e-06	6.944049e-09
2.31493173e-06	6.915533e-09
2.31495025e-06	6.830425e-09
2.31496877e-06	6.521290e-09
2.31498729e-06	7.147849e-09
2.31500581e-06	8.087045e-09
2.31502433e-06	6.295593e-09
2.31504285e-06	6.717120e-09
2.31506137e-06	6.855170e-09
2.31507989e-06	7.079591e-09
2.31509841e-06	7.444261e-09
2.31511693e-06	7.172987e-09
2.31513545e-06	7.318848e-09
2.31515397e-06	7.776664e-09
2.31517250e-06	7.956266e-09
2.31519102e-06	8.138527e-09
2.31520954e-06	7.986887e-09
2.31522806e-06	7.517166e-09
2.31524658e-06	7.493833e-09
2.31526510e-06	7.574030e-09
2.31528362e-06	6.878209e-09
2.31530215e-06	6.573798e-09
2.31532067e-06	6.851209e-09
2.31533919e-06	7.625989e-09
2.31535771e-06	8.053720e-09
2.31537624e-06	8.255846e-09
2.31539476e-06	8.326510e-09
2.31541328e-06	7.969837e-09
2.31543181e-06	7.705871e-09
2.31545033e-06	7.849050e-09
2.31546885e-06	7.868192e-09
2.31548738e-06	7.777716e-09
2.31550590e-06	8.055975e-09
2.31552443e-06	8.125887e-09
2.31554295e-06	7.982991e-09
2.31556148e-06	7.996294e-09
2.31558000e-06	8.514188e-09
2.31559852e-06	7.823769e-09
2.31561705e-06	7.853738e-09
2.31563557e-06	8.375127e-09
2.31565410e-06	8.330864e-09
2.31567262e-06	8.273269e-09
2.31569115e-06	7.401299e-09
2.31570967e-06	7.083156e-09
2.31572820e-06	7.584043e-09
2.31574673e-06	7.678802e-09
2.31576525e-06	7.287474e-09
2.31578378e-06	7.512084e-09
2.31580231e-06	7.468323e-09
2.31582083e-06	6.815662e-09
2.31583936e-06	7.723745e-09
2.31585788e-06	7.595469e-09
2.31587641e-06	7.344090e-09
2.31589494e-06	7.926905e-09
2.31591347e-06	8.186984e-09
2.31593199e-06	8.451846e-09
2.31595052e-06	8.129171e-09
2.31596905e-06	7.796956e-09
2.31598758e-06	7.885466e-09
2.31600610e-06	7.579234e-09
2.31602463e-06	7.973209e-09
2.31604316e-06	8.326980e-09
2.31606169e-06	8.412077e-09
2.31608022e-06	8.236790e-09
2.31609875e-06	7.940155e-09
2.31611727e-06	7.520560e-09
2.31613580e-06	7.445247e-09
2.31615433e-06	7.407119e-09
2.31617286e-06	6.965878e-09
2.31619139e-06	7.488016e-09
2.31620992e-06	7.724242e-09
2.31622845e-06	7.283977e-09
2.31624698e-06	6.672712e-09
2.31626551e-06	6.773529e-09
2.31628404e-06	6.517884e-09
2.31630257e-06	6.467432e-09
2.31632110e-06	6.549417e-09
2.31633963e-06	8.142155e-09
2.31635816e-06	6.331965e-09
2.31637669e-06	6.749496e-09
2.31639522e-06	7.116141e-09
2.31641375e-06	7.125589e-09
2.31643229e-06	7.035328e-09
2.31645082e-06	7.287493e-09
2.31646935e-06	7.256421e-09
2.31648788e-06	7.652503e-09
2.31650641e-06	7.875114e-09
2.31652494e-06	7.787551e-09
2.31654348e-06	7.515746e-09
2.31656201e-06	6.319985e-09
2.31658054e-06	6.402375e-09
2.31659908e-06	7.405843e-09
2.31661761e-06	7.459538e-09
2.31663614e-06	7.681907e-09
2.31665467e-06	7.920191e-09
2.31667321e-06	7.807224e-09
2.31669174e-06	7.318117e-09
2.31671027e-06	7.842150e-09
2.31672881e-06	8.072169e-09
2.31674734e-06	8.107382e-09
2.31676587e-06	7.677079e-09
2.31678441e-06	8.105659e-09
2.31680294e-06	8.256837e-09
2.31682148e-06	7.408904e-09
2.31684001e-06	6.832672e-09
2.31685855e-06	7.489779e-09
2.31687708e-06	8.024814e-09
2.31689562e-06	8.063457e-09
2.31691415e-06	8.278593e-09
2.31693269e-06	8.198711e-09
2.31695122e-06	8.358146e-09
2.31696976e-06	8.365561e-09
2.31698830e-06	7.332763e-09
2.31700683e-06	7.207608e-09
2.31702537e-06	7.467583e-09
2.31704390e-06	7.245391e-09
2.31706244e-06	7.642940e-09
2.31708098e-06	8.015261e-09
2.31709951e-06	8.330865e-09
2.31711805e-06	8.144992e-09
2.31713659e-06	7.596927e-09
2.31715512e-06	6.391832e-09
2.31717366e-06	6.476234e-09
2.31719220e-06	7.701254e-09
2.31721073e-06	8.066255e-09
2.31722927e-06	7.790917e-09
2.31724781e-06	7.925293e-09
2.31726635e-06	8.141976e-09
2.31728489e-06	7.898339e-09
2.31730342e-06	8.149223e-09
2.31732196e-06	7.957701e-09
2.31734050e-06	7.812820e-09
2.31735904e-06	8.189855e-09
2.31737758e-06	8.173084e-09
2.31739612e-06	7.655522e-09
2.31741466e-06	7.453877e-09
2.31743320e-06	7.691953e-09
2.31745174e-06	7.249439e-09
2.31747028e-06	7.532412e-09
2.31748882e-06	6.914854e-09
2.31750736e-06	6.428404e-09
2.31752590e-06	7.244931e-09
2.31754444e-06	7.468597e-09
2.31756298e-06	7.345092e-09
2.31758152e-06	6.879731e-09
2.31760006e-06	6.763398e-09
2.31761860e-06	6.820958e-09
2.31763714e-06	6.737633e-09
2.31765568e-06	6.948246e-09
2.31767422e-06	6.704403e-09
2.31769276e-06	6.315134e-09
2.31771131e-06	8.000023e-09
2.31772985e-06	6.786390e-09
2.31774839e-06	6.600825e-09
2.31776693e-06	6.939649e-09
2.31778547e-06	6.742133e-09
2.31780401e-06	7.042411e-09
2.31782256e-06	7.422690e-09
2.31784110e-06	7.829666e-09
2.31785964e-06	7.965763e-09
2.31787819e-06	7.654945e-09
2.31789673e-06	7.485020e-09
2.31791527e-06	8.014333e-09
2.31793381e-06	7.996954e-09
2.31795236e-06	7.744239e-09
2.31797090e-06	7.974323e-09
2.31798945e-06	8.110606e-09
2.31800799e-06	7.629832e-09
2.31802653e-06	7.484128e-09
2.31804508e-06	7.512415e-09
2.31806362e-06	7.774916e-09
2.31808217e-06	7.866745e-09
2.31810071e-06	7.520906e-09
2.31811926e-06	8.021628e-09
2.31813780e-06	7.822674e-09
2.31815635e-06	7.086382e-09
2.31817489e-06	7.221060e-09
2.31819344e-06	8.152743e-09
2.31821198e-06	8.018099e-09
2.31823053e-06	7.217854e-09
2.31824907e-06	7.009964e-09
2.31826762e-06	6.738546e-09
2.31828617e-06	7.251295e-09
2.31830471e-06	7.991862e-09
2.31832326e-06	8.409434e-09
2.31834181e-06	8.172212e-09
2.31836035e-06	7.674627e-09
2.31837890e-06	7.877566e-09
2.31839745e-06	8.271416e-09
2.31841599e-06	8.365856e-09
2.31843454e-06	8.245127e-09
2.31845309e-06	7.334930e-09
2.31847164e-06	6.519075e-09
2.31849018e-06	6.442610e-09
2.31850873e-06	6.796388e-09
2.31852728e-06	7.502217e-09
2.31854583e-06	7.834583e-09
2.31856438e-06	8.262002e-09
2.31858292e-06	8.105724e-09
2.31860147e-06	7.751043e-09
2.31862002e-06	7.783641e-09
2.31863857e-06	7.611969e-09
2.31865712e-06	8.073694e-09
2.31867567e-06	8.014980e-09
2.31869422e-06	7.750732e-09
2.31871277e-06	7.911717e-09
2.31873132e-06	8.232005e-09
2.31874987e-06	8.216759e-09
2.31876842e-06	8.389703e-09
2.31878697e-06	8.612035e-09
2.31880552e-06	8.419075e-09
2.31882407e-06	7.878105e-09
2.31884262e-06	8.065421e-09
2.31886117e-06	7.777767e-09
2.31887972e-06	7.487644e-09
2.31889827e-06	7.741453e-09
2.31891682e-06	8.016986e-09
2.31893538e-06	7.850432e-09
2.31895393e-06	7.835506e-09
2.31897248e-06	7.921697e-09
2.31899103e-06	7.746516e-09
2.31900958e-06	7.688289e-09
2.31902813e-06	7.529502e-09
2.31904669e-06	7.418534e-09
2.31906524e-06	7.140141e-09
2.31908379e-06	6.958137e-09
2.31910234e-06	6.421535e-09
2.31912090e-06	7.534688e-09
2.31913945e-06	7.638817e-09
2.31915800e-06	6.349325e-09
2.31917656e-06	6.890539e-09
2.31919511e-06	7.280378e-09
2.31921366e-06	7.573944e-09
2.31923222e-06	7.697861e-09
2.31925077e-06	7.593927e-09
2.31926932e-06	7.698165e-09
2.31928788e-06	7.643798e-09
2.31930643e-06	7.473338e-09
2.31932499e-06	7.827203e-09
2.31934354e-06	7.117022e-09
2.31936210e-06	7.415957e-09
2.31938065e-06	7.809338e-09
2.31939921e-06	8.155002e-09
2.31941776e-06	8.161803e-09
2.31943632e-06	8.275483e-09
2.31945487e-06	7.976722e-09
2.31947343e-06	7.113003e-09
2.31949198e-06	7.232241e-09
2.31951054e-06	7.242212e-09
2.31952910e-06	7.158383e-09
2.31954765e-06	7.184061e-09
2.31956621e-06	6.890704e-09
2.31958477e-06	6.979773e-09
2.31960332e-06	7.988095e-09
2.31962188e-06	8.401496e-09
2.31964044e-06	8.484076e-09
2.31965899e-06	8.352354e-09
2.31967755e-06	7.733420e-09
2.31969611e-06	6.745756e-09
2.31971466e-06	7.262656e-09
2.31973322e-06	7.929910e-09
2.31975178e-06	8.385974e-09
2.31977034e-06	8.574441e-09
2.31978890e-06	8.516171e-09
2.31980746e-06	8.686219e-09
2.31982601e-06	8.611496e-09
2.31984457e-06	8.520241e-09
2.31986313e-06	8.201809e-09
2.31988169e-06	7.901680e-09
2.31990025e-06	8.310760e-09
2.31991881e-06	8.558083e-09
2.31993737e-06	8.552168e-09
2.31995593e-06	8.012940e-09
2.31997449e-06	7.727289e-09
2.31999305e-06	7.149670e-09
2.32001161e-06	6.594543e-09
2.32003017e-06	7.324478e-09
2.32004873e-06	8.011957e-09
2.32006729e-06	7.633293e-09
2.32008585e-06	7.588312e-09
2.32010441e-06	8.073778e-09
2.32012297e-06	8.404444e-09
2.32014153e-06	8.263602e-09
2.32016009e-06	8.397114e-09
2.32017865e-06	8.168522e-09
2.32019721e-06	8.121936e-09
2.32021577e-06	7.849438e-09
2.32023434e-06	7.842135e-09
2.32025290e-06	7.350657e-09
2.32027146e-06	6.512680e-09
2.32029002e-06	7.480763e-09
2.32030858e-06	8.204719e-09
2.32032715e-06	8.278675e-09
2.32034571e-06	7.900874e-09
2.32036427e-06	7.256696e-09
2.32038284e-06	7.163573e-09
2.32040140e-06	7.334989e-09
2.32041996e-06	6.479931e-09
2.32043853e-06	6.469061e-09
2.32045709e-06	7.241950e-09
2.32047565e-06	7.495258e-09
2.32049422e-06	7.256816e-09
2.32051278e-06	7.161220e-09
2.32053135e-06	6.827341e-09
2.32054991e-06	6.563397e-09
2.32056847e-06	6.482881e-09
2.32058704e-06	8.107993e-09
2.32060560e-06	6.555277e-09
2.32062417e-06	6.678127e-09
2.32064273e-06	7.035337e-09
2.32066130e-06	7.223975e-09
2.32067986e-06	7.329876e-09
2.32069843e-06	7.483708e-09
2.32071699e-06	7.616642e-09
2.32073556e-06	7.178994e-09
2.32075413e-06	7.248717e-09
2.32077269e-06	7.291931e-09
2.32079126e-06	7.902225e-09
2.32080982e-06	8.230218e-09
2.32082839e-06	8.256173e-09
2.32084696e-06	8.103657e-09
2.32086552e-06	7.711682e-09
2.32088409e-06	7.159859e-09
2.32090266e-06	7.327334e-09
2.32092123e-06	7.507708e-09
2.32093979e-06	7.207469e-09
2.32095836e-06	7.234798e-09
2.32097693e-06	7.820515e-09
2.32099550e-06	7.935517e-09
2.32101406e-06	7.740193e-09
2.32103263e-06	7.633374e-09
2.32105120e-06	7.458217e-09
2.32106977e-06	7.982367e-09
2.32108834e-06	8.388686e-09
2.32110691e-06	8.329445e-09
2.32112547e-06	7.716938e-09
2.32114404e-06	7.249062e-09
2.32116261e-06	7.490471e-09
2.32118118e-06	6.904329e-09
2.32119975e-06	6.578898e-09
2.32121832e-06	6.927158e-09
2.32123689e-06	7.711439e-09
2.32125546e-06	8.103085e-09
2.32127403e-06	7.858358e-09
2.32129260e-06	7.789779e-09
2.32131117e-06	7.163855e-09
2.32132974e-06	6.701687e-09
2.32134831e-06	6.851283e-09
2.32136688e-06	7.355092e-09
2.32138545e-06	8.231121e-09
2.32140403e-06	8.463774e-09
2.32142260e-06	8.478663e-09
2.32144117e-06	8.484895e-09
2.32145974e-06	8.451337e-09
2.32147831e-06	8.239602e-09
2.32149688e-06	7.532356e-09
2.32151545e-06	7.493796e-09
2.32153403e-06	7.818624e-09
2.32155260e-06	8.137277e-09
2.32157117e-06	8.467485e-09
2.32158974e-06	8.491704e-09
2.32160832e-06	8.212199e-09
2.32162689e-06	7.610711e-09
2.32164546e-06	6.823911e-09
2.32166404e-06	7.163617e-09
2.32168261e-06	7.952106e-09
2.32170118e-06	8.310785e-09
2.32171976e-06	8.296181e-09
2.32173833e-06	8.245090e-09
2.32175690e-06	8.216660e-09
2.32177548e-06	7.693011e-09
2.32179405e-06	7.034501e-09
2.32181263e-06	7.841262e-09
2.32183120e-06	7.827384e-09
2.32184978e-06	7.585838e-09
2.32186835e-06	7.555396e-09
2.32188692e-06	7.735975e-09
2.32190550e-06	7.568669e-09
2.32192408e-06	7.494929e-09
2.32194265e-06	6.394960e-09
2.32196123e-06	6.357686e-09
2.32197980e-06	7.181882e-09
2.32199838e-06	7.446501e-09
2.32201695e-06	7.293582e-09
2.32203553e-06	7.011740e-09
2.32205411e-06	6.461633e-09
2.32207268e-06	7.233419e-09
2.32209126e-06	7.855885e-09
2.32210984e-06	6.286438e-09
2.32212841e-06	6.836019e-09
2.32214699e-06	7.214657e-09
2.32216557e-06	7.324464e-09
2.32218414e-06	6.866038e-09
2.32220272e-06	6.714174e-09
2.32222130e-06	7.351543e-09
2.32223988e-06	7.464531e-09
2.32225846e-06	7.414268e-09
2.32227703e-06	7.992918e-09
2.32229561e-06	7.989787e-09
2.32231419e-06	7.598880e-09
2.32233277e-06	7.690289e-09
2.32235135e-06	7.527461e-09
2.32236993e-06	6.915956e-09
2.32238850e-06	7.010461e-09
2.32240708e-06	7.669658e-09
2.32242566e-06	7.786880e-09
2.32244424e-06	7.857956e-09
2.32246282e-06	7.181150e-09
2.32248140e-06	7.186819e-09
2.32249998e-06	7.424495e-09
2.32251856e-06	7.990908e-09
2.32253714e-06	7.782950e-09
2.32255572e-06	7.015683e-09
2.32257430e-06	6.849976e-09
2.32259288e-06	7.703620e-09
2.32261146e-06	7.583380e-09
2.32263005e-06	7.035953e-09
2.32264863e-06	7.292834e-09
2.32266721e-06	7.847967e-09
2.32268579e-06	7.744527e-09
2.32270437e-06	7.387198e-09
2.32272295e-06	7.590465e-09
2.32274153e-06	7.585098e-09
2.32276012e-06	7.605300e-09
2.32277870e-06	7.326959e-09
2.32279728e-06	7.516211e-09
2.32281586e-06	7.468038e-09
2.32283444e-06	7.443440e-09
2.32285303e-06	7.356932e-09
2.32287161e-06	7.635958e-09
2.32289019e-06	7.188581e-09
2.32290878e-06	7.025616e-09
2.32292736e-06	6.534869e-09
2.32294594e-06	7.285464e-09
2.32296453e-06	7.551345e-09
2.32298311e-06	7.482536e-09
2.32300169e-06	7.240083e-09
2.32302028e-06	7.721073e-09
2.32303886e-06	7.173125e-09
2.32305745e-06	7.677881e-09
2.32307603e-06	6.762045e-09
2.32309462e-06	6.353005e-09
2.32311320e-06	6.762245e-09
2.32313179e-06	7.384315e-09
2.32315037e-06	6.972567e-09
2.32316896e-06	6.415691e-09
2.32318754e-06	6.394033e-09
2.32320613e-06	7.428573e-09
2.32322471e-06	7.473289e-09
2.32324330e-06	7.371171e-09
2.32326188e-06	6.654852e-09
2.32328047e-06	6.315740e-09
2.32329906e-06	7.672563e-09
2.32331764e-06	7.752283e-09
2.32333623e-06	6.876953e-09
2.32335482e-06	7.236043e-09
2.32337340e-06	7.462887e-09
2.32339199e-06	7.560982e-09
2.32341058e-06	7.707057e-09
2.32342916e-06	7.287022e-09
2.32344775e-06	7.678947e-09
2.32346634e-06	7.155670e-09
2.32348493e-06	7.517607e-09
2.32350352e-06	7.720535e-09
2.32352210e-06	7.639417e-09
2.32354069e-06	6.986585e-09
2.32355928e-06	6.558154e-09
2.32357787e-06	6.794554e-09
2.32359646e-06	6.394229e-09
2.32361504e-06	7.683670e-09
2.32363363e-06	7.725768e-09
2.32365222e-06	6.371445e-09
2.32367081e-06	6.915803e-09
2.32368940e-06	7.170882e-09
2.32370799e-06	6.937435e-09
2.32372658e-06	7.642265e-09
2.32374517e-06	7.125309e-09
2.32376376e-06	7.148408e-09
2.32378235e-06	7.493826e-09
2.32380094e-06	6.654079e-09
2.32381953e-06	6.706236e-09
2.32383812e-06	7.655060e-09
2.32385671e-06	7.947557e-09
2.32387530e-06	8.018947e-09
2.32389389e-06	7.770655e-09
2.32391249e-06	7.702450e-09
2.32393108e-06	7.538219e-09
2.32394967e-06	7.352208e-09
2.32396826e-06	7.599671e-09
2.32398685e-06	7.316764e-09
2.32400544e-06	6.557176e-09
2.32402404e-06	6.651097e-09
2.32404263e-06	7.583332e-09
2.32406122e-06	7.314545e-09
2.32407981e-06	7.273024e-09
2.32409840e-06	7.365361e-09
2.32411700e-06	7.768545e-09
2.32413559e-06	8.103825e-09
2.32415418e-06	8.305128e-09
2.32417278e-06	8.169619e-09
2.32419137e-06	7.837960e-09
2.32420996e-06	8.070134e-09
2.32422856e-06	8.161435e-09
2.32424715e-06	8.175088e-09
2.32426575e-06	7.688816e-09
2.32428434e-06	7.522292e-09
2.32430293e-06	7.445101e-09
2.32432153e-06	7.926797e-09
2.32434012e-06	7.430485e-09
2.32435872e-06	7.344081e-09
2.32437731e-06	7.415462e-09
2.32439591e-06	7.185134e-09
2.32441450e-06	7.663051e-09
2.32443310e-06	7.208158e-09
2.32445169e-06	7.735676e-09
2.32447029e-06	7.397161e-09
2.32448888e-06	7.911525e-09
2.32450748e-06	8.244292e-09
2.32452608e-06	7.601162e-09
2.32454467e-06	7.351560e-09
2.32456327e-06	7.608419e-09
2.32458187e-06	8.105885e-09
2.32460046e-06	8.179306e-09
2.32461906e-06	7.692523e-09
2.32463766e-06	8.164595e-09
2.32465625e-06	7.894367e-09
2.32467485e-06	7.563259e-09
2.32469345e-06	7.539964e-09
2.32471205e-06	7.850510e-09
2.32473064e-06	7.220611e-09
2.32474924e-06	7.081057e-09
2.32476784e-06	7.528141e-09
2.32478644e-06	7.250344e-09
2.32480504e-06	7.566414e-09
2.32482363e-06	7.301515e-09
2.32484223e-06	7.214452e-09
2.32486083e-06	7.079118e-09
2.32487943e-06	7.274725e-09
2.32489803e-06	7.183414e-09
2.32491663e-06	7.298163e-09
2.32493523e-06	7.913445e-09
2.32495383e-06	7.948707e-09
2.32497243e-06	8.027830e-09
2.32499103e-06	7.696766e-09
2.32500963e-06	7.821098e-09
2.32502823e-06	7.900598e-09
2.32504683e-06	8.083533e-09
2.32506543e-06	8.034506e-09
2.32508403e-06	7.797090e-09
2.32510263e-06	7.365553e-09
2.32512123e-06	7.511105e-09
2.32513983e-06	7.149284e-09
2.32515843e-06	6.927887e-09
2.32517703e-06	6.392523e-09
2.32519563e-06	7.627940e-09
2.32521424e-06	7.336497e-09
2.32523284e-06	6.592498e-09
2.32525144e-06	7.735031e-09
2.32527004e-06	7.004156e-09
2.32528864e-06	7.169012e-09
2.32530725e-06	7.385328e-09
2.32532585e-06	7.343842e-09
2.32534445e-06	7.512979e-09
2.32536305e-06	7.981178e-09
2.32538166e-06	8.151805e-09
2.32540026e-06	7.957152e-09
2.32541886e-06	7.699881e-09
2.32543747e-06	7.830175e-09
2.32545607e-06	7.679941e-09
2.32547467e-06	8.069926e-09
2.32549328e-06	7.858699e-09
2.32551188e-06	7.688881e-09
2.32553048e-06	7.725818e-09
2.32554909e-06	7.817089e-09
2.32556769e-06	7.820789e-09
2.32558630e-06	7.643677e-09
2.32560490e-06	7.567017e-09
2.32562351e-06	7.449586e-09
2.32564211e-06	7.704489e-09
2.32566072e-06	7.246627e-09
2.32567932e-06	7.612470e-09
2.32569793e-06	7.711894e-09
2.32571654e-06	7.100199e-09
2.32573514e-06	7.759622e-09
2.32575375e-06	7.132722e-09
2.32577235e-06	7.447817e-09
2.32579096e-06	7.765087e-09
2.32580956e-06	8.002623e-09
2.32582817e-06	7.751968e-09
2.32584678e-06	6.782112e-09
2.32586538e-06	6.696086e-09
2.32588399e-06	6.749493e-09
2.32590260e-06	7.349404e-09
2.32592121e-06	7.643674e-09
2.32593981e-06	7.522547e-09
2.32595842e-06	7.170671e-09
2.32597703e-06	7.111290e-09
2.32599564e-06	7.033452e-09
2.32601424e-06	7.570172e-09
2.32603285e-06	7.633169e-09
2.32605146e-06	7.523919e-09
2.32607007e-06	7.668220e-09
2.32608868e-06	7.236247e-09
2.32610729e-06	7.303270e-09
2.32612590e-06	7.616206e-09
2.32614450e-06	7.928680e-09
2.32616311e-06	7.908295e-09
2.32618172e-06	7.630609e-09
2.32620033e-06	7.779110e-09
2.32621894e-06	7.666820e-09
2.32623755e-06	7.325815e-09
2.32625616e-06	7.532262e-09
2.32627477e-06	7.414111e-09
2.32629338e-06	6.754336e-09
2.32631199e-06	6.681971e-09
2.32633060e-06	7.090127e-09
2.32634921e-06	7.192969e-09
2.32636782e-06	7.595152e-09
2.32638643e-06	7.646423e-09
2.32640505e-06	7.568131e-09
2.32642366e-06	7.562253e-09
2.32644227e-06	7.235589e-09
2.32646088e-06	7.610880e-09
2.32647949e-06	7.897442e-09
2.32649810e-06	8.014903e-09
2.32651671e-06	8.015846e-09
2.32653533e-06	8.397307e-09
2.32655394e-06	8.018957e-09
2.32657255e-06	8.093809e-09
2.32659116e-06	8.120256e-09
2.32660978e-06	7.742069e-09
2.32662839e-06	7.118793e-09
2.32664700e-06	7.018011e-09
2.32666562e-06	7.467290e-09
2.32668423e-06	7.629869e-09
2.32670284e-06	7.524106e-09
2.32672146e-06	7.300119e-09
2.32674007e-06	7.275604e-09
2.32675869e-06	7.313419e-09
2.32677730e-06	6.930881e-09
2.32679591e-06	6.392886e-09
2.32681453e-06	7.518495e-09
2.32683314e-06	8.153754e-09
2.32685176e-06	6.501669e-09
2.32687037e-06	6.889101e-09
2.32688899e-06	7.154362e-09
2.32690760e-06	7.289172e-09
2.32692622e-06	7.446770e-09
2.32694483e-06	7.150978e-09
2.32696345e-06	7.320736e-09
2.32698206e-06	7.649674e-09
2.32700068e-06	7.820868e-09
2.32701930e-06	7.689597e-09
2.32703791e-06	7.947707e-09
2.32705653e-06	8.186097e-09
2.32707514e-06	7.916578e-09
2.32709376e-06	7.454624e-09
2.32711238e-06	7.048453e-09
2.32713099e-06	6.737352e-09
2.32714961e-06	7.117580e-09
2.32716823e-06	7.624488e-09
2.32718685e-06	7.450466e-09
2.32720546e-06	7.940726e-09
2.32722408e-06	8.066371e-09
2.32724270e-06	7.684836e-09
2.32726132e-06	8.216147e-09
2.32727993e-06	7.919294e-09
2.32729855e-06	7.664043e-09
2.32731717e-06	7.410705e-09
2.32733579e-06	8.056421e-09
2.32735441e-06	8.203892e-09
2.32737303e-06	7.843703e-09
2.32739165e-06	7.577912e-09
2.32741027e-06	7.206661e-09
2.32742888e-06	7.392883e-09
2.32744750e-06	7.561796e-09
2.32746612e-06	7.127309e-09
2.32748474e-06	7.656931e-09
2.32750336e-06	7.929238e-09
2.32752198e-06	7.916398e-09
2.32754060e-06	8.009802e-09
2.32755922e-06	7.969814e-09
2.32757784e-06	8.174484e-09
2.32759646e-06	7.545984e-09
2.32761509e-06	6.983003e-09
2.32763371e-06	7.688255e-09
2.32765233e-06	8.211358e-09
2.32767095e-06	7.955307e-09
2.32768957e-06	7.960296e-09
2.32770819e-06	8.195187e-09
2.32772681e-06	8.092455e-09
2.32774544e-06	8.207260e-09
2.32776406e-06	8.270927e-09
2.32778268e-06	8.204882e-09
2.32780130e-06	7.964280e-09
2.32781992e-06	7.398683e-09
2.32783855e-06	6.411218e-09
2.32785717e-06	6.379348e-09
2.32787579e-06	6.561041e-09
2.32789442e-06	7.156949e-09
2.32791304e-06	6.976228e-09
2.32793166e-06	7.053002e-09
2.32795028e-06	6.933408e-09
2.32796891e-06	6.474043e-09
2.32798753e-06	7.320691e-09
2.32800616e-06	7.781141e-09
2.32802478e-06	7.877765e-09
2.32804340e-06	7.560328e-09
2.32806203e-06	7.004831e-09
2.32808065e-06	7.548458e-09
2.32809928e-06	7.454178e-09
2.32811790e-06	7.076294e-09
2.32813653e-06	7.323241e-09
2.32815515e-06	7.571294e-09
2.32817378e-06	7.946657e-09
2.32819240e-06	7.662074e-09
2.32821103e-06	7.691039e-09
2.32822965e-06	7.519790e-09
2.32824828e-06	7.820617e-09
2.32826691e-06	7.987084e-09
2.32828553e-06	7.692596e-09
2.32830416e-06	7.119952e-09
2.32832279e-06	7.245293e-09
2.32834141e-06	7.634292e-09
2.32836004e-06	7.748018e-09
2.32837867e-06	7.575265e-09
2.32839729e-06	6.851823e-09
2.32841592e-06	6.545724e-09
2.32843455e-06	6.829013e-09
2.32845317e-06	6.485626e-09
2.32847180e-06	6.950223e-09
2.32849043e-06	7.798916e-09
2.32850906e-06	6.260956e-09
2.32852769e-06	6.831694e-09
2.32854631e-06	7.111595e-09
2.32856494e-06	7.482917e-09
2.32858357e-06	7.753002e-09
2.32860220e-06	7.827002e-09
2.32862083e-06	7.670731e-09
2.32863946e-06	7.638487e-09
2.32865809e-06	7.239686e-09
2.32867672e-06	7.312463e-09
2.32869535e-06	7.355709e-09
2.32871397e-06	6.506380e-09
2.32873260e-06	6.957589e-09
2.32875123e-06	7.101701e-09
2.32876987e-06	7.614671e-09
2.32878849e-06	7.414197e-09
2.32880712e-06	6.971777e-09
2.32882576e-06	7.172904e-09
2.32884439e-06	7.696347e-09
2.32886302e-06	7.898685e-09
2.32888165e-06	7.533358e-09
2.32890028e-06	7.342673e-09
2.32891891e-06	7.404342e-09
2.32893754e-06	7.519989e-09
2.32895617e-06	7.710134e-09
2.32897481e-06	7.939610e-09
2.32899344e-06	7.538604e-09
2.32901207e-06	7.441036e-09
2.32903070e-06	7.944188e-09
2.32904933e-06	7.975833e-09
2.32906797e-06	7.604217e-09
2.32908660e-06	7.019153e-09
2.32910523e-06	7.288862e-09
2.32912386e-06	8.038160e-09
2.32914250e-06	8.089278e-09
2.32916113e-06	7.856138e-09
2.32917976e-06	7.306874e-09
2.32919840e-06	6.490849e-09
2.32921703e-06	6.467224e-09
2.32923566e-06	7.501199e-09
2.32925430e-06	8.093357e-09
2.32927293e-06	8.110233e-09
2.32929157e-06	8.226679e-09
2.32931020e-06	8.429164e-09
2.32932883e-06	8.344385e-09
2.32934747e-06	7.943598e-09
2.32936610e-06	7.653112e-09
2.32938474e-06	7.733183e-09
2.32940337e-06	7.782435e-09
2.32942201e-06	7.600190e-09
2.32944065e-06	7.742443e-09
2.32945928e-06	7.374919e-09
2.32947792e-06	7.038895e-09
2.32949655e-06	7.083329e-09
2.32951519e-06	7.848463e-09
2.32953382e-06	6.964205e-09
2.32955246e-06	7.534377e-09
2.32957110e-06	7.826769e-09
2.32958973e-06	8.161810e-09
2.32960837e-06	8.347685e-09
2.32962701e-06	8.261166e-09
2.32964564e-06	7.944346e-09
2.32966428e-06	8.306313e-09
2.32968292e-06	8.595586e-09
2.32970156e-06	8.762392e-09
2.32972019e-06	8.739868e-09
2.32973883e-06	8.592503e-09
2.32975747e-06	8.243842e-09
2.32977611e-06	8.113464e-09
2.32979475e-06	7.473937e-09
2.32981338e-06	7.565072e-09
2.32983202e-06	8.257273e-09
2.32985066e-06	8.088473e-09
2.32986930e-06	7.609615e-09
2.32988794e-06	8.140567e-09
2.32990658e-06	8.077197e-09
2.32992522e-06	7.679945e-09
2.32994386e-06	7.622841e-09
2.32996250e-06	7.424802e-09
2.32998113e-06	7.732968e-09
2.32999977e-06	7.674106e-09
2.33001842e-06	6.746341e-09
2.33003706e-06	6.575699e-09
2.33005570e-06	7.427503e-09
2.33007434e-06	7.584610e-09
2.33009298e-06	7.209528e-09
2.33011162e-06	7.151073e-09
2.33013026e-06	7.128934e-09
2.33014890e-06	6.858686e-09
2.33016754e-06	6.973938e-09
2.33018618e-06	7.900369e-09
2.33020482e-06	6.537166e-09
2.33022347e-06	6.668061e-09
2.33024211e-06	6.892389e-09
2.33026075e-06	6.702424e-09
2.33027939e-06	7.999852e-09
2.33029803e-06	6.772091e-09
2.33031667e-06	7.137030e-09
2.33033532e-06	7.485700e-09
2.33035396e-06	7.646666e-09
2.33037260e-06	7.519776e-09
2.33039125e-06	6.979370e-09
2.33040989e-06	7.182733e-09
2.33042853e-06	7.631466e-09
2.33044718e-06	7.176546e-09
2.33046582e-06	6.997314e-09
2.33048446e-06	7.158319e-09
2.33050311e-06	7.096387e-09
2.33052175e-06	6.564301e-09
2.33054040e-06	6.461601e-09
2.33055904e-06	7.104722e-09
2.33057768e-06	6.812329e-09
2.33059633e-06	6.453026e-09
2.33061497e-06	6.613170e-09
2.33063362e-06	6.780279e-09
2.33065226e-06	6.925723e-09
2.33067091e-06	7.054960e-09
2.33068955e-06	7.027909e-09
2.33070820e-06	6.538115e-09
2.33072685e-06	7.049093e-09
2.33074549e-06	6.808098e-09
2.33076414e-06	7.206828e-09
2.33078278e-06	7.381891e-09
2.33080143e-06	7.045936e-09
2.33082008e-06	7.683981e-09
2.33083872e-06	8.012407e-09
2.33085737e-06	8.067243e-09
2.33087602e-06	7.834615e-09
2.33089466e-06	7.648218e-09
2.33091331e-06	7.883112e-09
2.33093196e-06	7.770032e-09
2.33095061e-06	7.592652e-09
2.33096925e-06	7.730614e-09
2.33098790e-06	7.761116e-09
2.33100655e-06	7.521566e-09
2.33102520e-06	7.034592e-09
2.33104384e-06	7.303618e-09
2.33106249e-06	7.212594e-09
2.33108114e-06	7.097782e-09
2.33109979e-06	7.817647e-09
2.33111844e-06	6.822903e-09
2.33113709e-06	7.315969e-09
2.33115574e-06	7.254223e-09
2.33117439e-06	6.996459e-09
2.33119304e-06	6.778885e-09
2.33121169e-06	6.449421e-09
2.33123033e-06	6.435801e-09
2.33124898e-06	6.956208e-09
2.33126763e-06	7.195978e-09
2.33128629e-06	7.782979e-09
2.33130493e-06	7.727365e-09
2.33132359e-06	7.778001e-09
2.33134224e-06	8.113539e-09
2.33136089e-06	7.871699e-09
2.33137954e-06	7.254900e-09
2.33139819e-06	7.555039e-09
2.33141684e-06	7.872328e-09
2.33143549e-06	7.777468e-09
2.33145414e-06	7.634680e-09
2.33147280e-06	7.994537e-09
2.33149145e-06	7.879653e-09
2.33151010e-06	7.754873e-09
2.33152875e-06	7.602780e-09
2.33154740e-06	7.078294e-09
2.33156606e-06	7.352703e-09
2.33158471e-06	7.290530e-09
2.33160336e-06	6.964701e-09
2.33162201e-06	7.041054e-09
2.33164067e-06	6.448720e-09
2.33165932e-06	6.330553e-09
2.33167797e-06	7.516312e-09
2.33169663e-06	7.790220e-09
2.33171528e-06	7.100020e-09
2.33173393e-06	6.655497e-09
2.33175259e-06	7.482738e-09
2.33177124e-06	7.445564e-09
2.33178990e-06	7.147820e-09
2.33180855e-06	7.502435e-09
2.33182720e-06	7.385581e-09
2.33184586e-06	7.462840e-09
2.33186451e-06	7.467650e-09
2.33188317e-06	6.995632e-09
2.33190182e-06	6.620321e-09
2.33192048e-06	7.118626e-09
2.33193913e-06	8.154545e-09
2.33195779e-06	7.714036e-09
2.33197644e-06	6.780985e-09
2.33199510e-06	6.972198e-09
2.33201376e-06	7.171963e-09
2.33203241e-06	7.596613e-09
2.33205107e-06	7.760223e-09
2.33206973e-06	7.776985e-09
2.33208838e-06	7.870908e-09
2.33210704e-06	7.421918e-09
2.33212570e-06	7.717449e-09
2.33214435e-06	7.882726e-09
2.33216301e-06	7.774622e-09
2.33218167e-06	7.916119e-09
2.33220033e-06	8.033759e-09
2.33221898e-06	7.455087e-09
2.33223764e-06	7.335622e-09
2.33225630e-06	7.006727e-09
2.33227496e-06	7.550372e-09
2.33229361e-06	8.159470e-09
2.33231227e-06	8.496273e-09
2.33233093e-06	8.364821e-09
2.33234959e-06	8.400174e-09
2.33236825e-06	8.220763e-09
2.33238691e-06	7.424384e-09
2.33240557e-06	7.156953e-09
2.33242423e-06	7.900747e-09
2.33244288e-06	8.155688e-09
2.33246154e-06	7.584091e-09
2.33248020e-06	7.170512e-09
2.33249886e-06	7.440957e-09
2.33251752e-06	8.021077e-09
2.33253618e-06	7.958566e-09
2.33255485e-06	7.045955e-09
2.33257350e-06	6.968990e-09
2.33259217e-06	7.580241e-09
2.33261083e-06	7.719313e-09
2.33262949e-06	8.232288e-09
2.33264815e-06	8.266620e-09
2.33266681e-06	8.006132e-09
2.33268547e-06	8.337873e-09
2.33270413e-06	8.230558e-09
2.33272279e-06	7.788155e-09
2.33274146e-06	7.310111e-09
2.33276012e-06	7.529277e-09
2.33277878e-06	7.588087e-09
2.33279744e-06	7.303708e-09
2.33281610e-06	7.041368e-09
2.33283477e-06	7.496407e-09
2.33285343e-06	7.693238e-09
2.33287209e-06	6.826493e-09
2.33289075e-06	6.513708e-09
2.33290942e-06	6.598670e-09
2.33292808e-06	6.977079e-09
2.33294675e-06	7.533237e-09
2.33296541e-06	7.837977e-09
2.33298407e-06	7.689136e-09
2.33300274e-06	7.724608e-09
2.33302140e-06	8.214309e-09
2.33304006e-06	8.059237e-09
2.33305873e-06	7.926273e-09
2.33307739e-06	7.975544e-09
2.33309606e-06	7.966099e-09
2.33311472e-06	7.692982e-09
2.33313339e-06	7.775306e-09
2.33315205e-06	7.379254e-09
2.33317072e-06	7.007384e-09
2.33318938e-06	7.636754e-09
2.33320805e-06	7.827514e-09
2.33322671e-06	7.258627e-09
2.33324538e-06	7.128706e-09
2.33326405e-06	7.513473e-09
2.33328271e-06	7.154859e-09
2.33330138e-06	7.771952e-09
2.33332004e-06	7.990810e-09
2.33333871e-06	7.987088e-09
2.33335738e-06	7.775090e-09
2.33337604e-06	7.453110e-09
2.33339471e-06	7.621656e-09
2.33341338e-06	7.522618e-09
2.33343205e-06	8.131586e-09
2.33345071e-06	8.227849e-09
2.33346938e-06	8.240220e-09
2.33348805e-06	7.972171e-09
2.33350672e-06	7.499482e-09
2.33352538e-06	7.072496e-09
2.33354405e-06	7.203656e-09
2.33356272e-06	6.920107e-09
2.33358139e-06	6.566054e-09
2.33360006e-06	7.348028e-09
2.33361873e-06	7.702895e-09
2.33363740e-06	7.493964e-09
2.33365607e-06	7.333901e-09
2.33367473e-06	6.986455e-09
2.33369340e-06	6.373130e-09
2.33371207e-06	7.615140e-09
2.33373074e-06	7.096408e-09
2.33374941e-06	6.898742e-09
2.33376808e-06	7.218687e-09
2.33378675e-06	7.922750e-09
2.33380542e-06	6.698376e-09
2.33382410e-06	7.276473e-09
2.33384277e-06	7.484919e-09
2.33386144e-06	7.706222e-09
2.33388011e-06	7.921081e-09
2.33389878e-06	7.834383e-09
2.33391745e-06	7.964754e-09
2.33393612e-06	7.690402e-09
2.33395479e-06	7.181363e-09
2.33397346e-06	7.844581e-09
2.33399213e-06	8.371030e-09
2.33401081e-06	8.334567e-09
2.33402948e-06	8.138422e-09
2.33404815e-06	7.972555e-09
2.33406682e-06	8.087855e-09
2.33408550e-06	8.321772e-09
2.33410417e-06	8.199179e-09
2.33412284e-06	7.625380e-09
2.33414152e-06	6.688049e-09
2.33416019e-06	6.552629e-09
2.33417886e-06	7.130300e-09
2.33419754e-06	7.082487e-09
2.33421621e-06	7.077777e-09
2.33423488e-06	7.449167e-09
2.33425356e-06	7.642239e-09
2.33427223e-06	7.646782e-09
2.33429090e-06	7.354138e-09
2.33430958e-06	6.999083e-09
2.33432825e-06	7.090490e-09
2.33434693e-06	7.190974e-09
2.33436560e-06	7.402928e-09
2.33438428e-06	7.848105e-09
2.33440295e-06	8.017744e-09
2.33442163e-06	7.390638e-09
2.33444030e-06	6.942617e-09
2.33445898e-06	7.243413e-09
2.33447765e-06	7.440747e-09
2.33449633e-06	7.615285e-09
2.33451501e-06	7.185027e-09
2.33453368e-06	7.406215e-09
2.33455236e-06	7.787598e-09
2.33457104e-06	7.563962e-09
2.33458971e-06	7.936994e-09
2.33460839e-06	7.914821e-09
2.33462706e-06	7.196582e-09
2.33464574e-06	7.171549e-09
2.33466442e-06	7.614178e-09
2.33468310e-06	7.767047e-09
2.33470177e-06	7.581164e-09
2.33472045e-06	7.221568e-09
2.33473913e-06	6.779562e-09
2.33475781e-06	7.999648e-09
2.33477648e-06	6.967933e-09
2.33479516e-06	6.732989e-09
2.33481384e-06	7.040667e-09
2.33483252e-06	6.955506e-09
2.33485120e-06	7.063851e-09
2.33486988e-06	6.951351e-09
2.33488856e-06	7.168180e-09
2.33490724e-06	7.956517e-09
2.33492591e-06	8.217769e-09
2.33494460e-06	8.145479e-09
2.33496327e-06	7.855148e-09
2.33498195e-06	6.916800e-09
2.33500063e-06	7.141393e-09
2.33501931e-06	8.092939e-09
2.33503799e-06	8.272837e-09
2.33505667e-06	8.273497e-09
2.33507535e-06	8.101791e-09
2.33509404e-06	7.355120e-09
2.33511272e-06	6.475477e-09
2.33513140e-06	6.337295e-09
2.33515008e-06	7.212238e-09
2.33516876e-06	7.656515e-09
2.33518744e-06	7.292602e-09
2.33520612e-06	7.380531e-09
2.33522480e-06	7.588296e-09
2.33524348e-06	7.176225e-09
2.33526217e-06	7.169901e-09
2.33528085e-06	7.523272e-09
2.33529953e-06	7.648398e-09
2.33531821e-06	7.574354e-09
2.33533690e-06	7.403572e-09
2.33535558e-06	7.457416e-09
2.33537426e-06	7.059218e-09
2.33539294e-06	7.006745e-09
2.33541163e-06	7.575964e-09
2.33543031e-06	7.753445e-09
2.33544900e-06	7.772805e-09
2.33546768e-06	7.877842e-09
2.33548636e-06	7.903042e-09
2.33550505e-06	7.065715e-09
2.33552373e-06	6.241789e-09
2.33554242e-06	7.678116e-09
2.33556110e-06	6.373324e-09
2.33557978e-06	6.862389e-09
2.33559847e-06	7.267694e-09
2.33561715e-06	7.285059e-09
2.33563584e-06	7.112223e-09
2.33565452e-06	6.694281e-09
2.33567321e-06	6.450361e-09
2.33569189e-06	6.849190e-09
2.33571058e-06	7.001262e-09
2.33572927e-06	6.835507e-09
2.33574795e-06	6.705256e-09
2.33576664e-06	7.294486e-09
2.33578532e-06	7.883467e-09
2.33580401e-06	7.164166e-09
2.33582269e-06	7.257744e-09
2.33584138e-06	7.644690e-09
2.33586007e-06	7.915673e-09
2.33587876e-06	7.809806e-09
2.33589744e-06	7.285226e-09
2.33591613e-06	7.227232e-09
2.33593482e-06	7.969618e-09
2.33595350e-06	7.973271e-09
2.33597219e-06	7.467306e-09
2.33599088e-06	7.677916e-09
2.33600957e-06	7.929090e-09
2.33602826e-06	7.944157e-09
2.33604694e-06	8.049518e-09
2.33606563e-06	8.377378e-09
2.33608432e-06	8.613641e-09
2.33610301e-06	8.717144e-09
2.33612170e-06	8.766612e-09
2.33614039e-06	8.537656e-09
2.33615908e-06	8.232608e-09
2.33617777e-06	8.234840e-09
2.33619646e-06	7.904508e-09
2.33621514e-06	7.929694e-09
2.33623383e-06	8.295366e-09
2.33625253e-06	7.995453e-09
2.33627121e-06	7.791774e-09
2.33628990e-06	7.572724e-09
2.33630860e-06	7.758843e-09
2.33632729e-06	7.333155e-09
2.33634598e-06	6.827596e-09
2.33636467e-06	6.918701e-09
2.33638336e-06	7.689673e-09
2.33640205e-06	7.629373e-09
2.33642074e-06	7.673680e-09
2.33643943e-06	8.080853e-09
2.33645812e-06	7.600712e-09
2.33647681e-06	8.060043e-09
2.33649551e-06	8.088059e-09
2.33651420e-06	8.059645e-09
2.33653289e-06	8.472881e-09
2.33655158e-06	8.128876e-09
2.33657028e-06	7.629635e-09
2.33658897e-06	8.113565e-09
2.33660766e-06	7.903026e-09
2.33662635e-06	7.756522e-09
2.33664505e-06	7.838828e-09
2.33666374e-06	7.892038e-09
2.33668243e-06	7.599470e-09
2.33670113e-06	7.002098e-09
2.33671982e-06	7.008481e-09
2.33673851e-06	7.088433e-09
2.33675721e-06	6.994663e-09
2.33677590e-06	7.391288e-09
2.33679460e-06	7.342589e-09
2.33681329e-06	6.752517e-09
2.33683198e-06	7.846397e-09
2.33685068e-06	7.234166e-09
2.33686937e-06	7.019456e-09
2.33688807e-06	7.210880e-09
2.33690676e-06	7.159118e-09
2.33692546e-06	7.201726e-09
2.33694415e-06	7.231126e-09
2.33696285e-06	7.417549e-09
2.33698155e-06	6.991786e-09
2.33700024e-06	7.094899e-09
2.33701894e-06	7.461348e-09
2.33703763e-06	7.671081e-09
2.33705633e-06	7.507650e-09
2.33707503e-06	7.745905e-09
2.33709372e-06	7.914364e-09
2.33711242e-06	7.955330e-09
2.33713112e-06	7.970523e-09
2.33714981e-06	7.651111e-09
2.33716851e-06	7.891142e-09
2.33718721e-06	8.250744e-09
2.33720591e-06	7.648515e-09
2.33722460e-06	7.329267e-09
2.33724330e-06	7.631079e-09
2.33726200e-06	7.576140e-09
2.33728070e-06	7.135496e-09
2.33729940e-06	7.119222e-09
2.33731809e-06	7.564468e-09
2.33733679e-06	7.616013e-09
2.33735549e-06	7.415609e-09
2.33737419e-06	6.990380e-09
2.33739289e-06	6.231559e-09
2.33741159e-06	7.601176e-09
2.33743029e-06	6.246745e-09
2.33744899e-06	6.968434e-09
2.33746769e-06	7.372391e-09
2.33748639e-06	7.350923e-09
2.33750509e-06	7.560209e-09
2.33752379e-06	7.797587e-09
2.33754249e-06	7.787487e-09
2.33756119e-06	7.712343e-09
2.33757989e-06	8.231605e-09
2.33759859e-06	8.282479e-09
2.33761729e-06	7.917179e-09
2.33763599e-06	7.377010e-09
2.33765469e-06	7.977463e-09
2.33767339e-06	7.990322e-09
2.33769209e-06	7.837552e-09
2.33771079e-06	7.552515e-09
2.33772950e-06	7.126950e-09
2.33774820e-06	6.926881e-09
2.33776690e-06	7.154821e-09
2.33778560e-06	7.689811e-09
2.33780431e-06	7.865685e-09
2.33782301e-06	7.912448e-09
2.33784171e-06	7.736425e-09
2.33786041e-06	7.780762e-09
2.33787912e-06	7.655387e-09
2.33789782e-06	7.247541e-09
2.33791652e-06	6.650206e-09
2.33793523e-06	7.856934e-09
2.33795393e-06	7.088359e-09
2.33797263e-06	6.740178e-09
2.33799134e-06	7.267329e-09
2.33801004e-06	7.587915e-09
2.33802874e-06	7.586576e-09
2.33804745e-06	7.481261e-09
2.33806615e-06	7.779621e-09
2.33808486e-06	7.813265e-09
2.33810356e-06	7.985721e-09
2.33812227e-06	7.612767e-09
2.33814097e-06	7.648332e-09
2.33815968e-06	7.717597e-09
2.33817838e-06	7.478579e-09
2.33819709e-06	7.148995e-09
2.33821579e-06	7.187153e-09
2.33823450e-06	6.488803e-09
2.33825321e-06	7.303798e-09
2.33827191e-06	7.610694e-09
2.33829062e-06	7.632042e-09
2.33830932e-06	7.489254e-09
2.33832803e-06	7.053238e-09
2.33834674e-06	7.050724e-09
2.33836544e-06	7.775976e-09
2.33838415e-06	7.763253e-09
2.33840286e-06	8.070406e-09
2.33842156e-06	7.974544e-09
2.33844027e-06	7.372217e-09
2.33845898e-06	6.733482e-09
2.33847769e-06	7.195282e-09
2.33849639e-06	7.667581e-09
2.33851510e-06	7.773110e-09
2.33853381e-06	7.627334e-09
2.33855252e-06	8.313253e-09
2.33857123e-06	7.802120e-09
2.33858994e-06	7.266428e-09
2.33860864e-06	7.387999e-09
2.33862735e-06	7.897717e-09
2.33864606e-06	7.818397e-09
2.33866477e-06	7.676925e-09
2.33868348e-06	7.225312e-09
2.33870219e-06	7.070804e-09
2.33872090e-06	6.652207e-09
2.33873961e-06	6.722140e-09
2.33875832e-06	6.916293e-09
2.33877703e-06	7.101410e-09
2.33879574e-06	7.845775e-09
2.33881445e-06	8.020193e-09
2.33883316e-06	8.187206e-09
2.33885187e-06	8.200945e-09
2.33887058e-06	7.368616e-09
2.33888929e-06	7.663778e-09
2.33890800e-06	7.715457e-09
2.33892672e-06	7.480628e-09
2.33894543e-06	6.997861e-09
2.33896414e-06	6.948678e-09
2.33898285e-06	7.509181e-09
2.33900156e-06	7.532215e-09
2.33902027e-06	7.375041e-09
2.33903899e-06	7.165052e-09
2.33905770e-06	6.727192e-09
2.33907641e-06	7.894715e-09
2.33909512e-06	7.235571e-09
2.33911384e-06	6.939209e-09
2.33913255e-06	7.394074e-09
2.33915126e-06	7.561045e-09
2.33916998e-06	7.497493e-09
2.33918869e-06	6.961119e-09
2.33920740e-06	7.079777e-09
2.33922612e-06	7.510655e-09
2.33924483e-06	7.538868e-09
2.33926354e-06	7.519237e-09
2.33928226e-06	7.050347e-09
2.33930097e-06	6.568459e-09
2.33931969e-06	7.435354e-09
2.33933840e-06	6.492790e-09
2.33935712e-06	6.932944e-09
2.33937583e-06	7.384247e-09
2.33939455e-06	7.571820e-09
2.33941326e-06	7.804694e-09
2.33943198e-06	7.785892e-09
2.33945069e-06	7.438776e-09
2.33946941e-06	6.903567e-09
2.33948812e-06	7.139574e-09
2.33950684e-06	7.850717e-09
2.33952556e-06	8.153918e-09
2.33954427e-06	8.120212e-09
2.33956299e-06	7.750859e-09
2.33958171e-06	7.484594e-09
2.33960042e-06	6.776709e-09
2.33961914e-06	6.780483e-09
2.33963785e-06	7.386290e-09
2.33965657e-06	7.006587e-09
2.33967529e-06	6.826622e-09
2.33969401e-06	7.779071e-09
2.33971272e-06	7.883877e-09
2.33973144e-06	7.426032e-09
2.33975016e-06	7.094293e-09
2.33976888e-06	7.576834e-09
2.33978760e-06	7.698717e-09
2.33980631e-06	7.616323e-09
2.33982503e-06	7.857131e-09
2.33984375e-06	7.532403e-09
2.33986247e-06	6.657227e-09
2.33988119e-06	6.588748e-09
2.33989991e-06	6.438962e-09
2.33991863e-06	6.676796e-09
2.33993735e-06	7.623503e-09
2.33995607e-06	7.527038e-09
2.33997479e-06	8.000657e-09
2.33999351e-06	8.086980e-09
2.34001223e-06	7.618295e-09
2.34003095e-06	6.870756e-09
2.34004967e-06	6.836483e-09
2.34006839e-06	6.953731e-09
2.34008711e-06	7.201643e-09
2.34010583e-06	7.665620e-09
2.34012455e-06	7.110366e-09
2.34014327e-06	7.370529e-09
2.34016199e-06	6.987241e-09
2.34018071e-06	7.245599e-09
2.34019943e-06	7.520138e-09
2.34021815e-06	7.400061e-09
2.34023688e-06	6.882585e-09
2.34025560e-06	7.435422e-09
2.34027432e-06	7.756553e-09
2.34029304e-06	6.788108e-09
2.34031177e-06	7.135033e-09
2.34033049e-06	7.390179e-09
2.34034921e-06	6.977022e-09
2.34036793e-06	6.629490e-09
2.34038666e-06	6.823991e-09
2.34040538e-06	6.888986e-09
2.34042410e-06	6.706413e-09
2.34044283e-06	6.581772e-09
2.34046155e-06	7.511906e-09
2.34048027e-06	7.777684e-09
2.34049900e-06	7.590947e-09
2.34051772e-06	6.690035e-09
2.34053644e-06	6.802195e-09
2.34055517e-06	7.232262e-09
2.34057389e-06	6.866093e-09
2.34059262e-06	7.083600e-09
2.34061134e-06	7.032983e-09
2.34063007e-06	7.049701e-09
2.34064879e-06	7.481939e-09
2.34066752e-06	7.006962e-09
2.34068624e-06	7.391261e-09
2.34070497e-06	8.239972e-09
2.34072369e-06	8.332167e-09
2.34074242e-06	8.391734e-09
2.34076115e-06	8.358691e-09
2.34077987e-06	7.718430e-09
2.34079860e-06	8.069926e-09
2.34081733e-06	7.915195e-09
2.34083605e-06	7.625548e-09
2.34085478e-06	7.995237e-09
2.34087350e-06	7.905460e-09
2.34089223e-06	7.860652e-09
2.34091096e-06	7.965620e-09
2.34092969e-06	7.839088e-09
2.34094841e-06	8.303731e-09
2.34096714e-06	8.082057e-09
2.34098587e-06	7.917829e-09
2.34100460e-06	7.849302e-09
2.34102333e-06	7.693811e-09
2.34104205e-06	7.333582e-09
2.34106078e-06	6.749366e-09
2.34107951e-06	6.822224e-09
2.34109824e-06	6.851297e-09
2.34111697e-06	7.144266e-09
2.34113570e-06	6.549551e-09
2.34115443e-06	6.485914e-09
2.34117315e-06	6.772389e-09
2.34119188e-06	7.495611e-09
2.34121061e-06	7.378661e-09
2.34122934e-06	7.183828e-09
2.34124807e-06	6.760218e-09
2.34126680e-06	6.820168e-09
2.34128553e-06	6.737462e-09
2.34130426e-06	6.809324e-09
2.34132299e-06	7.309993e-09
2.34134172e-06	6.871648e-09
2.34136045e-06	6.520778e-09
2.34137919e-06	7.112364e-09
2.34139792e-06	7.566396e-09
2.34141665e-06	7.475097e-09
2.34143538e-06	7.335359e-09
2.34145411e-06	7.033401e-09
2.34147284e-06	6.673704e-09
2.34149158e-06	8.060003e-09
2.34151031e-06	6.685762e-09
2.34152904e-06	7.048182e-09
2.34154777e-06	7.103133e-09
2.34156650e-06	7.366140e-09
2.34158524e-06	7.593871e-09
2.34160397e-06	7.892683e-09
2.34162270e-06	7.931084e-09
2.34164143e-06	7.978919e-09
2.34166017e-06	7.779551e-09
2.34167890e-06	7.336250e-09
2.34169763e-06	6.885974e-09
2.34171637e-06	6.824282e-09
2.34173510e-06	7.316266e-09
2.34175384e-06	7.657771e-09
2.34177257e-06	7.973975e-09
2.34179130e-06	7.795163e-09
2.34181004e-06	8.098435e-09
2.34182877e-06	7.991572e-09
2.34184751e-06	7.284416e-09
2.34186624e-06	6.807738e-09
2.34188498e-06	6.718117e-09
2.34190371e-06	7.308479e-09
2.34192245e-06	7.135136e-09
2.34194118e-06	6.892744e-09
2.34195992e-06	7.167468e-09
2.34197865e-06	7.457518e-09
2.34199739e-06	7.545087e-09
2.34201613e-06	7.147475e-09
2.34203486e-06	6.363338e-09
2.34205360e-06	6.630128e-09
2.34207233e-06	6.759582e-09
2.34209107e-06	7.358763e-09
2.34210981e-06	7.857057e-09
2.34212855e-06	8.014801e-09
2.34214728e-06	7.696553e-09
2.34216602e-06	7.387828e-09
2.34218476e-06	7.591836e-09
2.34220349e-06	8.164586e-09
2.34222223e-06	8.464539e-09
2.34224097e-06	8.518163e-09
2.34225971e-06	8.568071e-09
2.34227844e-06	8.721998e-09
2.34229718e-06	8.785630e-09
2.34231592e-06	8.391289e-09
2.34233466e-06	8.099552e-09
2.34235340e-06	8.415940e-09
2.34237214e-06	7.974875e-09
2.34239088e-06	7.767361e-09
2.34240962e-06	7.894443e-09
2.34242835e-06	7.738631e-09
2.34244709e-06	6.705086e-09
2.34246583e-06	7.180771e-09
2.34248457e-06	8.116525e-09
2.34250331e-06	8.397438e-09
2.34252205e-06	8.294126e-09
2.34254079e-06	7.469789e-09
2.34255953e-06	7.128885e-09
2.34257827e-06	7.470229e-09
2.34259702e-06	7.419176e-09
2.34261576e-06	7.665688e-09
2.34263450e-06	7.987881e-09
2.34265324e-06	7.992744e-09
2.34267198e-06	7.591575e-09
2.34269072e-06	7.277173e-09
2.34270946e-06	7.364830e-09
2.34272820e-06	6.856961e-09
2.34274695e-06	7.267713e-09
2.34276569e-06	7.803502e-09
2.34278443e-06	6.673578e-09
2.34280317e-06	7.227534e-09
2.34282191e-06	7.518958e-09
2.34284066e-06	7.190851e-09
2.34285940e-06	7.098350e-09
2.34287814e-06	7.395137e-09
2.34289689e-06	7.633040e-09
2.34291563e-06	7.963599e-09
2.34293437e-06	8.086903e-09
2.34295312e-06	8.126355e-09
2.34297186e-06	7.910208e-09
2.34299060e-06	7.589098e-09
2.34300935e-06	7.942729e-09
2.34302809e-06	8.295640e-09
2.34304684e-06	7.919620e-09
2.34306558e-06	7.578197e-09
2.34308432e-06	7.927128e-09
2.34310307e-06	8.085682e-09
2.34312181e-06	8.026669e-09
2.34314056e-06	7.979440e-09
2.34315930e-06	7.229282e-09
2.34317805e-06	7.517368e-09
2.34319679e-06	7.723933e-09
2.34321554e-06	7.281402e-09
2.34323429e-06	6.726909e-09
2.34325303e-06	6.281734e-09
2.34327178e-06	7.093248e-09
2.34329052e-06	6.586992e-09
2.34330927e-06	7.216474e-09
2.34332802e-06	7.678682e-09
2.34334676e-06	8.109136e-09
2.34336551e-06	8.121242e-09
2.34338426e-06	7.574130e-09
2.34340300e-06	7.819275e-09
2.34342175e-06	7.541314e-09
2.34344050e-06	7.525949e-09
2.34345925e-06	7.447265e-09
2.34347799e-06	6.969099e-09
2.34349674e-06	6.914872e-09
2.34351549e-06	7.340278e-09
2.34353424e-06	7.720528e-09
2.34355299e-06	7.778645e-09
2.34357173e-06	7.713464e-09
2.34359048e-06	7.301138e-09
2.34360923e-06	6.797404e-09
2.34362798e-06	6.637923e-09
2.34364673e-06	7.149923e-09
2.34366548e-06	6.737079e-09
2.34368423e-06	6.542346e-09
2.34370298e-06	6.804222e-09
2.34372173e-06	7.198016e-09
2.34374048e-06	7.805896e-09
2.34375923e-06	7.668680e-09
2.34377798e-06	7.638353e-09
2.34379673e-06	7.728925e-09
2.34381548e-06	7.052750e-09
2.34383423e-06	6.938979e-09
2.34385298e-06	7.207820e-09
2.34387173e-06	7.441684e-09
2.34389048e-06	7.919945e-09
2.34390923e-06	7.746204e-09
2.34392798e-06	7.686238e-09
2.34394673e-06	8.038971e-09
2.34396549e-06	7.803603e-09
2.34398424e-06	7.207236e-09
2.34400299e-06	7.436113e-09
2.34402174e-06	6.986272e-09
2.34404049e-06	6.735616e-09
2.34405925e-06	7.672070e-09
2.34407800e-06	7.375866e-09
2.34409675e-06	6.784228e-09
2.34411550e-06	7.214871e-09
2.34413426e-06	7.297314e-09
2.34415301e-06	7.583785e-09
2.34417176e-06	7.887773e-09
2.34419052e-06	7.992296e-09
2.34420927e-06	7.876438e-09
2.34422802e-06	7.883736e-09
2.34424678e-06	7.980436e-09
2.34426553e-06	8.144890e-09
2.34428429e-06	7.513365e-09
2.34430304e-06	7.443443e-09
2.34432179e-06	7.119017e-09
2.34434055e-06	7.485236e-09
2.34435930e-06	7.912598e-09
2.34437806e-06	7.891491e-09
2.34439681e-06	7.616350e-09
2.34441557e-06	7.473559e-09
2.34443432e-06	7.382004e-09
2.34445308e-06	6.955066e-09
2.34447183e-06	7.019815e-09
2.34449059e-06	7.233229e-09
2.34450935e-06	6.984234e-09
2.34452810e-06	7.288074e-09
2.34454686e-06	7.446326e-09
2.34456562e-06	7.210411e-09
2.34458437e-06	7.392594e-09
2.34460313e-06	7.749023e-09
2.34462189e-06	7.743693e-09
2.34464064e-06	7.518610e-09
2.34465940e-06	7.260452e-09
2.34467816e-06	6.758799e-09
2.34469691e-06	6.815224e-09
2.34471567e-06	6.817000e-09
2.34473443e-06	6.663155e-09
2.34475319e-06	6.985737e-09
2.34477195e-06	6.727162e-09
2.34479070e-06	6.597121e-09
2.34480946e-06	6.473893e-09
2.34482822e-06	6.805007e-09
2.34484698e-06	7.578463e-09
2.34486574e-06	7.610341e-09
2.34488450e-06	7.155870e-09
2.34490326e-06	7.228563e-09
2.34492202e-06	7.173772e-09
2.34494077e-06	7.309575e-09
2.34495953e-06	6.852528e-09
2.34497829e-06	7.209976e-09
2.34499705e-06	7.315922e-09
2.34501581e-06	6.719250e-09
2.34503457e-06	6.620702e-09
2.34505333e-06	6.472320e-09
2.34507209e-06	6.848955e-09
2.34509086e-06	6.715142e-09
2.34510962e-06	7.358157e-09
2.34512838e-06	7.902688e-09
2.34514714e-06	8.042267e-09
2.34516590e-06	7.862311e-09
2.34518466e-06	7.560263e-09
2.34520342e-06	7.449836e-09
2.34522218e-06	7.079436e-09
2.34524094e-06	6.937196e-09
2.34525971e-06	7.154016e-09
2.34527847e-06	6.996894e-09
2.34529723e-06	6.538140e-09
2.34531599e-06	6.353523e-09
2.34533476e-06	7.090405e-09
2.34535352e-06	7.280119e-09
2.34537228e-06	7.032130e-09
2.34539104e-06	6.703852e-09
2.34540981e-06	7.822789e-09
2.34542857e-06	7.249292e-09
2.34544733e-06	6.816008e-09
2.34546610e-06	6.908549e-09
2.34548486e-06	6.860965e-09
2.34550363e-06	6.910442e-09
2.34552239e-06	7.519648e-09
2.34554115e-06	7.633978e-09
2.34555992e-06	7.226441e-09
2.34557868e-06	7.617927e-09
2.34559745e-06	7.629265e-09
2.34561621e-06	6.356422e-09
2.34563498e-06	6.564678e-09
2.34565374e-06	7.644941e-09
2.34567251e-06	8.225479e-09
2.34569127e-06	7.918293e-09
2.34571004e-06	7.607233e-09
2.34572880e-06	8.144991e-09
2.34574757e-06	7.715963e-09
2.34576634e-06	7.714789e-09
2.34578510e-06	8.471594e-09
2.34580387e-06	8.642011e-09
2.34582263e-06	8.216350e-09
2.34584140e-06	7.288986e-09
2.34586017e-06	7.655910e-09
2.34587894e-06	8.425648e-09
2.34589770e-06	8.523521e-09
2.34591647e-06	8.550886e-09
2.34593524e-06	8.410449e-09
2.34595400e-06	8.186594e-09
2.34597277e-06	7.574134e-09
2.34599154e-06	7.248359e-09
2.34601031e-06	8.189664e-09
2.34602908e-06	8.520101e-09
2.34604784e-06	7.833714e-09
2.34606661e-06	7.647600e-09
2.34608538e-06	7.966270e-09
2.34610415e-06	7.733801e-09
2.34612292e-06	7.664180e-09
2.34614169e-06	8.084913e-09
2.34616046e-06	7.727215e-09
2.34617923e-06	7.118560e-09
2.34619800e-06	7.943607e-09
2.34621676e-06	8.295036e-09
2.34623553e-06	8.166431e-09
2.34625430e-06	8.050671e-09
2.34627307e-06	8.144651e-09
2.34629184e-06	8.230657e-09
2.34631061e-06	7.635761e-09
2.34632938e-06	7.567649e-09
2.34634816e-06	7.301516e-09
2.34636693e-06	7.334308e-09
2.34638570e-06	7.526043e-09
2.34640447e-06	7.400470e-09
2.34642324e-06	7.006017e-09
2.34644201e-06	6.544966e-09
2.34646078e-06	6.852056e-09
2.34647955e-06	6.645687e-09
2.34649833e-06	7.194549e-09
2.34651710e-06	7.609370e-09
2.34653587e-06	7.569096e-09
2.34655464e-06	7.901859e-09
2.34657341e-06	8.172804e-09
2.34659219e-06	7.956922e-09
2.34661096e-06	7.712402e-09
2.34662973e-06	7.793748e-09
2.34664851e-06	7.632695e-09
2.34666728e-06	7.649427e-09
2.34668605e-06	7.945776e-09
2.34670483e-06	8.064204e-09
2.34672360e-06	7.853564e-09
2.34674237e-06	7.664703e-09
2.34676115e-06	7.297219e-09
2.34677992e-06	6.763800e-09
2.34679870e-06	7.577554e-09
2.34681747e-06	7.404905e-09
2.34683625e-06	6.785546e-09
2.34685502e-06	7.257679e-09
2.34687379e-06	7.294613e-09
2.34689257e-06	6.860316e-09
2.34691134e-06	6.865148e-09
2.34693012e-06	6.886244e-09
2.34694889e-06	7.354809e-09
2.34696767e-06	7.690853e-09
2.34698645e-06	8.017962e-09
2.34700522e-06	8.007435e-09
2.34702400e-06	8.009067e-09
2.34704277e-06	8.165133e-09
2.34706155e-06	8.234106e-09
2.34708033e-06	8.313757e-09
2.34709910e-06	8.493642e-09
2.34711788e-06	8.354905e-09
2.34713666e-06	8.071274e-09
2.34715543e-06	7.384115e-09
2.34717421e-06	6.976660e-09
2.34719299e-06	6.328204e-09
2.34721177e-06	7.287658e-09
2.34723054e-06	7.571532e-09
2.34724932e-06	7.608493e-09
2.34726810e-06	7.659191e-09
2.34728688e-06	7.239530e-09
2.34730566e-06	7.144722e-09
2.34732444e-06	6.540851e-09
2.34734321e-06	7.637758e-09
2.34736199e-06	8.097025e-09
2.34738077e-06	8.035204e-09
2.34739955e-06	7.474500e-09
2.34741833e-06	7.037281e-09
2.34743711e-06	7.158961e-09
2.34745589e-06	7.750130e-09
2.34747467e-06	7.859218e-09
2.34749345e-06	7.211870e-09
2.34751223e-06	6.599119e-09
2.34753101e-06	6.916963e-09
2.34754979e-06	6.960197e-09
2.34756857e-06	7.002483e-09
2.34758735e-06	7.232864e-09
2.34760613e-06	7.741934e-09
2.34762491e-06	7.965945e-09
2.34764369e-06	7.208555e-09
2.34766247e-06	6.357245e-09
2.34768125e-06	7.095557e-09
2.34770004e-06	7.291785e-09
2.34771882e-06	7.221282e-09
2.34773760e-06	7.209225e-09
2.34775638e-06	7.391738e-09
2.34777516e-06	6.944447e-09
2.34779395e-06	7.394288e-09
2.34781273e-06	7.674359e-09
2.34783151e-06	7.867691e-09
2.34785029e-06	8.439373e-09
2.34786908e-06	8.141913e-09
2.34788786e-06	8.084560e-09
2.34790664e-06	8.536040e-09
2.34792542e-06	8.522072e-09
2.34794421e-06	8.297491e-09
2.34796299e-06	7.978007e-09
2.34798178e-06	8.177595e-09
2.34800056e-06	8.284325e-09
2.34801934e-06	7.769443e-09
2.34803813e-06	8.160709e-09
2.34805691e-06	8.248162e-09
2.34807570e-06	8.038921e-09
2.34809448e-06	7.740105e-09
2.34811327e-06	7.344327e-09
2.34813205e-06	7.193349e-09
2.34815084e-06	7.325359e-09
2.34816962e-06	7.622315e-09
2.34818841e-06	7.378600e-09
2.34820719e-06	6.880212e-09
2.34822598e-06	6.987939e-09
2.34824476e-06	7.837338e-09
2.34826355e-06	6.597350e-09
2.34828234e-06	7.205321e-09
2.34830112e-06	7.572867e-09
2.34831991e-06	7.866852e-09
2.34833869e-06	7.801526e-09
2.34835748e-06	7.940841e-09
2.34837627e-06	7.843688e-09
2.34839506e-06	8.104236e-09
2.34841384e-06	7.890513e-09
2.34843263e-06	7.622128e-09
2.34845142e-06	7.562750e-09
2.34847021e-06	8.173282e-09
2.34848899e-06	8.050675e-09
2.34850778e-06	8.047270e-09
2.34852657e-06	7.510427e-09
2.34854536e-06	7.510251e-09
2.34856415e-06	7.834181e-09
2.34858293e-06	7.854865e-09
2.34860172e-06	7.749069e-09
2.34862051e-06	8.349225e-09
2.34863930e-06	8.278365e-09
2.34865809e-06	7.746600e-09
2.34867688e-06	6.700513e-09
2.34869567e-06	6.724474e-09
2.34871446e-06	7.529180e-09
2.34873325e-06	7.511369e-09
2.34875204e-06	8.225028e-09
2.34877083e-06	8.431256e-09
2.34878962e-06	7.974662e-09
2.34880841e-06	7.646982e-09
2.34882720e-06	7.453399e-09
2.34884599e-06	7.563480e-09
2.34886478e-06	8.093678e-09
2.34888357e-06	7.997679e-09
2.34890236e-06	8.198248e-09
2.34892115e-06	8.472566e-09
2.34893994e-06	8.238580e-09
2.34895873e-06	7.110101e-09
2.34897753e-06	7.687896e-09
2.34899632e-06	7.429500e-09
2.34901511e-06	7.181305e-09
2.34903390e-06	8.078915e-09
2.34905269e-06	8.252950e-09
2.34907149e-06	8.244213e-09
2.34909028e-06	8.001961e-09
2.34910907e-06	7.621747e-09
2.34912787e-06	7.907664e-09
2.34914666e-06	7.817008e-09
2.34916545e-06	7.434338e-09
2.34918425e-06	7.717572e-09
2.34920304e-06	7.364318e-09
2.34922183e-06	7.563576e-09
2.34924063e-06	7.492620e-09
2.34925942e-06	7.967721e-09
2.34927821e-06	8.040259e-09
2.34929701e-06	6.909800e-09
2.34931580e-06	7.167776e-09
2.34933460e-06	7.445431e-09
2.34935339e-06	6.946698e-09
2.34937219e-06	6.757020e-09
2.34939098e-06	7.190773e-09
2.34940978e-06	7.253567e-09
2.34942857e-06	6.485397e-09
2.34944737e-06	7.180120e-09
2.34946616e-06	7.460367e-09
2.34948496e-06	6.669894e-09
2.34950375e-06	6.818758e-09
2.34952255e-06	6.608006e-09
2.34954135e-06	7.484185e-09
2.34956014e-06	7.728800e-09
2.34957894e-06	7.491083e-09
2.34959774e-06	7.778158e-09
2.34961653e-06	7.230759e-09
2.34963533e-06	7.015409e-09
2.34965413e-06	7.233630e-09
2.34967292e-06	6.900298e-09
2.34969172e-06	6.610673e-09
2.34971052e-06	7.860791e-09
2.34972932e-06	6.900715e-09
2.34974812e-06	6.650661e-09
2.34976691e-06	6.200290e-09
2.34978571e-06	6.948329e-09
2.34980451e-06	7.192135e-09
2.34982331e-06	6.930808e-09
2.34984211e-06	6.754853e-09
2.34986090e-06	6.770949e-09
2.34987970e-06	7.168147e-09
2.34989850e-06	7.398089e-09
2.34991730e-06	7.933422e-09
2.34993610e-06	7.968824e-09
2.34995490e-06	8.128715e-09
2.34997370e-06	7.743275e-09
