2.30001633e-06	7.075690e-09
2.30003473e-06	5.910227e-09
2.30005313e-06	6.991534e-09
2.30007153e-06	6.488881e-09
2.30008993e-06	6.102013e-09
2.30010833e-06	7.348417e-09
2.30012673e-06	7.641776e-09
2.30014513e-06	7.696846e-09
2.30016353e-06	7.487452e-09
2.30018194e-06	7.626320e-09
2.30020034e-06	7.725035e-09
2.30021874e-06	8.036245e-09
2.30023714e-06	7.615045e-09
2.30025554e-06	7.195368e-09
2.30027395e-06	7.257014e-09
2.30029235e-06	6.941707e-09
2.30031075e-06	7.162469e-09
2.30032915e-06	7.331716e-09
2.30034756e-06	7.590595e-09
2.30036596e-06	6.968000e-09
2.30038436e-06	6.707898e-09
2.30040276e-06	6.990401e-09
2.30042117e-06	6.837701e-09
2.30043957e-06	6.995204e-09
2.30045797e-06	6.927490e-09
2.30047638e-06	6.411870e-09
2.30049478e-06	6.148659e-09
2.30051319e-06	5.428177e-09
2.30053159e-06	5.563488e-09
2.30054999e-06	6.396475e-09
2.30056840e-06	5.374675e-09
2.30058680e-06	5.812746e-09
2.30060521e-06	5.279913e-09
2.30062361e-06	5.649752e-09
2.30064202e-06	6.385255e-09
2.30066042e-06	6.495670e-09
2.30067883e-06	6.739780e-09
2.30069723e-06	6.679774e-09
2.30071564e-06	6.061724e-09
2.30073404e-06	5.161794e-09
2.30075245e-06	5.101767e-09
2.30077086e-06	6.360103e-09
2.30078926e-06	6.754774e-09
2.30080767e-06	7.074587e-09
2.30082608e-06	7.102710e-09
2.30084448e-06	7.245482e-09
2.30086289e-06	7.256457e-09
2.30088129e-06	7.221535e-09
2.30089970e-06	7.192174e-09
2.30091811e-06	7.170312e-09
2.30093652e-06	7.207713e-09
2.30095492e-06	7.285549e-09
2.30097333e-06	6.489865e-09
2.30099174e-06	6.126279e-09
2.30101015e-06	6.192055e-09
2.30102856e-06	6.468548e-09
2.30104696e-06	6.896685e-09
2.30106537e-06	6.745368e-09
2.30108378e-06	5.589718e-09
2.30110219e-06	5.187070e-09
2.30112060e-06	6.251187e-09
2.30113901e-06	6.969657e-09
2.30115742e-06	7.245772e-09
2.30117583e-06	7.182660e-09
2.30119423e-06	6.545511e-09
2.30121265e-06	6.161300e-09
2.30123105e-06	6.614779e-09
2.30124946e-06	6.518161e-09
2.30126787e-06	6.242885e-09
2.30128628e-06	5.974100e-09
2.30130469e-06	5.928372e-09
2.30132310e-06	6.317393e-09
2.30134152e-06	5.401451e-09
2.30135993e-06	5.761785e-09
2.30137834e-06	5.935554e-09
2.30139675e-06	5.210011e-09
2.30141516e-06	5.435853e-09
2.30143357e-06	6.657556e-09
2.30145198e-06	6.911929e-09
2.30147039e-06	6.284815e-09
2.30148881e-06	5.081533e-09
2.30150722e-06	5.025163e-09
2.30152563e-06	6.212774e-09
2.30154404e-06	6.997812e-09
2.30156245e-06	7.166615e-09
2.30158087e-06	7.178630e-09
2.30159928e-06	7.528680e-09
2.30161769e-06	7.480096e-09
2.30163611e-06	6.814531e-09
2.30165452e-06	6.573453e-09
2.30167293e-06	6.619109e-09
2.30169135e-06	7.092779e-09
2.30170976e-06	7.439748e-09
2.30172817e-06	7.763644e-09
2.30174659e-06	7.542671e-09
2.30176500e-06	6.840738e-09
2.30178341e-06	7.501980e-09
2.30180183e-06	7.294160e-09
2.30182024e-06	6.802411e-09
2.30183866e-06	7.327749e-09
2.30185707e-06	7.023540e-09
2.30187549e-06	6.872930e-09
2.30189390e-06	7.185450e-09
2.30191232e-06	7.640391e-09
2.30193073e-06	7.513432e-09
2.30194915e-06	7.407703e-09
2.30196756e-06	7.628512e-09
2.30198598e-06	7.452279e-09
2.30200440e-06	7.070204e-09
2.30202281e-06	6.389805e-09
2.30204123e-06	6.420105e-09
2.30205964e-06	6.599249e-09
2.30207806e-06	6.327625e-09
2.30209648e-06	5.760532e-09
2.30211489e-06	5.857345e-09
2.30213331e-06	6.325777e-09
2.30215173e-06	5.250571e-09
2.30217014e-06	6.213690e-09
2.30218856e-06	6.689214e-09
2.30220698e-06	7.052600e-09
2.30222540e-06	7.094682e-09
2.30224381e-06	7.215031e-09
2.30226223e-06	6.728589e-09
2.30228065e-06	6.317831e-09
2.30229907e-06	7.121506e-09
2.30231749e-06	7.225059e-09
2.30233591e-06	7.344817e-09
2.30235433e-06	7.668577e-09
2.30237274e-06	7.838404e-09
2.30239116e-06	7.955176e-09
2.30240958e-06	7.602037e-09
2.30242800e-06	7.420935e-09
2.30244642e-06	7.632601e-09
2.30246484e-06	7.606471e-09
2.30248326e-06	7.622620e-09
2.30250168e-06	7.628195e-09
2.30252010e-06	7.554452e-09
2.30253852e-06	7.195518e-09
2.30255694e-06	7.481803e-09
2.30257536e-06	7.555367e-09
2.30259378e-06	7.590001e-09
2.30261220e-06	7.364984e-09
2.30263062e-06	7.462874e-09
2.30264904e-06	7.304828e-09
2.30266747e-06	7.250209e-09
2.30268589e-06	7.586431e-09
2.30270431e-06	7.462603e-09
2.30272273e-06	7.070555e-09
2.30274115e-06	6.384817e-09
2.30275957e-06	5.238334e-09
2.30277800e-06	5.296067e-09
2.30279642e-06	5.817048e-09
2.30281484e-06	5.863461e-09
2.30283326e-06	6.896157e-09
2.30285168e-06	7.009663e-09
2.30287011e-06	7.100475e-09
2.30288853e-06	6.997849e-09
2.30290695e-06	6.648098e-09
2.30292538e-06	6.199910e-09
2.30294380e-06	5.851312e-09
2.30296222e-06	5.193775e-09
2.30298065e-06	6.568880e-09
2.30299907e-06	5.456523e-09
2.30301750e-06	5.614403e-09
2.30303592e-06	6.132747e-09
2.30305434e-06	6.723563e-09
2.30307277e-06	6.928564e-09
2.30309119e-06	7.024537e-09
2.30310962e-06	6.870182e-09
2.30312804e-06	6.386820e-09
2.30314647e-06	7.166894e-09
2.30316489e-06	7.502351e-09
2.30318332e-06	7.010861e-09
2.30320174e-06	5.644636e-09
2.30322017e-06	5.940623e-09
2.30323860e-06	7.451335e-09
2.30325702e-06	7.674161e-09
2.30327545e-06	7.411632e-09
2.30329387e-06	6.806192e-09
2.30331230e-06	5.753157e-09
2.30333073e-06	5.689673e-09
2.30334915e-06	6.111585e-09
2.30336758e-06	6.772680e-09
2.30338601e-06	7.501991e-09
2.30340443e-06	7.799014e-09
2.30342286e-06	8.217784e-09
2.30344129e-06	8.039980e-09
2.30345972e-06	7.644167e-09
2.30347814e-06	7.750466e-09
2.30349657e-06	7.875202e-09
2.30351500e-06	7.841938e-09
2.30353343e-06	7.306102e-09
2.30355186e-06	7.095049e-09
2.30357028e-06	6.819508e-09
2.30358871e-06	6.081063e-09
2.30360714e-06	6.302862e-09
2.30362557e-06	6.841727e-09
2.30364400e-06	7.004370e-09
2.30366243e-06	7.491047e-09
2.30368086e-06	7.318533e-09
2.30369929e-06	7.278028e-09
2.30371772e-06	6.898327e-09
2.30373615e-06	6.319145e-09
2.30375458e-06	6.184606e-09
2.30377301e-06	5.958540e-09
2.30379144e-06	6.320272e-09
2.30380987e-06	6.148636e-09
2.30382830e-06	5.978781e-09
2.30384673e-06	5.368205e-09
2.30386516e-06	6.325943e-09
2.30388359e-06	5.792150e-09
2.30390202e-06	5.798088e-09
2.30392045e-06	5.878375e-09
2.30393888e-06	6.402227e-09
2.30395731e-06	6.553238e-09
2.30397575e-06	6.869148e-09
2.30399418e-06	7.083376e-09
2.30401261e-06	7.172217e-09
2.30403104e-06	7.572499e-09
2.30404947e-06	7.435864e-09
2.30406791e-06	7.126522e-09
2.30408634e-06	7.122458e-09
2.30410477e-06	7.214718e-09
2.30412321e-06	7.657895e-09
2.30414164e-06	7.752681e-09
2.30416007e-06	7.355437e-09
2.30417850e-06	7.311840e-09
2.30419694e-06	7.408831e-09
2.30421537e-06	6.745703e-09
2.30423381e-06	6.843061e-09
2.30425224e-06	7.562606e-09
2.30427067e-06	7.246254e-09
2.30428911e-06	7.194434e-09
2.30430754e-06	7.305513e-09
2.30432598e-06	6.911763e-09
2.30434441e-06	7.443769e-09
2.30436285e-06	7.957183e-09
2.30438128e-06	8.420554e-09
2.30439971e-06	8.130684e-09
2.30441815e-06	8.194134e-09
2.30443659e-06	8.033618e-09
2.30445502e-06	7.302885e-09
2.30447346e-06	7.187602e-09
2.30449189e-06	7.002397e-09
2.30451033e-06	7.455732e-09
2.30452877e-06	7.475865e-09
2.30454720e-06	7.757539e-09
2.30456564e-06	7.599185e-09
2.30458407e-06	7.714677e-09
2.30460251e-06	7.662373e-09
2.30462095e-06	7.185744e-09
2.30463938e-06	6.859650e-09
2.30465782e-06	7.188980e-09
2.30467626e-06	7.371155e-09
2.30469470e-06	6.984817e-09
2.30471313e-06	6.417961e-09
2.30473157e-06	5.715096e-09
2.30475001e-06	5.823516e-09
2.30476845e-06	5.729333e-09
2.30478688e-06	5.209959e-09
2.30480532e-06	6.580308e-09
2.30482376e-06	5.104564e-09
2.30484220e-06	5.828919e-09
2.30486064e-06	6.227620e-09
2.30487908e-06	6.373114e-09
2.30489752e-06	6.533744e-09
2.30491596e-06	6.398055e-09
2.30493440e-06	5.403959e-09
2.30495284e-06	5.783002e-09
2.30497128e-06	5.545825e-09
2.30498972e-06	5.462726e-09
2.30500815e-06	6.441630e-09
2.30502660e-06	7.011285e-09
2.30504504e-06	6.516741e-09
2.30506347e-06	6.752781e-09
2.30508192e-06	6.935412e-09
2.30510036e-06	6.971393e-09
2.30511880e-06	7.061524e-09
2.30513724e-06	7.360274e-09
2.30515568e-06	7.269255e-09
2.30517412e-06	7.283185e-09
2.30519256e-06	7.464666e-09
2.30521100e-06	6.946474e-09
2.30522944e-06	7.145109e-09
2.30524789e-06	7.116498e-09
2.30526633e-06	7.190036e-09
2.30528477e-06	7.351543e-09
2.30530321e-06	7.355844e-09
2.30532166e-06	6.518355e-09
2.30534010e-06	6.730105e-09
2.30535854e-06	7.145172e-09
2.30537698e-06	6.875983e-09
2.30539543e-06	6.109419e-09
2.30541387e-06	5.165543e-09
2.30543231e-06	5.631007e-09
2.30545076e-06	6.459607e-09
2.30546920e-06	6.149025e-09
2.30548764e-06	5.534465e-09
2.30550609e-06	6.177337e-09
2.30552453e-06	7.129794e-09
2.30554298e-06	7.394043e-09
2.30556142e-06	7.273804e-09
2.30557987e-06	7.102195e-09
2.30559831e-06	6.895374e-09
2.30561675e-06	6.351836e-09
2.30563520e-06	5.099179e-09
2.30565365e-06	5.143701e-09
2.30567209e-06	5.654882e-09
2.30569054e-06	6.108579e-09
2.30570898e-06	6.379127e-09
2.30572743e-06	6.111338e-09
2.30574587e-06	5.525818e-09
2.30576432e-06	5.832370e-09
2.30578276e-06	6.378401e-09
2.30580121e-06	5.086104e-09
2.30581966e-06	6.018108e-09
2.30583810e-06	6.531581e-09
2.30585655e-06	6.437859e-09
2.30587500e-06	6.228836e-09
2.30589344e-06	5.739257e-09
2.30591189e-06	6.388607e-09
2.30593034e-06	6.901858e-09
2.30594879e-06	6.712984e-09
2.30596723e-06	6.730535e-09
2.30598568e-06	6.532654e-09
2.30600413e-06	7.145133e-09
2.30602258e-06	7.657413e-09
2.30604102e-06	7.829840e-09
2.30605947e-06	7.935028e-09
2.30607792e-06	7.777625e-09
2.30609637e-06	7.611698e-09
2.30611482e-06	7.371281e-09
2.30613327e-06	6.700286e-09
2.30615172e-06	6.637368e-09
2.30617017e-06	7.294432e-09
2.30618862e-06	7.042046e-09
2.30620707e-06	6.654781e-09
2.30622551e-06	6.974748e-09
2.30624396e-06	7.536317e-09
2.30626241e-06	7.523239e-09
2.30628087e-06	7.402858e-09
2.30629932e-06	7.635617e-09
2.30631777e-06	8.055349e-09
2.30633622e-06	7.578208e-09
2.30635467e-06	6.909712e-09
2.30637312e-06	7.308853e-09
2.30639157e-06	7.192107e-09
2.30641002e-06	7.055526e-09
2.30642847e-06	7.372256e-09
2.30644692e-06	6.429496e-09
2.30646537e-06	6.294649e-09
2.30648383e-06	6.598943e-09
2.30650228e-06	6.020938e-09
2.30652073e-06	5.788724e-09
2.30653918e-06	6.370378e-09
2.30655763e-06	6.618143e-09
2.30657609e-06	6.691417e-09
2.30659454e-06	6.766264e-09
2.30661299e-06	6.912882e-09
2.30663144e-06	5.994156e-09
2.30664990e-06	5.505618e-09
2.30666835e-06	5.245416e-09
2.30668681e-06	5.827239e-09
2.30670526e-06	6.331029e-09
2.30672371e-06	6.204665e-09
2.30674217e-06	5.950836e-09
2.30676062e-06	5.151760e-09
2.30677907e-06	6.140075e-09
2.30679753e-06	6.183837e-09
2.30681598e-06	5.246692e-09
2.30683444e-06	5.984957e-09
2.30685289e-06	6.059704e-09
2.30687135e-06	6.587623e-09
2.30688980e-06	6.684090e-09
2.30690826e-06	6.335439e-09
2.30692671e-06	6.542509e-09
2.30694517e-06	7.024853e-09
2.30696362e-06	7.163142e-09
2.30698208e-06	7.271093e-09
2.30700053e-06	7.436665e-09
2.30701899e-06	7.791359e-09
2.30703745e-06	7.480911e-09
2.30705590e-06	7.130854e-09
2.30707436e-06	7.670305e-09
2.30709282e-06	7.687580e-09
2.30711127e-06	7.815397e-09
2.30712973e-06	7.872683e-09
2.30714819e-06	7.970810e-09
2.30716664e-06	7.810727e-09
2.30718510e-06	7.909258e-09
2.30720356e-06	7.966248e-09
2.30722202e-06	7.562301e-09
2.30724047e-06	7.188313e-09
2.30725893e-06	7.187356e-09
2.30727739e-06	7.399203e-09
2.30729585e-06	6.612124e-09
2.30731431e-06	6.349086e-09
2.30733277e-06	7.213779e-09
2.30735122e-06	7.625991e-09
2.30736968e-06	7.273454e-09
2.30738814e-06	6.450552e-09
2.30740660e-06	6.896012e-09
2.30742506e-06	7.494662e-09
2.30744352e-06	7.759425e-09
2.30746198e-06	7.696375e-09
2.30748044e-06	7.348687e-09
2.30749890e-06	7.072677e-09
2.30751736e-06	6.543093e-09
2.30753582e-06	6.799851e-09
2.30755428e-06	7.002272e-09
2.30757274e-06	6.745308e-09
2.30759120e-06	6.385731e-09
2.30760966e-06	5.909103e-09
2.30762812e-06	5.280707e-09
2.30764658e-06	5.367594e-09
2.30766504e-06	5.500551e-09
2.30768351e-06	5.906209e-09
2.30770197e-06	6.531756e-09
2.30772043e-06	7.004551e-09
2.30773889e-06	6.976511e-09
2.30775735e-06	6.852401e-09
2.30777581e-06	6.511366e-09
2.30779428e-06	5.905568e-09
2.30781274e-06	5.390223e-09
2.30783120e-06	6.057715e-09
2.30784966e-06	6.226389e-09
2.30786813e-06	5.101806e-09
2.30788659e-06	6.008908e-09
2.30790505e-06	6.501147e-09
2.30792352e-06	6.684933e-09
2.30794198e-06	6.872208e-09
2.30796044e-06	7.193549e-09
2.30797891e-06	7.350642e-09
2.30799737e-06	7.203186e-09
2.30801583e-06	6.877933e-09
2.30803430e-06	6.259193e-09
2.30805276e-06	5.468642e-09
2.30807123e-06	6.213799e-09
2.30808969e-06	7.204093e-09
2.30810816e-06	7.451098e-09
2.30812662e-06	7.396208e-09
2.30814509e-06	7.721714e-09
2.30816355e-06	7.965166e-09
2.30818202e-06	7.641148e-09
2.30820048e-06	6.896253e-09
2.30821895e-06	6.978096e-09
2.30823741e-06	7.557364e-09
2.30825588e-06	7.703290e-09
2.30827434e-06	7.056510e-09
2.30829281e-06	6.822511e-09
2.30831128e-06	7.360489e-09
2.30832974e-06	7.477543e-09
2.30834821e-06	7.270676e-09
2.30836668e-06	7.105449e-09
2.30838514e-06	7.303167e-09
2.30840361e-06	7.697183e-09
2.30842208e-06	7.822132e-09
2.30844055e-06	7.871030e-09
2.30845901e-06	7.563201e-09
2.30847748e-06	6.984994e-09
2.30849595e-06	6.560452e-09
2.30851442e-06	6.262157e-09
2.30853288e-06	6.819050e-09
2.30855135e-06	7.284881e-09
2.30856982e-06	7.453112e-09
2.30858829e-06	7.561650e-09
2.30860676e-06	7.750315e-09
2.30862523e-06	7.839746e-09
2.30864370e-06	7.546028e-09
2.30866217e-06	7.602200e-09
2.30868063e-06	7.867169e-09
2.30869911e-06	7.588648e-09
2.30871757e-06	7.250429e-09
2.30873604e-06	7.001428e-09
2.30875451e-06	7.108779e-09
2.30877298e-06	7.439983e-09
2.30879145e-06	7.145355e-09
2.30880992e-06	6.685371e-09
2.30882840e-06	6.616311e-09
2.30884687e-06	6.841988e-09
2.30886534e-06	6.611021e-09
2.30888381e-06	6.013924e-09
2.30890228e-06	5.264885e-09
2.30892075e-06	5.672566e-09
2.30893922e-06	6.464572e-09
2.30895769e-06	5.119697e-09
2.30897616e-06	5.700687e-09
2.30899464e-06	5.575195e-09
2.30901311e-06	6.072260e-09
2.30903158e-06	6.708700e-09
2.30905005e-06	6.859732e-09
2.30906852e-06	6.467465e-09
2.30908700e-06	6.014426e-09
2.30910547e-06	6.147381e-09
2.30912394e-06	6.058774e-09
2.30914242e-06	6.789880e-09
2.30916089e-06	6.720758e-09
2.30917936e-06	6.732875e-09
2.30919784e-06	5.659579e-09
2.30921631e-06	5.796455e-09
2.30923478e-06	6.751228e-09
2.30925326e-06	7.162249e-09
2.30927173e-06	7.601672e-09
2.30929021e-06	7.566559e-09
2.30930868e-06	7.775005e-09
2.30932715e-06	7.525746e-09
2.30934563e-06	6.883784e-09
2.30936410e-06	5.726411e-09
2.30938258e-06	6.325903e-09
2.30940105e-06	7.305332e-09
2.30941953e-06	7.352828e-09
2.30943800e-06	7.144979e-09
2.30945648e-06	6.875116e-09
2.30947495e-06	6.695338e-09
2.30949343e-06	6.888573e-09
2.30951191e-06	6.754956e-09
2.30953038e-06	6.456797e-09
2.30954886e-06	6.774818e-09
2.30956733e-06	7.152910e-09
2.30958581e-06	7.341604e-09
2.30960429e-06	7.042324e-09
2.30962277e-06	6.867981e-09
2.30964124e-06	6.392102e-09
2.30965972e-06	5.152720e-09
2.30967820e-06	5.225839e-09
2.30969667e-06	5.356930e-09
2.30971515e-06	6.450625e-09
2.30973363e-06	6.841605e-09
2.30975211e-06	6.135805e-09
2.30977059e-06	5.303690e-09
2.30978906e-06	5.374477e-09
2.30980754e-06	5.254887e-09
2.30982602e-06	5.415860e-09
2.30984450e-06	5.189849e-09
2.30986298e-06	6.554599e-09
2.30988146e-06	7.016106e-09
2.30989994e-06	6.845258e-09
2.30991842e-06	6.667730e-09
2.30993689e-06	5.800558e-09
2.30995537e-06	6.251895e-09
2.30997385e-06	6.699175e-09
2.30999233e-06	6.394671e-09
2.31001081e-06	6.064723e-09
2.31002929e-06	5.693873e-09
2.31004777e-06	5.043252e-09
2.31006625e-06	6.602960e-09
2.31008473e-06	5.180334e-09
2.31010321e-06	5.580487e-09
2.31012170e-06	5.897698e-09
2.31014018e-06	4.996277e-09
2.31015866e-06	5.863268e-09
2.31017714e-06	6.913610e-09
2.31019562e-06	7.121501e-09
2.31021410e-06	6.451374e-09
2.31023258e-06	6.776952e-09
2.31025107e-06	7.538359e-09
2.31026955e-06	7.786095e-09
2.31028803e-06	7.719783e-09
2.31030651e-06	7.607642e-09
2.31032499e-06	7.007491e-09
2.31034348e-06	6.805214e-09
2.31036196e-06	7.089611e-09
2.31038044e-06	6.563683e-09
2.31039893e-06	6.316994e-09
2.31041741e-06	6.698465e-09
2.31043589e-06	7.028704e-09
2.31045438e-06	6.311221e-09
2.31047286e-06	6.125436e-09
2.31049134e-06	6.615834e-09
2.31050983e-06	6.330863e-09
2.31052831e-06	6.976527e-09
2.31054680e-06	7.326121e-09
2.31056528e-06	7.144422e-09
2.31058377e-06	6.720261e-09
2.31060225e-06	7.290111e-09
2.31062073e-06	8.010546e-09
2.31063922e-06	7.790798e-09
2.31065770e-06	7.528834e-09
2.31067619e-06	7.659610e-09
2.31069467e-06	7.045609e-09
2.31071316e-06	7.109410e-09
2.31073165e-06	6.675598e-09
2.31075013e-06	6.729227e-09
2.31076862e-06	6.504004e-09
2.31078710e-06	6.842841e-09
2.31080559e-06	6.756139e-09
2.31082408e-06	7.062549e-09
2.31084256e-06	7.334978e-09
2.31086105e-06	7.108520e-09
2.31087954e-06	7.197466e-09
2.31089802e-06	6.641678e-09
2.31091651e-06	5.932044e-09
2.31093500e-06	6.246366e-09
2.31095349e-06	6.599939e-09
2.31097197e-06	6.025141e-09
2.31099046e-06	5.937409e-09
2.31100895e-06	5.988045e-09
2.31102744e-06	5.899022e-09
2.31104593e-06	7.144790e-09
2.31106441e-06	7.336094e-09
2.31108290e-06	7.008542e-09
2.31110139e-06	7.064099e-09
2.31111988e-06	6.985196e-09
2.31113837e-06	6.805463e-09
2.31115686e-06	6.319356e-09
2.31117535e-06	5.334710e-09
2.31119384e-06	5.252104e-09
2.31121233e-06	5.158079e-09
2.31123082e-06	6.048602e-09
2.31124931e-06	6.198257e-09
2.31126780e-06	5.126706e-09
2.31128629e-06	5.693217e-09
2.31130478e-06	6.154265e-09
2.31132327e-06	6.091434e-09
2.31134176e-06	6.157936e-09
2.31136025e-06	6.563641e-09
2.31137874e-06	6.912271e-09
2.31139723e-06	7.125980e-09
2.31141572e-06	6.688942e-09
2.31143421e-06	6.395357e-09
2.31145270e-06	6.765118e-09
2.31147120e-06	6.307216e-09
2.31148969e-06	6.646097e-09
2.31150818e-06	6.777045e-09
2.31152667e-06	6.397940e-09
2.31154516e-06	5.842916e-09
2.31156366e-06	5.163242e-09
2.31158215e-06	5.656929e-09
2.31160064e-06	6.685732e-09
2.31161913e-06	5.805036e-09
2.31163763e-06	5.019917e-09
2.31165612e-06	5.006807e-09
2.31167461e-06	5.416713e-09
2.31169311e-06	6.560664e-09
2.31171160e-06	7.024619e-09
2.31173009e-06	6.546455e-09
2.31174859e-06	6.768098e-09
2.31176708e-06	7.079685e-09
2.31178558e-06	6.444596e-09
2.31180407e-06	6.978437e-09
2.31182257e-06	7.220592e-09
2.31184106e-06	6.819293e-09
2.31185955e-06	6.926869e-09
2.31187805e-06	7.105238e-09
2.31189654e-06	5.368312e-09
2.31191504e-06	5.336594e-09
2.31193353e-06	6.720397e-09
2.31195203e-06	6.362425e-09
2.31197052e-06	7.054819e-09
2.31198902e-06	7.553278e-09
2.31200752e-06	7.164253e-09
2.31202601e-06	6.852717e-09
2.31204451e-06	6.193591e-09
2.31206301e-06	6.468393e-09
2.31208150e-06	6.792067e-09
2.31210000e-06	7.381330e-09
2.31211850e-06	7.175318e-09
2.31213699e-06	6.595411e-09
2.31215549e-06	7.239188e-09
2.31217399e-06	7.084669e-09
2.31219248e-06	6.194786e-09
2.31221098e-06	6.449014e-09
2.31222948e-06	6.544660e-09
2.31224798e-06	6.716369e-09
2.31226648e-06	6.878049e-09
2.31228497e-06	6.347056e-09
2.31230347e-06	5.931716e-09
2.31232197e-06	6.891742e-09
2.31234047e-06	6.540800e-09
2.31235897e-06	6.121625e-09
2.31237747e-06	6.062443e-09
2.31239596e-06	6.045257e-09
2.31241446e-06	5.693985e-09
2.31243296e-06	4.969064e-09
2.31245146e-06	6.558499e-09
2.31246996e-06	5.356633e-09
2.31248846e-06	5.420876e-09
2.31250696e-06	6.020341e-09
2.31252546e-06	6.433341e-09
2.31254396e-06	6.251459e-09
2.31256246e-06	6.654666e-09
2.31258096e-06	6.776311e-09
2.31259946e-06	6.585858e-09
2.31261796e-06	7.223516e-09
2.31263647e-06	7.276038e-09
2.31265497e-06	7.202736e-09
2.31267347e-06	7.604892e-09
2.31269197e-06	7.514392e-09
2.31271047e-06	6.883880e-09
2.31272897e-06	6.972115e-09
2.31274748e-06	7.104049e-09
2.31276598e-06	7.021509e-09
2.31278448e-06	7.620755e-09
2.31280298e-06	7.555004e-09
2.31282148e-06	7.298134e-09
2.31283999e-06	6.455180e-09
2.31285849e-06	5.796324e-09
2.31287699e-06	6.920768e-09
2.31289550e-06	7.151935e-09
2.31291400e-06	6.820632e-09
2.31293250e-06	6.689430e-09
2.31295100e-06	7.102117e-09
2.31296951e-06	6.989355e-09
2.31298801e-06	7.588161e-09
2.31300652e-06	7.065823e-09
2.31302502e-06	6.868855e-09
2.31304352e-06	6.908888e-09
2.31306203e-06	6.467264e-09
2.31308053e-06	6.566299e-09
2.31309904e-06	6.169407e-09
2.31311754e-06	5.265060e-09
2.31313605e-06	5.373513e-09
2.31315455e-06	6.324852e-09
2.31317306e-06	6.053351e-09
2.31319156e-06	6.707747e-09
2.31321007e-06	6.796099e-09
2.31322857e-06	5.947259e-09
2.31324708e-06	5.690016e-09
2.31326559e-06	6.892122e-09
2.31328409e-06	7.172949e-09
2.31330260e-06	7.078544e-09
2.31332111e-06	7.465070e-09
2.31333961e-06	7.841097e-09
2.31335812e-06	7.436362e-09
2.31337662e-06	7.080346e-09
2.31339513e-06	6.915932e-09
2.31341364e-06	6.956637e-09
2.31343215e-06	7.457954e-09
2.31345065e-06	7.667799e-09
2.31346916e-06	7.178879e-09
2.31348767e-06	7.203935e-09
2.31350618e-06	7.416072e-09
2.31352469e-06	7.276692e-09
2.31354319e-06	7.258696e-09
2.31356170e-06	6.881873e-09
2.31358021e-06	6.941246e-09
2.31359872e-06	6.414964e-09
2.31361723e-06	6.350775e-09
2.31363574e-06	6.430431e-09
2.31365425e-06	6.060177e-09
2.31367275e-06	5.538756e-09
2.31369127e-06	5.181025e-09
2.31370977e-06	6.539255e-09
2.31372828e-06	4.968010e-09
2.31374679e-06	5.596960e-09
2.31376530e-06	6.114818e-09
2.31378381e-06	6.162725e-09
2.31380232e-06	6.358341e-09
2.31382083e-06	6.028708e-09
2.31383935e-06	6.188094e-09
2.31385786e-06	6.684464e-09
2.31387637e-06	6.836751e-09
2.31389488e-06	6.683858e-09
2.31391339e-06	6.953991e-09
2.31393190e-06	6.943748e-09
2.31395041e-06	6.173746e-09
2.31396892e-06	6.397931e-09
2.31398744e-06	6.617453e-09
2.31400595e-06	6.172309e-09
2.31402446e-06	6.282968e-09
2.31404297e-06	5.377672e-09
2.31406148e-06	5.378238e-09
2.31408000e-06	6.255181e-09
2.31409851e-06	6.972573e-09
2.31411702e-06	6.818955e-09
2.31413553e-06	7.318578e-09
2.31415405e-06	7.298374e-09
2.31417256e-06	7.477048e-09
2.31419107e-06	7.346419e-09
2.31420959e-06	7.717510e-09
2.31422810e-06	7.487509e-09
2.31424662e-06	6.779241e-09
2.31426513e-06	7.120948e-09
2.31428364e-06	7.472410e-09
2.31430216e-06	7.754427e-09
2.31432067e-06	7.031596e-09
2.31433919e-06	7.030076e-09
2.31435770e-06	7.106818e-09
2.31437622e-06	6.127843e-09
2.31439473e-06	5.723364e-09
2.31441325e-06	6.924474e-09
2.31443176e-06	6.925168e-09
2.31445028e-06	7.199214e-09
2.31446879e-06	6.705056e-09
2.31448731e-06	6.531427e-09
2.31450582e-06	7.036556e-09
2.31452434e-06	6.816129e-09
2.31454286e-06	6.308697e-09
2.31456137e-06	6.901150e-09
2.31457989e-06	7.366820e-09
2.31459841e-06	7.295347e-09
2.31461692e-06	7.092352e-09
2.31463544e-06	6.877848e-09
2.31465396e-06	6.082102e-09
2.31467247e-06	5.149592e-09
2.31469099e-06	5.238073e-09
2.31470951e-06	5.762313e-09
2.31472803e-06	6.078788e-09
2.31474654e-06	6.032553e-09
2.31476506e-06	6.515796e-09
2.31478358e-06	6.801813e-09
2.31480210e-06	6.225602e-09
2.31482062e-06	6.207075e-09
2.31483913e-06	6.688546e-09
2.31485765e-06	6.188529e-09
2.31487617e-06	5.860110e-09
2.31489469e-06	6.357194e-09
2.31491321e-06	5.810680e-09
2.31493173e-06	5.778773e-09
2.31495025e-06	5.668209e-09
2.31496877e-06	5.124433e-09
2.31498729e-06	5.647660e-09
2.31500581e-06	6.509551e-09
2.31502433e-06	4.925320e-09
2.31504285e-06	5.568104e-09
2.31506137e-06	5.674884e-09
2.31507989e-06	5.976661e-09
2.31509841e-06	6.474815e-09
2.31511693e-06	6.084068e-09
2.31513545e-06	6.276292e-09
2.31515397e-06	6.890811e-09
2.31517250e-06	7.113854e-09
2.31519102e-06	7.372339e-09
2.31520954e-06	7.168678e-09
2.31522806e-06	6.559020e-09
2.31524658e-06	6.532581e-09
2.31526510e-06	6.668795e-09
2.31528362e-06	5.720363e-09
2.31530215e-06	5.156900e-09
2.31532067e-06	5.626909e-09
2.31533919e-06	6.676500e-09
2.31535771e-06	7.253416e-09
2.31537624e-06	7.514775e-09
2.31539476e-06	7.608268e-09
2.31541328e-06	7.118340e-09
2.31543181e-06	6.750676e-09
2.31545033e-06	6.945413e-09
2.31546885e-06	7.007508e-09
2.31548738e-06	6.883652e-09
2.31550590e-06	7.225237e-09
2.31552443e-06	7.286983e-09
2.31554295e-06	7.135739e-09
2.31556148e-06	7.165781e-09
2.31558000e-06	7.850159e-09
2.31559852e-06	6.939348e-09
2.31561705e-06	6.976255e-09
2.31563557e-06	7.663856e-09
2.31565410e-06	7.625299e-09
2.31567262e-06	7.535679e-09
2.31569115e-06	6.385921e-09
2.31570967e-06	5.973681e-09
2.31572820e-06	6.621290e-09
2.31574673e-06	6.732661e-09
2.31576525e-06	6.222552e-09
2.31578378e-06	6.507052e-09
2.31580231e-06	6.496645e-09
2.31582083e-06	5.683715e-09
2.31583936e-06	6.835938e-09
2.31585788e-06	6.607107e-09
2.31587641e-06	6.241892e-09
2.31589494e-06	7.062965e-09
2.31591347e-06	7.443947e-09
2.31593199e-06	7.751911e-09
2.31595052e-06	7.320890e-09
2.31596905e-06	6.885125e-09
2.31598758e-06	7.003116e-09
2.31600610e-06	6.597898e-09
2.31602463e-06	7.130564e-09
2.31604316e-06	7.623694e-09
2.31606169e-06	7.736703e-09
2.31608022e-06	7.453833e-09
2.31609875e-06	7.066161e-09
2.31611727e-06	6.523236e-09
2.31613580e-06	6.412892e-09
2.31615433e-06	6.362936e-09
2.31617286e-06	5.800371e-09
2.31619139e-06	6.529552e-09
2.31620992e-06	6.822399e-09
2.31622845e-06	6.236525e-09
2.31624698e-06	5.360000e-09
2.31626551e-06	5.512234e-09
2.31628404e-06	5.181053e-09
2.31630257e-06	5.147976e-09
2.31632110e-06	5.100705e-09
2.31633963e-06	6.564372e-09
2.31635816e-06	4.940319e-09
2.31637669e-06	5.583537e-09
2.31639522e-06	6.026953e-09
2.31641375e-06	5.963487e-09
2.31643229e-06	5.826915e-09
2.31645082e-06	6.228290e-09
2.31646935e-06	6.187552e-09
2.31648788e-06	6.718830e-09
2.31650641e-06	7.010482e-09
2.31652494e-06	6.912461e-09
2.31654348e-06	6.589710e-09
2.31656201e-06	4.942131e-09
2.31658054e-06	5.058406e-09
2.31659908e-06	6.397124e-09
2.31661761e-06	6.423749e-09
2.31663614e-06	6.717749e-09
2.31665467e-06	7.042641e-09
2.31667321e-06	6.906212e-09
2.31669174e-06	6.267895e-09
2.31671027e-06	6.970433e-09
2.31672881e-06	7.272160e-09
2.31674734e-06	7.310653e-09
2.31676587e-06	6.717669e-09
2.31678441e-06	7.295367e-09
2.31680294e-06	7.530652e-09
2.31682148e-06	6.404255e-09
2.31684001e-06	5.582619e-09
2.31685855e-06	6.497037e-09
2.31687708e-06	7.195797e-09
2.31689562e-06	7.242271e-09
2.31691415e-06	7.518962e-09
2.31693269e-06	7.380574e-09
2.31695122e-06	7.620185e-09
2.31696976e-06	7.650044e-09
2.31698830e-06	6.308895e-09
2.31700683e-06	6.125270e-09
2.31702537e-06	6.450296e-09
2.31704390e-06	6.118398e-09
2.31706244e-06	6.675021e-09
2.31708098e-06	7.182348e-09
2.31709951e-06	7.604934e-09
2.31711805e-06	7.369327e-09
2.31713659e-06	6.674349e-09
2.31715512e-06	5.009084e-09
2.31717366e-06	5.151308e-09
2.31719220e-06	6.799654e-09
2.31721073e-06	7.262625e-09
2.31722927e-06	6.922187e-09
2.31724781e-06	7.103974e-09
2.31726635e-06	7.385307e-09
2.31728489e-06	7.067747e-09
2.31730342e-06	7.361848e-09
2.31732196e-06	7.103581e-09
2.31734050e-06	6.926994e-09
2.31735904e-06	7.421629e-09
2.31737758e-06	7.403339e-09
2.31739612e-06	6.733293e-09
2.31741466e-06	6.476269e-09
2.31743320e-06	6.764267e-09
2.31745174e-06	6.141605e-09
2.31747028e-06	6.549102e-09
2.31748882e-06	5.742091e-09
2.31750736e-06	5.043416e-09
2.31752590e-06	6.180732e-09
2.31754444e-06	6.499257e-09
2.31756298e-06	6.369110e-09
2.31758152e-06	5.739010e-09
2.31760006e-06	5.317217e-09
2.31761860e-06	5.364458e-09
2.31763714e-06	5.554747e-09
2.31765568e-06	5.880153e-09
2.31767422e-06	5.541726e-09
2.31769276e-06	4.943380e-09
2.31771131e-06	6.427559e-09
2.31772985e-06	5.315212e-09
2.31774839e-06	5.352389e-09
2.31776693e-06	5.819155e-09
2.31778547e-06	5.462624e-09
2.31780401e-06	5.916389e-09
2.31782256e-06	6.460773e-09
2.31784110e-06	6.990744e-09
2.31785964e-06	7.152225e-09
2.31787819e-06	6.686033e-09
2.31789673e-06	6.459111e-09
2.31791527e-06	7.197996e-09
2.31793381e-06	7.181209e-09
2.31795236e-06	6.828217e-09
2.31797090e-06	7.132748e-09
2.31798945e-06	7.315707e-09
2.31800799e-06	6.643446e-09
2.31802653e-06	6.447271e-09
2.31804508e-06	6.545561e-09
2.31806362e-06	6.870336e-09
2.31808217e-06	6.972001e-09
2.31810071e-06	6.518808e-09
2.31811926e-06	7.201674e-09
2.31813780e-06	6.931579e-09
2.31815635e-06	5.941255e-09
2.31817489e-06	6.135085e-09
2.31819344e-06	7.388522e-09
2.31821198e-06	7.222630e-09
2.31823053e-06	6.171022e-09
2.31824907e-06	5.897674e-09
2.31826762e-06	5.462023e-09
2.31828617e-06	6.177565e-09
2.31830471e-06	7.178998e-09
2.31832326e-06	7.726141e-09
2.31834181e-06	7.404109e-09
2.31836035e-06	6.777850e-09
2.31837890e-06	7.011701e-09
2.31839745e-06	7.500496e-09
2.31841599e-06	7.647855e-09
2.31843454e-06	7.515029e-09
2.31845309e-06	6.330780e-09
2.31847164e-06	5.219681e-09
2.31849018e-06	5.003285e-09
2.31850873e-06	5.596964e-09
2.31852728e-06	6.529587e-09
2.31854583e-06	6.981633e-09
2.31856438e-06	7.507400e-09
2.31858292e-06	7.302351e-09
2.31860147e-06	6.843946e-09
2.31862002e-06	6.887417e-09
2.31863857e-06	6.650171e-09
2.31865712e-06	7.260420e-09
2.31867567e-06	7.180564e-09
2.31869422e-06	6.839244e-09
2.31871277e-06	7.042622e-09
2.31873132e-06	7.444653e-09
2.31874987e-06	7.428050e-09
2.31876842e-06	7.665025e-09
2.31878697e-06	7.952223e-09
2.31880552e-06	7.718471e-09
2.31882407e-06	7.026811e-09
2.31884262e-06	7.249505e-09
2.31886117e-06	6.853541e-09
2.31887972e-06	6.474623e-09
2.31889827e-06	6.809513e-09
2.31891682e-06	7.171026e-09
2.31893538e-06	6.959049e-09
2.31895393e-06	6.953723e-09
2.31897248e-06	7.075136e-09
2.31899103e-06	6.829418e-09
2.31900958e-06	6.754870e-09
2.31902813e-06	6.549751e-09
2.31904669e-06	6.428378e-09
2.31906524e-06	6.042189e-09
2.31908379e-06	5.858602e-09
2.31910234e-06	5.158379e-09
2.31912090e-06	5.990636e-09
2.31913945e-06	6.088064e-09
2.31915800e-06	5.079862e-09
2.31917656e-06	5.801040e-09
2.31919511e-06	6.316590e-09
2.31921366e-06	6.676253e-09
2.31923222e-06	6.807170e-09
2.31925077e-06	6.644610e-09
2.31926932e-06	6.785263e-09
2.31928788e-06	6.724023e-09
2.31930643e-06	6.497555e-09
2.31932499e-06	6.930884e-09
2.31934354e-06	6.036077e-09
2.31936210e-06	6.431597e-09
2.31938065e-06	6.923522e-09
2.31939921e-06	7.376471e-09
2.31941776e-06	7.397316e-09
2.31943632e-06	7.557492e-09
2.31945487e-06	7.125570e-09
2.31947343e-06	5.994749e-09
2.31949198e-06	6.166523e-09
2.31951054e-06	6.123481e-09
2.31952910e-06	5.977993e-09
2.31954765e-06	6.018405e-09
2.31956621e-06	5.623522e-09
2.31958477e-06	5.828414e-09
2.31960332e-06	7.180313e-09
2.31962188e-06	7.728477e-09
2.31964044e-06	7.822206e-09
2.31965899e-06	7.651518e-09
2.31967755e-06	6.838213e-09
2.31969611e-06	5.506297e-09
2.31971466e-06	6.198767e-09
2.31973322e-06	7.049859e-09
2.31975178e-06	7.662216e-09
2.31977034e-06	7.908535e-09
2.31978890e-06	7.829965e-09
2.31980746e-06	8.051263e-09
2.31982601e-06	7.949224e-09
2.31984457e-06	7.837007e-09
2.31986313e-06	7.432377e-09
2.31988169e-06	7.030611e-09
2.31990025e-06	7.545716e-09
2.31991881e-06	7.878108e-09
2.31993737e-06	7.884828e-09
2.31995593e-06	7.175570e-09
2.31997449e-06	6.817392e-09
2.31999305e-06	6.056500e-09
2.32001161e-06	5.243137e-09
2.32003017e-06	6.304219e-09
2.32004873e-06	7.227719e-09
2.32006729e-06	6.700822e-09
2.32008585e-06	6.622580e-09
2.32010441e-06	7.247354e-09
2.32012297e-06	7.680877e-09
2.32014153e-06	7.488288e-09
2.32016009e-06	7.669395e-09
2.32017865e-06	7.366756e-09
2.32019721e-06	7.321870e-09
2.32021577e-06	6.986137e-09
2.32023434e-06	6.986938e-09
2.32025290e-06	6.367225e-09
2.32027146e-06	5.195270e-09
2.32029002e-06	6.520492e-09
2.32030858e-06	7.476362e-09
2.32032715e-06	7.592581e-09
2.32034571e-06	7.066603e-09
2.32036427e-06	6.154566e-09
2.32038284e-06	6.016942e-09
2.32040140e-06	6.316766e-09
2.32041996e-06	5.141965e-09
2.32043853e-06	5.059215e-09
2.32045709e-06	6.217845e-09
2.32047565e-06	6.574384e-09
2.32049422e-06	6.236867e-09
2.32051278e-06	6.094633e-09
2.32053135e-06	5.636978e-09
2.32054991e-06	5.304576e-09
2.32056847e-06	5.056870e-09
2.32058704e-06	6.534265e-09
2.32060560e-06	5.124752e-09
2.32062417e-06	5.383243e-09
2.32064273e-06	5.916135e-09
2.32066130e-06	6.162048e-09
2.32067986e-06	6.298800e-09
2.32069843e-06	6.504384e-09
2.32071699e-06	6.672646e-09
2.32073556e-06	6.025308e-09
2.32075413e-06	6.141128e-09
2.32077269e-06	6.238182e-09
2.32079126e-06	7.053699e-09
2.32080982e-06	7.469600e-09
2.32082839e-06	7.513081e-09
2.32084696e-06	7.305392e-09
2.32086552e-06	6.775429e-09
2.32088409e-06	5.987935e-09
2.32090266e-06	6.243578e-09
2.32092123e-06	6.493632e-09
2.32093979e-06	6.086446e-09
2.32095836e-06	6.124838e-09
2.32097693e-06	6.924868e-09
2.32099550e-06	7.062766e-09
2.32101406e-06	6.783536e-09
2.32103263e-06	6.650369e-09
2.32105120e-06	6.402134e-09
2.32106977e-06	7.130122e-09
2.32108834e-06	7.691691e-09
2.32110691e-06	7.623179e-09
2.32112547e-06	6.802244e-09
2.32114404e-06	6.159135e-09
2.32116261e-06	6.516512e-09
2.32118118e-06	5.721268e-09
2.32119975e-06	5.159878e-09
2.32121832e-06	5.766765e-09
2.32123689e-06	6.824602e-09
2.32125546e-06	7.327074e-09
2.32127403e-06	6.982875e-09
2.32129260e-06	6.904363e-09
2.32131117e-06	6.079940e-09
2.32132974e-06	5.411222e-09
2.32134831e-06	5.638417e-09
2.32136688e-06	6.326092e-09
2.32138545e-06	7.493347e-09
2.32140403e-06	7.778372e-09
2.32142260e-06	7.775699e-09
2.32144117e-06	7.762242e-09
2.32145974e-06	7.752717e-09
2.32147831e-06	7.490288e-09
2.32149688e-06	6.534274e-09
2.32151545e-06	6.474989e-09
2.32153403e-06	6.899713e-09
2.32155260e-06	7.329207e-09
2.32157117e-06	7.770295e-09
2.32158974e-06	7.799716e-09
2.32160832e-06	7.465803e-09
2.32162689e-06	6.681182e-09
2.32164546e-06	5.583238e-09
2.32166404e-06	6.061197e-09
2.32168261e-06	7.119460e-09
2.32170118e-06	7.595636e-09
2.32171976e-06	7.576321e-09
2.32173833e-06	7.492785e-09
2.32175690e-06	7.442368e-09
2.32177548e-06	6.770485e-09
2.32179405e-06	5.917097e-09
2.32181263e-06	6.951215e-09
2.32183120e-06	6.909339e-09
2.32184978e-06	6.623344e-09
2.32186835e-06	6.600914e-09
2.32188692e-06	6.829668e-09
2.32190550e-06	6.605292e-09
2.32192408e-06	6.546005e-09
2.32194265e-06	5.033196e-09
2.32196123e-06	4.928524e-09
2.32197980e-06	6.134889e-09
2.32199838e-06	6.466882e-09
2.32201695e-06	6.271140e-09
2.32203553e-06	5.942030e-09
2.32205411e-06	5.238422e-09
2.32207268e-06	5.716707e-09
2.32209126e-06	6.293330e-09
2.32210984e-06	4.981590e-09
2.32212841e-06	5.746907e-09
2.32214699e-06	6.218233e-09
2.32216557e-06	6.303423e-09
2.32218414e-06	5.613900e-09
2.32220272e-06	5.447940e-09
2.32222130e-06	6.351181e-09
2.32223988e-06	6.468879e-09
2.32225846e-06	6.390503e-09
2.32227703e-06	7.174382e-09
2.32229561e-06	7.154853e-09
2.32231419e-06	6.623094e-09
2.32233277e-06	6.757655e-09
2.32235135e-06	6.541779e-09
2.32236993e-06	5.659603e-09
2.32238850e-06	5.818462e-09
2.32240708e-06	6.735135e-09
2.32242566e-06	6.909870e-09
2.32244424e-06	7.008335e-09
2.32246282e-06	6.079016e-09
2.32248140e-06	6.072618e-09
2.32249998e-06	6.395592e-09
2.32251856e-06	7.170192e-09
2.32253714e-06	6.871445e-09
2.32255572e-06	5.902634e-09
2.32257430e-06	5.730523e-09
2.32259288e-06	6.835036e-09
2.32261146e-06	6.666235e-09
2.32263005e-06	5.934121e-09
2.32264863e-06	5.788093e-09
2.32266721e-06	6.281552e-09
2.32268579e-06	6.234476e-09
2.32270437e-06	6.150542e-09
2.32272295e-06	6.179892e-09
2.32274153e-06	6.188463e-09
2.32276012e-06	6.140624e-09
2.32277870e-06	6.315815e-09
2.32279728e-06	6.564992e-09
2.32281586e-06	6.088023e-09
2.32283444e-06	6.235629e-09
2.32285303e-06	6.109852e-09
2.32287161e-06	6.154558e-09
2.32289019e-06	6.101779e-09
2.32290878e-06	5.860217e-09
2.32292736e-06	5.172950e-09
2.32294594e-06	6.133165e-09
2.32296453e-06	6.209812e-09
2.32298311e-06	6.516882e-09
2.32300169e-06	6.155346e-09
2.32302028e-06	6.203103e-09
2.32303886e-06	6.021288e-09
2.32305745e-06	6.788612e-09
2.32307603e-06	5.604135e-09
2.32309462e-06	4.999158e-09
2.32311320e-06	5.583727e-09
2.32313179e-06	6.112630e-09
2.32315037e-06	5.530389e-09
2.32316896e-06	4.987085e-09
2.32318754e-06	5.022829e-09
2.32320613e-06	6.025605e-09
2.32322471e-06	6.047675e-09
2.32324330e-06	6.382985e-09
2.32326188e-06	5.471973e-09
2.32328047e-06	5.004567e-09
2.32329906e-06	6.804139e-09
2.32331764e-06	6.907796e-09
2.32333623e-06	5.720470e-09
2.32335482e-06	5.930139e-09
2.32337340e-06	6.206505e-09
2.32339199e-06	6.597846e-09
2.32341058e-06	6.807249e-09
2.32342916e-06	6.261210e-09
2.32344775e-06	6.161813e-09
2.32346634e-06	5.864826e-09
2.32348493e-06	6.597675e-09
2.32350352e-06	6.874407e-09
2.32352210e-06	6.770798e-09
2.32354069e-06	5.871322e-09
2.32355928e-06	5.250908e-09
2.32357787e-06	5.647062e-09
2.32359646e-06	5.124556e-09
2.32361504e-06	6.131076e-09
2.32363363e-06	6.164592e-09
2.32365222e-06	5.097411e-09
2.32367081e-06	5.826103e-09
2.32368940e-06	6.175856e-09
2.32370799e-06	5.814147e-09
2.32372658e-06	6.132047e-09
2.32374517e-06	5.781282e-09
2.32376376e-06	6.045788e-09
2.32378235e-06	6.533722e-09
2.32380094e-06	5.401280e-09
2.32381953e-06	5.475223e-09
2.32383812e-06	6.751004e-09
2.32385671e-06	7.117601e-09
2.32387530e-06	7.201573e-09
2.32389389e-06	6.853099e-09
2.32391249e-06	6.771023e-09
2.32393108e-06	6.296284e-09
2.32394967e-06	6.187650e-09
2.32396826e-06	6.674217e-09
2.32398685e-06	6.308050e-09
2.32400544e-06	5.232554e-09
2.32402404e-06	5.200966e-09
2.32404263e-06	6.069810e-09
2.32406122e-06	5.922965e-09
2.32407981e-06	6.277942e-09
2.32409840e-06	6.365794e-09
2.32411700e-06	6.892734e-09
2.32413559e-06	7.328761e-09
2.32415418e-06	7.594340e-09
2.32417278e-06	7.419483e-09
2.32419137e-06	6.989660e-09
2.32420996e-06	7.266881e-09
2.32422856e-06	7.385177e-09
2.32424715e-06	7.406246e-09
2.32426575e-06	6.758168e-09
2.32428434e-06	6.223640e-09
2.32430293e-06	6.375738e-09
2.32432153e-06	7.088090e-09
2.32434012e-06	6.400170e-09
2.32435872e-06	6.292615e-09
2.32437731e-06	6.426691e-09
2.32439591e-06	5.893091e-09
2.32441450e-06	6.143875e-09
2.32443310e-06	6.161017e-09
2.32445169e-06	6.863319e-09
2.32447029e-06	6.399432e-09
2.32448888e-06	7.070369e-09
2.32450748e-06	7.505827e-09
2.32452608e-06	6.653993e-09
2.32454467e-06	6.321534e-09
2.32456327e-06	6.672641e-09
2.32458187e-06	7.325831e-09
2.32460046e-06	7.428036e-09
2.32461906e-06	6.818664e-09
2.32463766e-06	7.388786e-09
2.32465625e-06	7.036375e-09
2.32467485e-06	6.362088e-09
2.32469345e-06	6.428239e-09
2.32471205e-06	6.993549e-09
2.32473064e-06	6.094501e-09
2.32474924e-06	5.860189e-09
2.32476784e-06	6.550927e-09
2.32478644e-06	6.211005e-09
2.32480504e-06	6.047039e-09
2.32482363e-06	5.880300e-09
2.32484223e-06	6.122440e-09
2.32486083e-06	5.853369e-09
2.32487943e-06	6.153491e-09
2.32489803e-06	6.062049e-09
2.32491663e-06	6.253719e-09
2.32493523e-06	7.069589e-09
2.32495383e-06	7.106851e-09
2.32497243e-06	7.199214e-09
2.32499103e-06	6.732104e-09
2.32500963e-06	6.919767e-09
2.32502823e-06	7.065780e-09
2.32504683e-06	7.322265e-09
2.32506543e-06	7.259721e-09
2.32508403e-06	6.942794e-09
2.32510263e-06	6.328480e-09
2.32512123e-06	6.222959e-09
2.32513983e-06	6.092957e-09
2.32515843e-06	5.801377e-09
2.32517703e-06	5.096252e-09
2.32519563e-06	6.081455e-09
2.32521424e-06	5.812537e-09
2.32523284e-06	5.282323e-09
2.32525144e-06	6.188249e-09
2.32527004e-06	5.666853e-09
2.32528864e-06	6.142081e-09
2.32530725e-06	6.378537e-09
2.32532585e-06	6.320902e-09
2.32534445e-06	6.565006e-09
2.32536305e-06	7.190264e-09
2.32538166e-06	7.404463e-09
2.32540026e-06	7.158454e-09
2.32541886e-06	6.833989e-09
2.32543747e-06	6.958456e-09
2.32545607e-06	6.763917e-09
2.32547467e-06	7.290239e-09
2.32549328e-06	6.969885e-09
2.32551188e-06	6.738802e-09
2.32553048e-06	6.788016e-09
2.32554909e-06	6.921205e-09
2.32556769e-06	6.940788e-09
2.32558630e-06	6.602266e-09
2.32560490e-06	6.381428e-09
2.32562351e-06	6.446968e-09
2.32564211e-06	6.787893e-09
2.32566072e-06	6.159707e-09
2.32567932e-06	6.655160e-09
2.32569793e-06	6.835408e-09
2.32571654e-06	6.028185e-09
2.32573514e-06	6.206213e-09
2.32575375e-06	5.780585e-09
2.32577235e-06	6.490069e-09
2.32579096e-06	6.895869e-09
2.32580956e-06	7.213813e-09
2.32582817e-06	6.889370e-09
2.32584678e-06	5.561836e-09
2.32586538e-06	5.413452e-09
2.32588399e-06	5.469370e-09
2.32590260e-06	6.296129e-09
2.32592121e-06	6.680158e-09
2.32593981e-06	6.524345e-09
2.32595842e-06	6.023534e-09
2.32597703e-06	5.893144e-09
2.32599564e-06	5.797620e-09
2.32601424e-06	6.604898e-09
2.32603285e-06	6.704460e-09
2.32605146e-06	6.526752e-09
2.32607007e-06	6.717136e-09
2.32608868e-06	6.104873e-09
2.32610729e-06	6.135982e-09
2.32612590e-06	6.466149e-09
2.32614450e-06	7.098417e-09
2.32616311e-06	7.048579e-09
2.32618172e-06	6.675345e-09
2.32620033e-06	6.892386e-09
2.32621894e-06	6.747862e-09
2.32623755e-06	6.314245e-09
2.32625616e-06	6.026505e-09
2.32627477e-06	5.948800e-09
2.32629338e-06	5.524062e-09
2.32631199e-06	5.352489e-09
2.32633060e-06	5.948920e-09
2.32634921e-06	6.071969e-09
2.32636782e-06	6.606081e-09
2.32638643e-06	6.694548e-09
2.32640505e-06	6.594531e-09
2.32642366e-06	6.583270e-09
2.32644227e-06	6.187437e-09
2.32646088e-06	6.689222e-09
2.32647949e-06	7.031308e-09
2.32649810e-06	7.186040e-09
2.32651671e-06	7.199296e-09
2.32653533e-06	7.708054e-09
2.32655394e-06	7.208572e-09
2.32657255e-06	7.304087e-09
2.32659116e-06	7.334849e-09
2.32660978e-06	6.857706e-09
2.32662839e-06	6.054343e-09
2.32664700e-06	5.931532e-09
2.32666562e-06	6.479710e-09
2.32668423e-06	6.428165e-09
2.32670284e-06	6.565436e-09
2.32672146e-06	6.256484e-09
2.32674007e-06	6.234637e-09
2.32675869e-06	6.349486e-09
2.32677730e-06	5.868626e-09
2.32679591e-06	5.125921e-09
2.32681453e-06	5.978388e-09
2.32683314e-06	6.571421e-09
2.32685176e-06	5.197127e-09
2.32687037e-06	5.786073e-09
2.32688899e-06	6.106933e-09
2.32690760e-06	6.265406e-09
2.32692622e-06	6.484549e-09
2.32694483e-06	6.099910e-09
2.32696345e-06	6.317015e-09
2.32698206e-06	6.739329e-09
2.32700068e-06	6.930038e-09
2.32701930e-06	6.730124e-09
2.32703791e-06	7.089178e-09
2.32705653e-06	7.442624e-09
2.32707514e-06	7.053316e-09
2.32709376e-06	6.437373e-09
2.32711238e-06	5.901019e-09
2.32713099e-06	5.452655e-09
2.32714961e-06	5.992195e-09
2.32716823e-06	6.682819e-09
2.32718685e-06	6.443204e-09
2.32720546e-06	7.078133e-09
2.32722408e-06	7.237177e-09
2.32724270e-06	6.740149e-09
2.32726132e-06	7.468938e-09
2.32727993e-06	7.053482e-09
2.32729855e-06	6.508628e-09
2.32731717e-06	6.392598e-09
2.32733579e-06	7.261858e-09
2.32735441e-06	7.473930e-09
2.32737303e-06	6.973957e-09
2.32739165e-06	6.619168e-09
2.32741027e-06	6.139306e-09
2.32742888e-06	5.908440e-09
2.32744750e-06	6.050174e-09
2.32746612e-06	6.042011e-09
2.32748474e-06	6.745671e-09
2.32750336e-06	7.107192e-09
2.32752198e-06	7.066279e-09
2.32754060e-06	7.191042e-09
2.32755922e-06	7.144685e-09
2.32757784e-06	7.429365e-09
2.32759646e-06	6.577232e-09
2.32761509e-06	5.777942e-09
2.32763371e-06	6.759582e-09
2.32765233e-06	7.470041e-09
2.32767095e-06	7.144733e-09
2.32768957e-06	7.119358e-09
2.32770819e-06	7.411965e-09
2.32772681e-06	7.283417e-09
2.32774544e-06	7.443164e-09
2.32776406e-06	7.527664e-09
2.32778268e-06	7.453592e-09
2.32780130e-06	7.157461e-09
2.32781992e-06	6.441168e-09
2.32783855e-06	5.049237e-09
2.32785717e-06	4.972697e-09
2.32787579e-06	5.329696e-09
2.32789442e-06	6.100301e-09
2.32791304e-06	5.765313e-09
2.32793166e-06	5.873671e-09
2.32795028e-06	5.520962e-09
2.32796891e-06	5.081246e-09
2.32798753e-06	6.320034e-09
2.32800616e-06	6.925134e-09
2.32802478e-06	7.055166e-09
2.32804340e-06	6.648113e-09
2.32806203e-06	5.902130e-09
2.32808065e-06	6.014031e-09
2.32809928e-06	5.961555e-09
2.32811790e-06	5.988352e-09
2.32813653e-06	6.292516e-09
2.32815515e-06	6.601681e-09
2.32817378e-06	7.128174e-09
2.32819240e-06	6.757151e-09
2.32821103e-06	6.760507e-09
2.32822965e-06	6.510360e-09
2.32824828e-06	6.924988e-09
2.32826691e-06	7.167923e-09
2.32828553e-06	6.788449e-09
2.32830416e-06	5.974966e-09
2.32832279e-06	6.130157e-09
2.32834141e-06	6.709493e-09
2.32836004e-06	6.874889e-09
2.32837867e-06	6.643126e-09
2.32839729e-06	5.666967e-09
2.32841592e-06	5.190166e-09
2.32843455e-06	5.689476e-09
2.32845317e-06	5.258655e-09
2.32847180e-06	5.464754e-09
2.32849043e-06	6.244949e-09
2.32850906e-06	4.938857e-09
2.32852769e-06	5.689855e-09
2.32854631e-06	6.041803e-09
2.32856494e-06	6.562146e-09
2.32858357e-06	6.939010e-09
2.32860220e-06	6.989099e-09
2.32862083e-06	6.752079e-09
2.32863946e-06	6.495880e-09
2.32865809e-06	6.117641e-09
2.32867672e-06	6.239715e-09
2.32869535e-06	6.320443e-09
2.32871397e-06	5.164114e-09
2.32873260e-06	5.763310e-09
2.32875123e-06	6.027756e-09
2.32876987e-06	6.081311e-09
2.32878849e-06	5.929553e-09
2.32880712e-06	5.792131e-09
2.32882576e-06	6.081305e-09
2.32884439e-06	6.819540e-09
2.32886302e-06	7.073997e-09
2.32888165e-06	6.576292e-09
2.32890028e-06	6.335463e-09
2.32891891e-06	6.390454e-09
2.32893754e-06	6.501502e-09
2.32895617e-06	6.753603e-09
2.32897481e-06	7.077707e-09
2.32899344e-06	6.535407e-09
2.32901207e-06	6.427914e-09
2.32903070e-06	7.107143e-09
2.32904933e-06	7.135627e-09
2.32906797e-06	6.640073e-09
2.32908660e-06	5.784684e-09
2.32910523e-06	6.210433e-09
2.32912386e-06	7.259780e-09
2.32914250e-06	7.310115e-09
2.32916113e-06	7.008756e-09
2.32917976e-06	6.292500e-09
2.32919840e-06	5.121946e-09
2.32921703e-06	5.109307e-09
2.32923566e-06	6.581733e-09
2.32925430e-06	7.320516e-09
2.32927293e-06	7.284924e-09
2.32929157e-06	7.450823e-09
2.32931020e-06	7.745299e-09
2.32932883e-06	7.631206e-09
2.32934747e-06	7.084425e-09
2.32936610e-06	6.683879e-09
2.32938474e-06	6.631050e-09
2.32940337e-06	6.876502e-09
2.32942201e-06	6.608577e-09
2.32944065e-06	6.833095e-09
2.32945928e-06	6.338442e-09
2.32947792e-06	5.836772e-09
2.32949655e-06	5.641730e-09
2.32951519e-06	6.287156e-09
2.32953382e-06	5.847427e-09
2.32955246e-06	6.573651e-09
2.32957110e-06	6.972870e-09
2.32958973e-06	7.395958e-09
2.32960837e-06	7.650995e-09
2.32962701e-06	7.547229e-09
2.32964564e-06	7.111888e-09
2.32966428e-06	7.601425e-09
2.32968292e-06	7.962990e-09
2.32970156e-06	8.185656e-09
2.32972019e-06	8.155161e-09
2.32973883e-06	7.944689e-09
2.32975747e-06	7.477518e-09
2.32977611e-06	7.318328e-09
2.32979475e-06	6.440573e-09
2.32981338e-06	6.565163e-09
2.32983202e-06	7.518272e-09
2.32985066e-06	7.299094e-09
2.32986930e-06	6.667581e-09
2.32988794e-06	7.357722e-09
2.32990658e-06	7.280443e-09
2.32992522e-06	6.749018e-09
2.32994386e-06	6.680384e-09
2.32996250e-06	6.437488e-09
2.32998113e-06	6.845492e-09
2.32999977e-06	6.781271e-09
2.33001842e-06	5.498334e-09
2.33003706e-06	5.248264e-09
2.33005570e-06	6.463702e-09
2.33007434e-06	6.664640e-09
2.33009298e-06	6.121183e-09
2.33011162e-06	6.040164e-09
2.33013026e-06	6.046899e-09
2.33014890e-06	5.742390e-09
2.33016754e-06	5.530518e-09
2.33018618e-06	6.341454e-09
2.33020482e-06	5.099545e-09
2.33022347e-06	5.477127e-09
2.33024211e-06	5.756939e-09
2.33026075e-06	5.449407e-09
2.33027939e-06	6.427297e-09
2.33029803e-06	5.388700e-09
2.33031667e-06	6.106847e-09
2.33033532e-06	6.552463e-09
2.33035396e-06	6.752870e-09
2.33037260e-06	6.573409e-09
2.33039125e-06	5.770460e-09
2.33040989e-06	6.075191e-09
2.33042853e-06	6.727957e-09
2.33044718e-06	6.059079e-09
2.33046582e-06	5.722866e-09
2.33048446e-06	6.062322e-09
2.33050311e-06	6.016206e-09
2.33052175e-06	5.141276e-09
2.33054040e-06	5.070133e-09
2.33055904e-06	6.063170e-09
2.33057768e-06	5.633578e-09
2.33059633e-06	5.009469e-09
2.33061497e-06	5.335586e-09
2.33063362e-06	5.546321e-09
2.33065226e-06	5.673894e-09
2.33067091e-06	5.808725e-09
2.33068955e-06	5.853534e-09
2.33070820e-06	5.214083e-09
2.33072685e-06	5.920154e-09
2.33074549e-06	5.545638e-09
2.33076414e-06	6.122820e-09
2.33078278e-06	6.368594e-09
2.33080143e-06	5.917813e-09
2.33082008e-06	6.746608e-09
2.33083872e-06	7.176440e-09
2.33085737e-06	7.258449e-09
2.33087602e-06	6.950444e-09
2.33089466e-06	6.700269e-09
2.33091331e-06	7.030853e-09
2.33093196e-06	6.872077e-09
2.33095061e-06	6.622003e-09
2.33096925e-06	6.819574e-09
2.33098790e-06	6.740329e-09
2.33100655e-06	6.512604e-09
2.33102520e-06	5.866001e-09
2.33104384e-06	6.260579e-09
2.33106249e-06	6.212285e-09
2.33108114e-06	5.670083e-09
2.33109979e-06	6.258517e-09
2.33111844e-06	5.658201e-09
2.33113709e-06	6.299615e-09
2.33115574e-06	6.166833e-09
2.33117439e-06	5.885950e-09
2.33119304e-06	5.597185e-09
2.33121169e-06	5.008091e-09
2.33123033e-06	5.106753e-09
2.33124898e-06	5.827491e-09
2.33126763e-06	6.114137e-09
2.33128629e-06	6.927854e-09
2.33130493e-06	6.819970e-09
2.33132359e-06	6.859457e-09
2.33134224e-06	7.327674e-09
2.33136089e-06	7.002146e-09
2.33137954e-06	6.126558e-09
2.33139819e-06	6.553554e-09
2.33141684e-06	6.989956e-09
2.33143549e-06	6.860993e-09
2.33145414e-06	6.697940e-09
2.33147280e-06	7.181931e-09
2.33149145e-06	7.021486e-09
2.33151010e-06	6.881051e-09
2.33152875e-06	6.646821e-09
2.33154740e-06	5.916708e-09
2.33156606e-06	6.321951e-09
2.33158471e-06	6.228658e-09
2.33160336e-06	5.692336e-09
2.33162201e-06	5.887673e-09
2.33164067e-06	5.150035e-09
2.33165932e-06	4.973318e-09
2.33167797e-06	6.611559e-09
2.33169663e-06	6.922547e-09
2.33171528e-06	5.993074e-09
2.33173393e-06	5.371118e-09
2.33175259e-06	6.528514e-09
2.33177124e-06	6.444201e-09
2.33178990e-06	6.014711e-09
2.33180855e-06	6.534965e-09
2.33182720e-06	6.420259e-09
2.33184586e-06	6.524519e-09
2.33186451e-06	6.348319e-09
2.33188317e-06	5.869976e-09
2.33190182e-06	5.365165e-09
2.33192048e-06	5.618055e-09
2.33193913e-06	6.580065e-09
2.33195779e-06	6.161662e-09
2.33197644e-06	5.549265e-09
2.33199510e-06	5.831074e-09
2.33201376e-06	6.106685e-09
2.33203241e-06	6.706334e-09
2.33205107e-06	6.922114e-09
2.33206973e-06	6.924630e-09
2.33208838e-06	7.028381e-09
2.33210704e-06	6.392613e-09
2.33212570e-06	6.808846e-09
2.33214435e-06	7.081486e-09
2.33216301e-06	6.913643e-09
2.33218167e-06	7.089539e-09
2.33220033e-06	7.247379e-09
2.33221898e-06	6.435964e-09
2.33223764e-06	6.275997e-09
2.33225630e-06	5.842490e-09
2.33227496e-06	6.589228e-09
2.33229361e-06	7.404852e-09
2.33231227e-06	7.828521e-09
2.33233093e-06	7.631154e-09
2.33234959e-06	7.675578e-09
2.33236825e-06	7.470278e-09
2.33238691e-06	6.444137e-09
2.33240557e-06	6.124686e-09
2.33242423e-06	7.092029e-09
2.33244288e-06	7.378724e-09
2.33246154e-06	6.641351e-09
2.33248020e-06	6.112717e-09
2.33249886e-06	6.471338e-09
2.33251752e-06	7.226756e-09
2.33253618e-06	7.156877e-09
2.33255485e-06	5.908950e-09
2.33257350e-06	5.791497e-09
2.33259217e-06	6.626577e-09
2.33261083e-06	6.816508e-09
2.33262949e-06	7.498299e-09
2.33264815e-06	7.535320e-09
2.33266681e-06	7.194378e-09
2.33268547e-06	7.633426e-09
2.33270413e-06	7.505845e-09
2.33272279e-06	6.912549e-09
2.33274146e-06	6.279651e-09
2.33276012e-06	6.567943e-09
2.33277878e-06	6.511083e-09
2.33279744e-06	6.256551e-09
2.33281610e-06	5.941878e-09
2.33283477e-06	5.970722e-09
2.33285343e-06	6.144291e-09
2.33287209e-06	5.675677e-09
2.33289075e-06	5.153211e-09
2.33290942e-06	5.161812e-09
2.33292808e-06	5.880541e-09
2.33294675e-06	6.613105e-09
2.33296541e-06	6.981531e-09
2.33298407e-06	6.768647e-09
2.33300274e-06	6.833172e-09
2.33302140e-06	7.459075e-09
2.33304006e-06	7.250094e-09
2.33305873e-06	7.086500e-09
2.33307739e-06	7.154484e-09
2.33309606e-06	7.124815e-09
2.33311472e-06	6.749410e-09
2.33313339e-06	6.864130e-09
2.33315205e-06	6.320537e-09
2.33317072e-06	5.841484e-09
2.33318938e-06	6.720324e-09
2.33320805e-06	6.970188e-09
2.33322671e-06	6.169927e-09
2.33324538e-06	5.983425e-09
2.33326405e-06	6.526656e-09
2.33328271e-06	6.032299e-09
2.33330138e-06	6.879214e-09
2.33332004e-06	7.182068e-09
2.33333871e-06	7.170218e-09
2.33335738e-06	6.864598e-09
2.33337604e-06	6.439702e-09
2.33339471e-06	6.671013e-09
2.33341338e-06	6.554758e-09
2.33343205e-06	7.378407e-09
2.33345071e-06	7.500295e-09
2.33346938e-06	7.505818e-09
2.33348805e-06	7.150306e-09
2.33350672e-06	6.508297e-09
2.33352538e-06	5.930640e-09
2.33354405e-06	6.123278e-09
2.33356272e-06	5.741969e-09
2.33358139e-06	5.225018e-09
2.33360006e-06	6.360259e-09
2.33361873e-06	6.826471e-09
2.33363740e-06	6.516368e-09
2.33365607e-06	6.325503e-09
2.33367473e-06	5.922434e-09
2.33369340e-06	5.069491e-09
2.33371207e-06	6.076400e-09
2.33373074e-06	5.596794e-09
2.33374941e-06	5.638819e-09
2.33376808e-06	5.759129e-09
2.33378675e-06	6.354757e-09
2.33380542e-06	5.515044e-09
2.33382410e-06	6.306187e-09
2.33384277e-06	6.521150e-09
2.33386144e-06	6.812323e-09
2.33388011e-06	7.133720e-09
2.33389878e-06	7.000486e-09
2.33391745e-06	7.148049e-09
2.33393612e-06	6.778407e-09
2.33395479e-06	6.098091e-09
2.33397346e-06	6.989829e-09
2.33399213e-06	7.694182e-09
2.33401081e-06	7.618611e-09
2.33402948e-06	7.346218e-09
2.33404815e-06	7.122217e-09
2.33406682e-06	7.298712e-09
2.33408550e-06	7.642238e-09
2.33410417e-06	7.507204e-09
2.33412284e-06	6.724828e-09
2.33414152e-06	5.411186e-09
2.33416019e-06	5.149269e-09
2.33417886e-06	6.002548e-09
2.33419754e-06	5.904488e-09
2.33421621e-06	5.872363e-09
2.33423488e-06	6.440055e-09
2.33425356e-06	6.730414e-09
2.33427223e-06	6.713170e-09
2.33429090e-06	6.274871e-09
2.33430958e-06	5.702427e-09
2.33432825e-06	5.930840e-09
2.33434693e-06	6.096104e-09
2.33436560e-06	6.380209e-09
2.33438428e-06	6.975209e-09
2.33440295e-06	7.215369e-09
2.33442163e-06	6.370281e-09
2.33444030e-06	5.720258e-09
2.33445898e-06	6.159655e-09
2.33447765e-06	6.435941e-09
2.33449633e-06	6.661360e-09
2.33451501e-06	6.097501e-09
2.33453368e-06	6.428498e-09
2.33455236e-06	6.903395e-09
2.33457104e-06	6.567446e-09
2.33458971e-06	7.081208e-09
2.33460839e-06	7.107091e-09
2.33462706e-06	6.115850e-09
2.33464574e-06	6.061859e-09
2.33466442e-06	6.680931e-09
2.33468310e-06	6.939729e-09
2.33470177e-06	6.676447e-09
2.33472045e-06	6.206267e-09
2.33473913e-06	5.498896e-09
2.33475781e-06	6.427449e-09
2.33477648e-06	5.505375e-09
2.33479516e-06	5.485840e-09
2.33481384e-06	5.923016e-09
2.33483252e-06	5.793701e-09
2.33485120e-06	5.916576e-09
2.33486988e-06	5.774216e-09
2.33488856e-06	6.096483e-09
2.33490724e-06	7.173543e-09
2.33492591e-06	7.512673e-09
2.33494460e-06	7.395794e-09
2.33496327e-06	7.009723e-09
2.33498195e-06	5.752533e-09
2.33500063e-06	6.043583e-09
2.33501931e-06	7.321622e-09
2.33503799e-06	7.554672e-09
2.33505667e-06	7.572062e-09
2.33507535e-06	7.348499e-09
2.33509404e-06	6.348193e-09
2.33511272e-06	5.095748e-09
2.33513140e-06	4.950529e-09
2.33515008e-06	6.217215e-09
2.33516876e-06	6.720519e-09
2.33518744e-06	6.190876e-09
2.33520612e-06	6.326463e-09
2.33522480e-06	6.633947e-09
2.33524348e-06	6.081060e-09
2.33526217e-06	6.062897e-09
2.33528085e-06	6.552210e-09
2.33529953e-06	6.718543e-09
2.33531821e-06	6.599465e-09
2.33533690e-06	6.377332e-09
2.33535558e-06	6.454115e-09
2.33537426e-06	5.877205e-09
2.33539294e-06	5.790373e-09
2.33541163e-06	6.615289e-09
2.33543031e-06	6.842493e-09
2.33544900e-06	6.875912e-09
2.33546768e-06	6.891636e-09
2.33548636e-06	6.834291e-09
2.33550505e-06	5.991136e-09
2.33552373e-06	4.902561e-09
2.33554242e-06	6.137149e-09
2.33556110e-06	4.959279e-09
2.33557978e-06	5.740578e-09
2.33559847e-06	6.252656e-09
2.33561715e-06	6.265832e-09
2.33563584e-06	6.054246e-09
2.33565452e-06	5.468021e-09
2.33567321e-06	5.047225e-09
2.33569189e-06	5.676389e-09
2.33571058e-06	5.855991e-09
2.33572927e-06	5.661334e-09
2.33574795e-06	5.514632e-09
2.33576664e-06	5.788505e-09
2.33578532e-06	6.318348e-09
2.33580401e-06	5.966344e-09
2.33582269e-06	6.236407e-09
2.33584138e-06	6.748149e-09
2.33586007e-06	7.094351e-09
2.33587876e-06	6.933754e-09
2.33589744e-06	6.228423e-09
2.33591613e-06	6.182989e-09
2.33593482e-06	7.156515e-09
2.33595350e-06	7.134213e-09
2.33597219e-06	6.427996e-09
2.33599088e-06	6.713310e-09
2.33600957e-06	7.059189e-09
2.33602826e-06	7.084430e-09
2.33604694e-06	7.232449e-09
2.33606563e-06	7.655788e-09
2.33608432e-06	7.968559e-09
2.33610301e-06	8.096100e-09
2.33612170e-06	8.157405e-09
2.33614039e-06	7.859273e-09
2.33615908e-06	7.467237e-09
2.33617777e-06	7.478754e-09
2.33619646e-06	7.032326e-09
2.33621514e-06	7.066014e-09
2.33623383e-06	7.559084e-09
2.33625253e-06	7.154491e-09
2.33627121e-06	6.904507e-09
2.33628990e-06	6.637795e-09
2.33630860e-06	6.876720e-09
2.33632729e-06	6.268096e-09
2.33634598e-06	5.540370e-09
2.33636467e-06	5.700187e-09
2.33638336e-06	6.781011e-09
2.33640205e-06	6.673438e-09
2.33642074e-06	6.723303e-09
2.33643943e-06	7.285361e-09
2.33645812e-06	6.645241e-09
2.33647681e-06	7.259858e-09
2.33649551e-06	7.298233e-09
2.33651420e-06	7.257662e-09
2.33653289e-06	7.803186e-09
2.33655158e-06	7.354270e-09
2.33657028e-06	6.704522e-09
2.33658897e-06	7.334292e-09
2.33660766e-06	7.046444e-09
2.33662635e-06	6.857885e-09
2.33664505e-06	6.975011e-09
2.33666374e-06	7.060931e-09
2.33668243e-06	6.673627e-09
2.33670113e-06	5.779073e-09
2.33671982e-06	5.705599e-09
2.33673851e-06	5.944081e-09
2.33675721e-06	5.847090e-09
2.33677590e-06	6.410101e-09
2.33679460e-06	6.373727e-09
2.33681329e-06	5.593682e-09
2.33683198e-06	6.285286e-09
2.33685068e-06	5.753801e-09
2.33686937e-06	5.880609e-09
2.33688807e-06	6.128420e-09
2.33690676e-06	6.064839e-09
2.33692546e-06	6.138977e-09
2.33694415e-06	6.173187e-09
2.33696285e-06	6.403500e-09
2.33698155e-06	5.722338e-09
2.33700024e-06	5.903951e-09
2.33701894e-06	6.447258e-09
2.33703763e-06	6.739212e-09
2.33705633e-06	6.543034e-09
2.33707503e-06	6.868853e-09
2.33709372e-06	7.078791e-09
2.33711242e-06	7.111893e-09
2.33713112e-06	7.147098e-09
2.33714981e-06	6.721388e-09
2.33716851e-06	7.034869e-09
2.33718721e-06	7.534293e-09
2.33720591e-06	6.725662e-09
2.33722460e-06	6.299778e-09
2.33724330e-06	6.701601e-09
2.33726200e-06	6.625544e-09
2.33728070e-06	5.993684e-09
2.33729940e-06	5.980417e-09
2.33731809e-06	6.642456e-09
2.33733679e-06	6.735715e-09
2.33735549e-06	6.494966e-09
2.33737419e-06	5.961178e-09
2.33739289e-06	4.895236e-09
2.33741159e-06	6.067189e-09
2.33743029e-06	4.839615e-09
2.33744899e-06	5.873911e-09
2.33746769e-06	6.389584e-09
2.33748639e-06	6.310742e-09
2.33750509e-06	6.582847e-09
2.33752379e-06	6.902829e-09
2.33754249e-06	6.911576e-09
2.33756119e-06	6.860970e-09
2.33757989e-06	7.529120e-09
2.33759859e-06	7.588674e-09
2.33761729e-06	7.097429e-09
2.33763599e-06	6.362353e-09
2.33765469e-06	7.141253e-09
2.33767339e-06	7.146039e-09
2.33769209e-06	6.961058e-09
2.33771079e-06	6.595034e-09
2.33772950e-06	6.000541e-09
2.33774820e-06	5.582603e-09
2.33776690e-06	6.048336e-09
2.33778560e-06	6.807934e-09
2.33780431e-06	7.025147e-09
2.33782301e-06	7.084960e-09
2.33784171e-06	6.831405e-09
2.33786041e-06	6.887619e-09
2.33787912e-06	6.777195e-09
2.33789782e-06	6.251318e-09
2.33791652e-06	5.425167e-09
2.33793523e-06	6.294831e-09
2.33795393e-06	5.624597e-09
2.33797263e-06	5.561130e-09
2.33799134e-06	6.265350e-09
2.33801004e-06	6.680333e-09
2.33802874e-06	6.624482e-09
2.33804745e-06	6.418957e-09
2.33806615e-06	6.873961e-09
2.33808486e-06	6.910445e-09
2.33810356e-06	7.153927e-09
2.33812227e-06	6.664761e-09
2.33814097e-06	6.749028e-09
2.33815968e-06	6.840706e-09
2.33817838e-06	6.484853e-09
2.33819709e-06	6.040250e-09
2.33821579e-06	6.138248e-09
2.33823450e-06	5.179034e-09
2.33825321e-06	6.303252e-09
2.33827191e-06	6.676198e-09
2.33829062e-06	6.692241e-09
2.33830932e-06	6.512034e-09
2.33832803e-06	5.858770e-09
2.33834674e-06	5.859871e-09
2.33836544e-06	6.890875e-09
2.33838415e-06	6.859149e-09
2.33840286e-06	7.262630e-09
2.33842156e-06	7.138505e-09
2.33844027e-06	6.355372e-09
2.33845898e-06	5.494845e-09
2.33847769e-06	6.129519e-09
2.33849639e-06	6.735714e-09
2.33851510e-06	6.853612e-09
2.33853381e-06	6.540312e-09
2.33855252e-06	7.249014e-09
2.33857123e-06	6.813941e-09
2.33858994e-06	6.180395e-09
2.33860864e-06	6.357469e-09
2.33862735e-06	7.027587e-09
2.33864606e-06	6.925896e-09
2.33866477e-06	6.744916e-09
2.33868348e-06	6.146482e-09
2.33870219e-06	5.961145e-09
2.33872090e-06	5.343562e-09
2.33873961e-06	5.364096e-09
2.33875832e-06	5.754689e-09
2.33877703e-06	6.014889e-09
2.33879574e-06	6.976900e-09
2.33881445e-06	7.208413e-09
2.33883316e-06	7.441939e-09
2.33885187e-06	7.472999e-09
2.33887058e-06	6.413424e-09
2.33888929e-06	6.754154e-09
2.33890800e-06	6.797899e-09
2.33892672e-06	6.490728e-09
2.33894543e-06	5.791259e-09
2.33896414e-06	5.704771e-09
2.33898285e-06	6.543316e-09
2.33900156e-06	6.592134e-09
2.33902027e-06	6.385566e-09
2.33903899e-06	6.133461e-09
2.33905770e-06	5.537082e-09
2.33907641e-06	6.330024e-09
2.33909512e-06	5.739240e-09
2.33911384e-06	5.810712e-09
2.33913255e-06	6.417586e-09
2.33915126e-06	6.596308e-09
2.33916998e-06	6.518939e-09
2.33918869e-06	5.808553e-09
2.33920740e-06	5.982682e-09
2.33922612e-06	6.500714e-09
2.33924483e-06	6.612567e-09
2.33926354e-06	6.628957e-09
2.33928226e-06	5.975871e-09
2.33930097e-06	5.255672e-09
2.33931969e-06	5.914438e-09
2.33933840e-06	5.071628e-09
2.33935712e-06	5.853170e-09
2.33937583e-06	6.451104e-09
2.33939455e-06	6.675387e-09
2.33941326e-06	6.954397e-09
2.33943198e-06	6.938317e-09
2.33945069e-06	6.458154e-09
2.33946941e-06	5.674071e-09
2.33948812e-06	6.016047e-09
2.33950684e-06	6.987920e-09
2.33952556e-06	7.377875e-09
2.33954427e-06	7.344804e-09
2.33956299e-06	6.871800e-09
2.33958171e-06	6.532858e-09
2.33960042e-06	5.549524e-09
2.33961914e-06	5.501321e-09
2.33963785e-06	6.365584e-09
2.33965657e-06	5.857029e-09
2.33967529e-06	5.608001e-09
2.33969401e-06	6.934522e-09
2.33971272e-06	7.052198e-09
2.33973144e-06	6.444721e-09
2.33975016e-06	5.970483e-09
2.33976888e-06	6.628329e-09
2.33978760e-06	6.799376e-09
2.33980631e-06	6.713936e-09
2.33982503e-06	7.059083e-09
2.33984375e-06	6.622948e-09
2.33986247e-06	5.397968e-09
2.33988119e-06	5.144896e-09
2.33989991e-06	5.000980e-09
2.33991863e-06	5.513035e-09
2.33993735e-06	6.754227e-09
2.33995607e-06	6.570865e-09
2.33997479e-06	7.195691e-09
2.33999351e-06	7.318815e-09
2.34001223e-06	6.661908e-09
2.34003095e-06	5.646629e-09
2.34004967e-06	5.636681e-09
2.34006839e-06	5.763727e-09
2.34008711e-06	6.112906e-09
2.34010583e-06	6.754674e-09
2.34012455e-06	5.986522e-09
2.34014327e-06	6.364802e-09
2.34016199e-06	5.901200e-09
2.34018071e-06	6.182247e-09
2.34019943e-06	6.542911e-09
2.34021815e-06	6.454602e-09
2.34023688e-06	5.785870e-09
2.34025560e-06	5.912033e-09
2.34027432e-06	6.202080e-09
2.34029304e-06	5.497476e-09
2.34031177e-06	6.062510e-09
2.34033049e-06	6.414328e-09
2.34034921e-06	5.811490e-09
2.34036793e-06	5.319661e-09
2.34038666e-06	5.537759e-09
2.34040538e-06	5.591290e-09
2.34042410e-06	5.418305e-09
2.34044283e-06	5.253749e-09
2.34046155e-06	6.503413e-09
2.34048027e-06	6.933085e-09
2.34049900e-06	6.687232e-09
2.34051772e-06	5.404878e-09
2.34053644e-06	5.574837e-09
2.34055517e-06	6.186607e-09
2.34057389e-06	5.680136e-09
2.34059262e-06	6.008351e-09
2.34061134e-06	5.873480e-09
2.34063007e-06	5.830730e-09
2.34064879e-06	6.493557e-09
2.34066752e-06	5.883640e-09
2.34068624e-06	6.405542e-09
2.34070497e-06	7.532433e-09
2.34072369e-06	7.622152e-09
2.34074242e-06	7.670230e-09
2.34076115e-06	7.661505e-09
2.34077987e-06	6.866108e-09
2.34079860e-06	7.312808e-09
2.34081733e-06	7.081374e-09
2.34083605e-06	6.686169e-09
2.34085478e-06	7.175021e-09
2.34087350e-06	7.046533e-09
2.34089223e-06	6.987640e-09
2.34091096e-06	7.142285e-09
2.34092969e-06	6.987445e-09
2.34094841e-06	7.598499e-09
2.34096714e-06	7.293850e-09
2.34098587e-06	7.064107e-09
2.34100460e-06	6.990179e-09
2.34102333e-06	6.811956e-09
2.34104205e-06	6.338482e-09
2.34106078e-06	5.449178e-09
2.34107951e-06	5.378366e-09
2.34109824e-06	5.618812e-09
2.34111697e-06	6.068346e-09
2.34113570e-06	5.272856e-09
2.34115443e-06	5.041420e-09
2.34117315e-06	5.590113e-09
2.34119188e-06	6.550197e-09
2.34121061e-06	6.449607e-09
2.34122934e-06	6.195474e-09
2.34124807e-06	5.628544e-09
2.34126680e-06	5.351355e-09
2.34128553e-06	5.276410e-09
2.34130426e-06	5.740894e-09
2.34132299e-06	6.366894e-09
2.34134172e-06	5.718425e-09
2.34136045e-06	5.137697e-09
2.34137919e-06	6.059353e-09
2.34139792e-06	6.658095e-09
2.34141665e-06	6.499563e-09
2.34143538e-06	6.310351e-09
2.34145411e-06	5.870134e-09
2.34147284e-06	5.349176e-09
2.34149158e-06	6.488169e-09
2.34151031e-06	5.341805e-09
2.34152904e-06	5.963088e-09
2.34154777e-06	5.987655e-09
2.34156650e-06	6.330642e-09
2.34158524e-06	6.634521e-09
2.34160397e-06	7.081535e-09
2.34162270e-06	7.144997e-09
2.34164143e-06	7.198578e-09
2.34166017e-06	6.948252e-09
2.34167890e-06	6.314913e-09
2.34169763e-06	5.566077e-09
2.34171637e-06	5.505375e-09
2.34173510e-06	6.253058e-09
2.34175384e-06	6.720847e-09
2.34177257e-06	7.187966e-09
2.34179130e-06	6.939833e-09
2.34181004e-06	7.323160e-09
2.34182877e-06	7.199125e-09
2.34184751e-06	6.270117e-09
2.34186624e-06	5.587332e-09
2.34188498e-06	5.414677e-09
2.34190371e-06	6.288983e-09
2.34192245e-06	6.077273e-09
2.34194118e-06	5.715363e-09
2.34195992e-06	6.077754e-09
2.34197865e-06	6.470009e-09
2.34199739e-06	6.617272e-09
2.34201613e-06	6.147629e-09
2.34203486e-06	4.998904e-09
2.34205360e-06	5.182142e-09
2.34207233e-06	5.534098e-09
2.34209107e-06	6.324348e-09
2.34210981e-06	7.007535e-09
2.34212855e-06	7.241651e-09
2.34214728e-06	6.818196e-09
2.34216602e-06	6.357741e-09
2.34218476e-06	6.615589e-09
2.34220349e-06	7.381353e-09
2.34222223e-06	7.781784e-09
2.34224097e-06	7.855036e-09
2.34225971e-06	7.923489e-09
2.34227844e-06	8.130973e-09
2.34229718e-06	8.236752e-09
2.34231592e-06	7.735147e-09
2.34233466e-06	7.346826e-09
2.34235340e-06	7.745668e-09
2.34237214e-06	7.158481e-09
2.34239088e-06	6.884433e-09
2.34240962e-06	7.048878e-09
2.34242835e-06	6.863749e-09
2.34244709e-06	5.515414e-09
2.34246583e-06	6.157575e-09
2.34248457e-06	7.337932e-09
2.34250331e-06	7.691389e-09
2.34252205e-06	7.593051e-09
2.34254079e-06	6.509169e-09
2.34255953e-06	6.013219e-09
2.34257827e-06	6.442663e-09
2.34259702e-06	6.375516e-09
2.34261576e-06	6.721638e-09
2.34263450e-06	7.193996e-09
2.34265324e-06	7.220239e-09
2.34267198e-06	6.687969e-09
2.34269072e-06	6.247280e-09
2.34270946e-06	6.426480e-09
2.34272820e-06	5.755350e-09
2.34274695e-06	5.757174e-09
2.34276569e-06	6.246614e-09
2.34278443e-06	5.461588e-09
2.34280317e-06	6.223489e-09
2.34282191e-06	6.597564e-09
2.34284066e-06	6.116933e-09
2.34285940e-06	5.997244e-09
2.34287814e-06	6.372984e-09
2.34289689e-06	6.687289e-09
2.34291563e-06	7.128105e-09
2.34293437e-06	7.313820e-09
2.34295312e-06	7.362117e-09
2.34297186e-06	7.060441e-09
2.34299060e-06	6.622539e-09
2.34300935e-06	7.104903e-09
2.34302809e-06	7.570058e-09
2.34304684e-06	7.076930e-09
2.34306558e-06	6.597194e-09
2.34308432e-06	7.093069e-09
2.34310307e-06	7.338944e-09
2.34312181e-06	7.248152e-09
2.34314056e-06	7.179542e-09
2.34315930e-06	6.171642e-09
2.34317805e-06	6.568845e-09
2.34319679e-06	6.878433e-09
2.34321554e-06	6.267268e-09
2.34323429e-06	5.476911e-09
2.34325303e-06	4.937218e-09
2.34327178e-06	5.603937e-09
2.34329052e-06	5.363404e-09
2.34330927e-06	6.172510e-09
2.34332802e-06	6.823439e-09
2.34334676e-06	7.387704e-09
2.34336551e-06	7.370068e-09
2.34338426e-06	6.631083e-09
2.34340300e-06	6.960755e-09
2.34342175e-06	6.586102e-09
2.34344050e-06	6.549236e-09
2.34345925e-06	6.453213e-09
2.34347799e-06	5.746971e-09
2.34349674e-06	5.608390e-09
2.34351549e-06	6.316371e-09
2.34353424e-06	6.829246e-09
2.34355299e-06	6.880038e-09
2.34357173e-06	6.810702e-09
2.34359048e-06	6.254929e-09
2.34360923e-06	5.484960e-09
2.34362798e-06	5.273433e-09
2.34364673e-06	6.084015e-09
2.34366548e-06	5.517873e-09
2.34368423e-06	5.121221e-09
2.34370298e-06	5.504631e-09
2.34372173e-06	6.093577e-09
2.34374048e-06	6.954028e-09
2.34375923e-06	6.759135e-09
2.34377798e-06	6.740047e-09
2.34379673e-06	6.864500e-09
2.34381548e-06	5.883734e-09
2.34383423e-06	5.629986e-09
2.34385298e-06	6.117630e-09
2.34387173e-06	6.435961e-09
2.34389048e-06	7.090064e-09
2.34390923e-06	6.840185e-09
2.34392798e-06	6.760662e-09
2.34394673e-06	7.265477e-09
2.34396549e-06	6.962399e-09
2.34398424e-06	6.155954e-09
2.34400299e-06	6.477971e-09
2.34402174e-06	5.887525e-09
2.34404049e-06	5.527489e-09
2.34405925e-06	6.123529e-09
2.34407800e-06	5.861169e-09
2.34409675e-06	5.637552e-09
2.34411550e-06	6.199709e-09
2.34413426e-06	6.272885e-09
2.34415301e-06	6.659706e-09
2.34417176e-06	7.073273e-09
2.34419052e-06	7.189889e-09
2.34420927e-06	7.025980e-09
2.34422802e-06	7.050053e-09
2.34424678e-06	7.178337e-09
2.34426553e-06	7.385482e-09
2.34428429e-06	6.550234e-09
2.34430304e-06	6.457337e-09
2.34432179e-06	6.015501e-09
2.34434055e-06	6.493548e-09
2.34435930e-06	7.068054e-09
2.34437806e-06	7.019832e-09
2.34439681e-06	6.662259e-09
2.34441557e-06	6.487144e-09
2.34443432e-06	6.366160e-09
2.34445308e-06	5.620631e-09
2.34447183e-06	5.738593e-09
2.34449059e-06	6.153653e-09
2.34450935e-06	5.793623e-09
2.34452810e-06	6.217364e-09
2.34454686e-06	6.468428e-09
2.34456562e-06	6.154375e-09
2.34458437e-06	6.367941e-09
2.34460313e-06	6.867603e-09
2.34462189e-06	6.911050e-09
2.34464064e-06	6.590727e-09
2.34465940e-06	6.251081e-09
2.34467816e-06	5.578031e-09
2.34469691e-06	5.363637e-09
2.34471567e-06	5.365163e-09
2.34473443e-06	5.469053e-09
2.34475319e-06	5.887671e-09
2.34477195e-06	5.489076e-09
2.34479070e-06	5.172018e-09
2.34480946e-06	5.106593e-09
2.34482822e-06	5.610184e-09
2.34484698e-06	6.667233e-09
2.34486574e-06	6.687289e-09
2.34488450e-06	6.021565e-09
2.34490326e-06	6.127460e-09
2.34492202e-06	6.095481e-09
2.34494077e-06	6.281534e-09
2.34495953e-06	5.612192e-09
2.34497829e-06	6.142356e-09
2.34499705e-06	6.333541e-09
2.34501581e-06	5.528879e-09
2.34503457e-06	5.175039e-09
2.34505333e-06	5.047002e-09
2.34507209e-06	5.688253e-09
2.34509086e-06	5.497194e-09
2.34510962e-06	6.372498e-09
2.34512838e-06	7.100579e-09
2.34514714e-06	7.287917e-09
2.34516590e-06	7.025901e-09
2.34518466e-06	6.633574e-09
2.34520342e-06	6.493424e-09
2.34522218e-06	5.934752e-09
2.34524094e-06	5.645481e-09
2.34525971e-06	6.059407e-09
2.34527847e-06	5.875623e-09
2.34529723e-06	5.098897e-09
2.34531599e-06	4.942689e-09
2.34533476e-06	6.012340e-09
2.34535352e-06	6.259223e-09
2.34537228e-06	5.867026e-09
2.34539104e-06	5.491394e-09
2.34540981e-06	6.265160e-09
2.34542857e-06	5.749330e-09
2.34544733e-06	5.491061e-09
2.34546610e-06	5.703770e-09
2.34548486e-06	5.516310e-09
2.34550363e-06	5.675998e-09
2.34552239e-06	6.589102e-09
2.34554115e-06	6.742108e-09
2.34555992e-06	6.192678e-09
2.34557868e-06	6.719807e-09
2.34559745e-06	6.776514e-09
2.34561621e-06	5.058481e-09
2.34563498e-06	5.321579e-09
2.34565374e-06	6.742167e-09
2.34567251e-06	7.504985e-09
2.34569127e-06	7.107510e-09
2.34571004e-06	6.718053e-09
2.34572880e-06	7.402194e-09
2.34574757e-06	6.801526e-09
2.34576634e-06	6.796567e-09
2.34578510e-06	7.827729e-09
2.34580387e-06	8.050771e-09
2.34582263e-06	7.490862e-09
2.34584140e-06	6.270609e-09
2.34586017e-06	6.715762e-09
2.34587894e-06	7.745278e-09
2.34589770e-06	7.840933e-09
2.34591647e-06	7.883857e-09
2.34593524e-06	7.719010e-09
2.34595400e-06	7.422667e-09
2.34597277e-06	6.608023e-09
2.34599154e-06	6.179244e-09
2.34601031e-06	7.462855e-09
2.34602908e-06	7.904851e-09
2.34604784e-06	6.961740e-09
2.34606661e-06	6.686476e-09
2.34608538e-06	7.130668e-09
2.34610415e-06	6.822326e-09
2.34612292e-06	6.742355e-09
2.34614169e-06	7.300933e-09
2.34616046e-06	6.834326e-09
2.34617923e-06	6.028247e-09
2.34619800e-06	7.117249e-09
2.34621676e-06	7.595651e-09
2.34623553e-06	7.416472e-09
2.34625430e-06	7.255553e-09
2.34627307e-06	7.387932e-09
2.34629184e-06	7.502087e-09
2.34631061e-06	6.700252e-09
2.34632938e-06	6.609078e-09
2.34634816e-06	6.309021e-09
2.34636693e-06	6.365869e-09
2.34638570e-06	6.622298e-09
2.34640447e-06	6.432291e-09
2.34642324e-06	5.923935e-09
2.34644201e-06	5.156933e-09
2.34646078e-06	5.396606e-09
2.34647955e-06	5.413899e-09
2.34649833e-06	6.185515e-09
2.34651710e-06	6.717662e-09
2.34653587e-06	6.633951e-09
2.34655464e-06	7.089855e-09
2.34657341e-06	7.440608e-09
2.34659219e-06	7.143837e-09
2.34661096e-06	6.819638e-09
2.34662973e-06	6.916126e-09
2.34664851e-06	6.673355e-09
2.34666728e-06	6.706738e-09
2.34668605e-06	7.161087e-09
2.34670483e-06	7.329234e-09
2.34672360e-06	7.041337e-09
2.34674237e-06	6.808396e-09
2.34676115e-06	6.317275e-09
2.34677992e-06	5.600465e-09
2.34679870e-06	6.041350e-09
2.34681747e-06	5.884812e-09
2.34683625e-06	5.657181e-09
2.34685502e-06	6.268455e-09
2.34687379e-06	6.290204e-09
2.34689257e-06	5.601789e-09
2.34691134e-06	5.502015e-09
2.34693012e-06	5.652219e-09
2.34694889e-06	6.311700e-09
2.34696767e-06	6.767159e-09
2.34698645e-06	7.219206e-09
2.34700522e-06	7.177994e-09
2.34702400e-06	7.171341e-09
2.34704277e-06	7.403109e-09
2.34706155e-06	7.471778e-09
2.34708033e-06	7.606108e-09
2.34709910e-06	7.855987e-09
2.34711788e-06	7.662525e-09
2.34713666e-06	7.291270e-09
2.34715543e-06	6.362980e-09
2.34717421e-06	5.839815e-09
2.34719299e-06	5.015408e-09
2.34721177e-06	6.277741e-09
2.34723054e-06	6.603699e-09
2.34724932e-06	6.646199e-09
2.34726810e-06	6.744454e-09
2.34728688e-06	6.219768e-09
2.34730566e-06	6.111903e-09
2.34732444e-06	5.267927e-09
2.34734321e-06	6.726470e-09
2.34736199e-06	7.313145e-09
2.34738077e-06	7.236881e-09
2.34739955e-06	6.475520e-09
2.34741833e-06	5.820459e-09
2.34743711e-06	6.039677e-09
2.34745589e-06	6.880168e-09
2.34747467e-06	7.018533e-09
2.34749345e-06	6.133305e-09
2.34751223e-06	5.228070e-09
2.34753101e-06	5.730099e-09
2.34754979e-06	5.710062e-09
2.34756857e-06	5.816698e-09
2.34758735e-06	6.200546e-09
2.34760613e-06	6.894758e-09
2.34762491e-06	7.165394e-09
2.34764369e-06	6.190219e-09
2.34766247e-06	5.055747e-09
2.34768125e-06	5.973792e-09
2.34770004e-06	6.227895e-09
2.34771882e-06	6.118638e-09
2.34773760e-06	6.084893e-09
2.34775638e-06	6.373117e-09
2.34777516e-06	5.822167e-09
2.34779395e-06	6.404007e-09
2.34781273e-06	6.746887e-09
2.34783151e-06	6.986494e-09
2.34785029e-06	7.760329e-09
2.34786908e-06	7.377562e-09
2.34788786e-06	7.285951e-09
2.34790664e-06	7.871723e-09
2.34792542e-06	7.872189e-09
2.34794421e-06	7.574762e-09
2.34796299e-06	7.177892e-09
2.34798178e-06	7.440598e-09
2.34800056e-06	7.571167e-09
2.34801934e-06	6.911423e-09
2.34803813e-06	7.408472e-09
2.34805691e-06	7.499367e-09
2.34807570e-06	7.230713e-09
2.34809448e-06	6.850637e-09
2.34811327e-06	6.342011e-09
2.34813205e-06	6.111190e-09
2.34815084e-06	6.261795e-09
2.34816962e-06	6.717105e-09
2.34818841e-06	6.447947e-09
2.34820719e-06	5.802146e-09
2.34822598e-06	5.533410e-09
2.34824476e-06	6.279536e-09
2.34826355e-06	5.370573e-09
2.34828234e-06	6.184311e-09
2.34830112e-06	6.675812e-09
2.34831991e-06	7.065728e-09
2.34833869e-06	6.928733e-09
2.34835748e-06	7.099011e-09
2.34837627e-06	6.972671e-09
2.34839506e-06	7.318355e-09
2.34841384e-06	7.011688e-09
2.34843263e-06	6.690308e-09
2.34845142e-06	6.631650e-09
2.34847021e-06	7.410650e-09
2.34848899e-06	7.256665e-09
2.34850778e-06	7.241568e-09
2.34852657e-06	6.512954e-09
2.34854536e-06	6.502779e-09
2.34856415e-06	6.940916e-09
2.34858293e-06	7.000892e-09
2.34860172e-06	6.880313e-09
2.34862051e-06	7.664129e-09
2.34863930e-06	7.568264e-09
2.34865809e-06	6.865820e-09
2.34867688e-06	5.464113e-09
2.34869567e-06	5.523750e-09
2.34871446e-06	6.561976e-09
2.34873325e-06	6.535266e-09
2.34875204e-06	7.492565e-09
2.34877083e-06	7.762471e-09
2.34878962e-06	7.134646e-09
2.34880841e-06	6.693187e-09
2.34882720e-06	6.433180e-09
2.34884599e-06	6.559473e-09
2.34886478e-06	7.284996e-09
2.34888357e-06	7.172421e-09
2.34890236e-06	7.431761e-09
2.34892115e-06	7.807177e-09
2.34893994e-06	7.557140e-09
2.34895873e-06	6.071283e-09
2.34897753e-06	6.773780e-09
2.34899632e-06	6.412324e-09
2.34901511e-06	6.082008e-09
2.34903390e-06	7.277733e-09
2.34905269e-06	7.484031e-09
2.34907149e-06	7.477609e-09
2.34909028e-06	7.158595e-09
2.34910907e-06	6.693934e-09
2.34912787e-06	7.081104e-09
2.34914666e-06	6.952189e-09
2.34916545e-06	6.443779e-09
2.34918425e-06	6.808766e-09
2.34920304e-06	6.339028e-09
2.34922183e-06	6.600650e-09
2.34924063e-06	6.492695e-09
2.34925942e-06	7.142734e-09
2.34927821e-06	7.281667e-09
2.34929701e-06	5.789064e-09
2.34931580e-06	6.118404e-09
2.34933460e-06	6.445011e-09
2.34935339e-06	5.781803e-09
2.34937219e-06	5.471559e-09
2.34939098e-06	6.106054e-09
2.34940978e-06	6.223430e-09
2.34942857e-06	5.164145e-09
2.34944737e-06	6.148294e-09
2.34946616e-06	6.491013e-09
2.34948496e-06	5.481683e-09
2.34950375e-06	5.355297e-09
2.34952255e-06	5.372657e-09
2.34954135e-06	6.567210e-09
2.34956014e-06	6.893700e-09
2.34957894e-06	6.550300e-09
2.34959774e-06	6.956796e-09
2.34961653e-06	6.176285e-09
2.34963533e-06	5.867487e-09
2.34965413e-06	6.191337e-09
2.34967292e-06	5.714197e-09
2.34969172e-06	5.364645e-09
2.34971052e-06	6.303474e-09
2.34972932e-06	5.468181e-09
2.34974812e-06	5.462636e-09
2.34976691e-06	4.800194e-09
2.34978571e-06	5.806526e-09
2.34980451e-06	6.124455e-09
2.34982331e-06	5.751019e-09
2.34984211e-06	5.333044e-09
2.34986090e-06	5.537887e-09
2.34987970e-06	6.063814e-09
2.34989850e-06	6.371172e-09
2.34991730e-06	7.129222e-09
2.34993610e-06	7.146455e-09
2.34995490e-06	7.358225e-09
2.34997370e-06	6.813523e-09
