2.30001633e-06	1.299422e-08
2.30003473e-06	1.230051e-08
2.30005313e-06	1.272443e-08
2.30007153e-06	1.200373e-08
2.30008993e-06	1.213817e-08
2.30010833e-06	1.316239e-08
2.30012673e-06	1.325996e-08
2.30014513e-06	1.312452e-08
2.30016353e-06	1.288474e-08
2.30018194e-06	1.303752e-08
2.30020034e-06	1.307949e-08
2.30021874e-06	1.336344e-08
2.30023714e-06	1.314208e-08
2.30025554e-06	1.276389e-08
2.30027395e-06	1.249409e-08
2.30029235e-06	1.209441e-08
2.30031075e-06	1.260153e-08
2.30032915e-06	1.296958e-08
2.30034756e-06	1.323466e-08
2.30036596e-06	1.261417e-08
2.30038436e-06	1.195682e-08
2.30040276e-06	1.231709e-08
2.30042117e-06	1.240068e-08
2.30043957e-06	1.267284e-08
2.30045797e-06	1.282926e-08
2.30047638e-06	1.217695e-08
2.30049478e-06	1.114560e-08
2.30051319e-06	1.125403e-08
2.30053159e-06	1.069995e-08
2.30054999e-06	1.130346e-08
2.30056840e-06	1.180398e-08
2.30058680e-06	1.210894e-08
2.30060521e-06	1.049715e-08
2.30062361e-06	1.142643e-08
2.30064202e-06	1.224824e-08
2.30066042e-06	1.240573e-08
2.30067883e-06	1.267395e-08
2.30069723e-06	1.273800e-08
2.30071564e-06	1.238069e-08
2.30073404e-06	1.040380e-08
2.30075245e-06	1.065422e-08
2.30077086e-06	1.242244e-08
2.30078926e-06	1.275846e-08
2.30080767e-06	1.273098e-08
2.30082608e-06	1.268483e-08
2.30084448e-06	1.270185e-08
2.30086289e-06	1.268875e-08
2.30088129e-06	1.271413e-08
2.30089970e-06	1.265752e-08
2.30091811e-06	1.285323e-08
2.30093652e-06	1.290577e-08
2.30095492e-06	1.288614e-08
2.30097333e-06	1.205096e-08
2.30099174e-06	1.212598e-08
2.30101015e-06	1.240512e-08
2.30102856e-06	1.211906e-08
2.30104696e-06	1.267731e-08
2.30106537e-06	1.258395e-08
2.30108378e-06	1.121521e-08
2.30110219e-06	1.060330e-08
2.30112060e-06	1.230900e-08
2.30113901e-06	1.292014e-08
2.30115742e-06	1.316072e-08
2.30117583e-06	1.302251e-08
2.30119423e-06	1.233573e-08
2.30121265e-06	1.199952e-08
2.30123105e-06	1.271373e-08
2.30124946e-06	1.276027e-08
2.30126787e-06	1.248903e-08
2.30128628e-06	1.112238e-08
2.30130469e-06	1.092391e-08
2.30132310e-06	1.123741e-08
2.30134152e-06	1.057223e-08
2.30135993e-06	1.136049e-08
2.30137834e-06	1.167295e-08
2.30139675e-06	1.042391e-08
2.30141516e-06	1.139448e-08
2.30143357e-06	1.306809e-08
2.30145198e-06	1.316513e-08
2.30147039e-06	1.243606e-08
2.30148881e-06	1.096829e-08
2.30150722e-06	1.066728e-08
2.30152563e-06	1.225089e-08
2.30154404e-06	1.282355e-08
2.30156245e-06	1.282779e-08
2.30158087e-06	1.254961e-08
2.30159928e-06	1.290742e-08
2.30161769e-06	1.300010e-08
2.30163611e-06	1.241942e-08
2.30165452e-06	1.222632e-08
2.30167293e-06	1.240041e-08
2.30169135e-06	1.282607e-08
2.30170976e-06	1.300945e-08
2.30172817e-06	1.317887e-08
2.30174659e-06	1.297004e-08
2.30176500e-06	1.257465e-08
2.30178341e-06	1.315863e-08
2.30180183e-06	1.300098e-08
2.30182024e-06	1.249799e-08
2.30183866e-06	1.286081e-08
2.30185707e-06	1.266551e-08
2.30187549e-06	1.227655e-08
2.30189390e-06	1.261038e-08
2.30191232e-06	1.309142e-08
2.30193073e-06	1.288116e-08
2.30194915e-06	1.283382e-08
2.30196756e-06	1.317427e-08
2.30198598e-06	1.305508e-08
2.30200440e-06	1.273944e-08
2.30202281e-06	1.195427e-08
2.30204123e-06	1.207465e-08
2.30205964e-06	1.254500e-08
2.30207806e-06	1.284095e-08
2.30209648e-06	1.226886e-08
2.30211489e-06	1.092081e-08
2.30213331e-06	1.124243e-08
2.30215173e-06	1.174821e-08
2.30217014e-06	1.281893e-08
2.30218856e-06	1.298189e-08
2.30220698e-06	1.302624e-08
2.30222540e-06	1.282812e-08
2.30224381e-06	1.282748e-08
2.30226223e-06	1.212576e-08
2.30228065e-06	1.188238e-08
2.30229907e-06	1.257328e-08
2.30231749e-06	1.274472e-08
2.30233591e-06	1.293711e-08
2.30235433e-06	1.315252e-08
2.30237274e-06	1.319378e-08
2.30239116e-06	1.323726e-08
2.30240958e-06	1.291244e-08
2.30242800e-06	1.272308e-08
2.30244642e-06	1.293719e-08
2.30246484e-06	1.304239e-08
2.30248326e-06	1.305873e-08
2.30250168e-06	1.293424e-08
2.30252010e-06	1.278628e-08
2.30253852e-06	1.250119e-08
2.30255694e-06	1.283693e-08
2.30257536e-06	1.311001e-08
2.30259378e-06	1.305199e-08
2.30261220e-06	1.291878e-08
2.30263062e-06	1.285245e-08
2.30264904e-06	1.278817e-08
2.30266747e-06	1.283877e-08
2.30268589e-06	1.323381e-08
2.30270431e-06	1.301635e-08
2.30272273e-06	1.272368e-08
2.30274115e-06	1.237484e-08
2.30275957e-06	1.053656e-08
2.30277800e-06	1.089967e-08
2.30279642e-06	1.192777e-08
2.30281484e-06	1.177734e-08
2.30283326e-06	1.262986e-08
2.30285168e-06	1.270211e-08
2.30287011e-06	1.301891e-08
2.30288853e-06	1.295437e-08
2.30290695e-06	1.251206e-08
2.30292538e-06	1.230166e-08
2.30294380e-06	1.252280e-08
2.30296222e-06	1.075567e-08
2.30298065e-06	1.142165e-08
2.30299907e-06	1.042445e-08
2.30301750e-06	1.127262e-08
2.30303592e-06	1.165838e-08
2.30305434e-06	1.271971e-08
2.30307277e-06	1.285267e-08
2.30309119e-06	1.285200e-08
2.30310962e-06	1.262082e-08
2.30312804e-06	1.202731e-08
2.30314647e-06	1.283179e-08
2.30316489e-06	1.305287e-08
2.30318332e-06	1.271681e-08
2.30320174e-06	1.169029e-08
2.30322017e-06	1.218696e-08
2.30323860e-06	1.324077e-08
2.30325702e-06	1.317117e-08
2.30327545e-06	1.285662e-08
2.30329387e-06	1.241386e-08
2.30331230e-06	1.137287e-08
2.30333073e-06	1.102038e-08
2.30334915e-06	1.124053e-08
2.30336758e-06	1.208029e-08
2.30338601e-06	1.310378e-08
2.30340443e-06	1.326120e-08
2.30342286e-06	1.351002e-08
2.30344129e-06	1.330421e-08
2.30345972e-06	1.299787e-08
2.30347814e-06	1.298075e-08
2.30349657e-06	1.310156e-08
2.30351500e-06	1.315903e-08
2.30353343e-06	1.274694e-08
2.30355186e-06	1.251248e-08
2.30357028e-06	1.216537e-08
2.30358871e-06	1.145565e-08
2.30360714e-06	1.152781e-08
2.30362557e-06	1.226847e-08
2.30364400e-06	1.264949e-08
2.30366243e-06	1.310201e-08
2.30368086e-06	1.297030e-08
2.30369929e-06	1.291531e-08
2.30371772e-06	1.265452e-08
2.30373615e-06	1.186551e-08
2.30375458e-06	1.172472e-08
2.30377301e-06	1.152237e-08
2.30379144e-06	1.199299e-08
2.30380987e-06	1.149686e-08
2.30382830e-06	1.153714e-08
2.30384673e-06	1.153325e-08
2.30386516e-06	1.123281e-08
2.30388359e-06	1.081191e-08
2.30390202e-06	1.117777e-08
2.30392045e-06	1.119751e-08
2.30393888e-06	1.222671e-08
2.30395731e-06	1.199531e-08
2.30397575e-06	1.240191e-08
2.30399418e-06	1.293822e-08
2.30401261e-06	1.291418e-08
2.30403104e-06	1.316238e-08
2.30404947e-06	1.300831e-08
2.30406791e-06	1.276692e-08
2.30408634e-06	1.273373e-08
2.30410477e-06	1.284832e-08
2.30412321e-06	1.319049e-08
2.30414164e-06	1.326809e-08
2.30416007e-06	1.303208e-08
2.30417850e-06	1.291783e-08
2.30419694e-06	1.286065e-08
2.30421537e-06	1.258390e-08
2.30423381e-06	1.259111e-08
2.30425224e-06	1.302320e-08
2.30427067e-06	1.277411e-08
2.30428911e-06	1.279318e-08
2.30430754e-06	1.287051e-08
2.30432598e-06	1.249424e-08
2.30434441e-06	1.274060e-08
2.30436285e-06	1.313561e-08
2.30438128e-06	1.350942e-08
2.30439971e-06	1.337347e-08
2.30441815e-06	1.333963e-08
2.30443659e-06	1.327711e-08
2.30445502e-06	1.281121e-08
2.30447346e-06	1.293289e-08
2.30449189e-06	1.294706e-08
2.30451033e-06	1.292718e-08
2.30452877e-06	1.295270e-08
2.30454720e-06	1.321635e-08
2.30456564e-06	1.301486e-08
2.30458407e-06	1.305208e-08
2.30460251e-06	1.306373e-08
2.30462095e-06	1.274463e-08
2.30463938e-06	1.245103e-08
2.30465782e-06	1.276874e-08
2.30467626e-06	1.313491e-08
2.30469470e-06	1.281343e-08
2.30471313e-06	1.238685e-08
2.30473157e-06	1.138363e-08
2.30475001e-06	1.176155e-08
2.30476845e-06	1.252165e-08
2.30478688e-06	1.065504e-08
2.30480532e-06	1.141877e-08
2.30482376e-06	1.094173e-08
2.30484220e-06	1.256789e-08
2.30486064e-06	1.179879e-08
2.30487908e-06	1.180548e-08
2.30489752e-06	1.257255e-08
2.30491596e-06	1.243665e-08
2.30493440e-06	1.093532e-08
2.30495284e-06	1.169060e-08
2.30497128e-06	1.177973e-08
2.30498972e-06	1.117883e-08
2.30500815e-06	1.179804e-08
2.30502660e-06	1.282808e-08
2.30504504e-06	1.237224e-08
2.30506347e-06	1.237605e-08
2.30508192e-06	1.234419e-08
2.30510036e-06	1.245359e-08
2.30511880e-06	1.267108e-08
2.30513724e-06	1.285601e-08
2.30515568e-06	1.257467e-08
2.30517412e-06	1.267678e-08
2.30519256e-06	1.286045e-08
2.30521100e-06	1.243195e-08
2.30522944e-06	1.263245e-08
2.30524789e-06	1.278606e-08
2.30526633e-06	1.271727e-08
2.30528477e-06	1.281574e-08
2.30530321e-06	1.295846e-08
2.30532166e-06	1.247264e-08
2.30534010e-06	1.257057e-08
2.30535854e-06	1.270302e-08
2.30537698e-06	1.272945e-08
2.30539543e-06	1.222692e-08
2.30541387e-06	1.042540e-08
2.30543231e-06	1.159082e-08
2.30545076e-06	1.250397e-08
2.30546920e-06	1.188713e-08
2.30548764e-06	1.061520e-08
2.30550609e-06	1.193369e-08
2.30552453e-06	1.292616e-08
2.30554298e-06	1.315457e-08
2.30556142e-06	1.303206e-08
2.30557987e-06	1.282099e-08
2.30559831e-06	1.289040e-08
2.30561675e-06	1.274071e-08
2.30563520e-06	1.081389e-08
2.30565365e-06	1.026912e-08
2.30567209e-06	1.189366e-08
2.30569054e-06	1.244192e-08
2.30570898e-06	1.276090e-08
2.30572743e-06	1.223997e-08
2.30574587e-06	1.212870e-08
2.30576432e-06	1.079984e-08
2.30578276e-06	1.126400e-08
2.30580121e-06	1.157374e-08
2.30581966e-06	1.281523e-08
2.30583810e-06	1.298251e-08
2.30585655e-06	1.222993e-08
2.30587500e-06	1.113823e-08
2.30589344e-06	1.122106e-08
2.30591189e-06	1.222055e-08
2.30593034e-06	1.261867e-08
2.30594879e-06	1.223007e-08
2.30596723e-06	1.230840e-08
2.30598568e-06	1.221571e-08
2.30600413e-06	1.271378e-08
2.30602258e-06	1.300342e-08
2.30604102e-06	1.315472e-08
2.30605947e-06	1.323475e-08
2.30607792e-06	1.309447e-08
2.30609637e-06	1.297591e-08
2.30611482e-06	1.284520e-08
2.30613327e-06	1.219551e-08
2.30615172e-06	1.215859e-08
2.30617017e-06	1.264470e-08
2.30618862e-06	1.215971e-08
2.30620707e-06	1.194555e-08
2.30622551e-06	1.233974e-08
2.30624396e-06	1.287270e-08
2.30626241e-06	1.285771e-08
2.30628087e-06	1.282093e-08
2.30629932e-06	1.301096e-08
2.30631777e-06	1.329360e-08
2.30633622e-06	1.305372e-08
2.30635467e-06	1.274802e-08
2.30637312e-06	1.289904e-08
2.30639157e-06	1.280012e-08
2.30641002e-06	1.255945e-08
2.30642847e-06	1.301463e-08
2.30644692e-06	1.248920e-08
2.30646537e-06	1.219110e-08
2.30648383e-06	1.218679e-08
2.30650228e-06	1.195601e-08
2.30652073e-06	1.198599e-08
2.30653918e-06	1.158750e-08
2.30655763e-06	1.199220e-08
2.30657609e-06	1.243455e-08
2.30659454e-06	1.276714e-08
2.30661299e-06	1.288742e-08
2.30663144e-06	1.212711e-08
2.30664990e-06	1.135177e-08
2.30666835e-06	1.035082e-08
2.30668681e-06	1.180893e-08
2.30670526e-06	1.229503e-08
2.30672371e-06	1.217482e-08
2.30674217e-06	1.266710e-08
2.30676062e-06	1.143587e-08
2.30677907e-06	1.104512e-08
2.30679753e-06	1.109754e-08
2.30681598e-06	1.212142e-08
2.30683444e-06	1.222307e-08
2.30685289e-06	1.154487e-08
2.30687135e-06	1.251611e-08
2.30688980e-06	1.275580e-08
2.30690826e-06	1.207211e-08
2.30692671e-06	1.142308e-08
2.30694517e-06	1.242207e-08
2.30696362e-06	1.267263e-08
2.30698208e-06	1.294079e-08
2.30700053e-06	1.314443e-08
2.30701899e-06	1.318922e-08
2.30703745e-06	1.293196e-08
2.30705590e-06	1.263424e-08
2.30707436e-06	1.306060e-08
2.30709282e-06	1.306570e-08
2.30711127e-06	1.315378e-08
2.30712973e-06	1.321858e-08
2.30714819e-06	1.322796e-08
2.30716664e-06	1.319739e-08
2.30718510e-06	1.321589e-08
2.30720356e-06	1.319189e-08
2.30722202e-06	1.287748e-08
2.30724047e-06	1.247737e-08
2.30725893e-06	1.263927e-08
2.30727739e-06	1.293703e-08
2.30729585e-06	1.203382e-08
2.30731431e-06	1.173221e-08
2.30733277e-06	1.276925e-08
2.30735122e-06	1.305502e-08
2.30736968e-06	1.286952e-08
2.30738814e-06	1.210569e-08
2.30740660e-06	1.224690e-08
2.30742506e-06	1.292155e-08
2.30744352e-06	1.322073e-08
2.30746198e-06	1.315938e-08
2.30748044e-06	1.271767e-08
2.30749890e-06	1.250454e-08
2.30751736e-06	1.169528e-08
2.30753582e-06	1.227947e-08
2.30755428e-06	1.274078e-08
2.30757274e-06	1.266524e-08
2.30759120e-06	1.242721e-08
2.30760966e-06	1.169731e-08
2.30762812e-06	1.047702e-08
2.30764658e-06	1.009997e-08
2.30766504e-06	1.134244e-08
2.30768351e-06	1.198404e-08
2.30770197e-06	1.279627e-08
2.30772043e-06	1.324211e-08
2.30773889e-06	1.319731e-08
2.30775735e-06	1.316888e-08
2.30777581e-06	1.302891e-08
2.30779428e-06	1.209695e-08
2.30781274e-06	1.160545e-08
2.30783120e-06	1.098218e-08
2.30784966e-06	1.111977e-08
2.30786813e-06	1.200055e-08
2.30788659e-06	1.274260e-08
2.30790505e-06	1.303471e-08
2.30792352e-06	1.293983e-08
2.30794198e-06	1.272091e-08
2.30796044e-06	1.302129e-08
2.30797891e-06	1.304243e-08
2.30799737e-06	1.283897e-08
2.30801583e-06	1.176741e-08
2.30803430e-06	1.219756e-08
2.30805276e-06	1.158496e-08
2.30807123e-06	1.231574e-08
2.30808969e-06	1.288761e-08
2.30810816e-06	1.282043e-08
2.30812662e-06	1.274746e-08
2.30814509e-06	1.301827e-08
2.30816355e-06	1.321791e-08
2.30818202e-06	1.306284e-08
2.30820048e-06	1.255415e-08
2.30821895e-06	1.271674e-08
2.30823741e-06	1.294912e-08
2.30825588e-06	1.305622e-08
2.30827434e-06	1.247287e-08
2.30829281e-06	1.202081e-08
2.30831128e-06	1.269470e-08
2.30832974e-06	1.291560e-08
2.30834821e-06	1.281504e-08
2.30836668e-06	1.265384e-08
2.30838514e-06	1.262477e-08
2.30840361e-06	1.291619e-08
2.30842208e-06	1.307581e-08
2.30844055e-06	1.315053e-08
2.30845901e-06	1.294620e-08
2.30847748e-06	1.258468e-08
2.30849595e-06	1.220655e-08
2.30851442e-06	1.178632e-08
2.30853288e-06	1.239448e-08
2.30855135e-06	1.282328e-08
2.30856982e-06	1.282097e-08
2.30858829e-06	1.281883e-08
2.30860676e-06	1.301776e-08
2.30862523e-06	1.321633e-08
2.30864370e-06	1.295638e-08
2.30866217e-06	1.299735e-08
2.30868063e-06	1.322734e-08
2.30869911e-06	1.292384e-08
2.30871757e-06	1.268024e-08
2.30873604e-06	1.248720e-08
2.30875451e-06	1.259586e-08
2.30877298e-06	1.304507e-08
2.30879145e-06	1.270360e-08
2.30880992e-06	1.198355e-08
2.30882840e-06	1.216227e-08
2.30884687e-06	1.290867e-08
2.30886534e-06	1.298417e-08
2.30888381e-06	1.243222e-08
2.30890228e-06	1.161519e-08
2.30892075e-06	1.062444e-08
2.30893922e-06	1.132114e-08
2.30895769e-06	1.123470e-08
2.30897616e-06	1.201010e-08
2.30899464e-06	1.115123e-08
2.30901311e-06	1.194762e-08
2.30903158e-06	1.275687e-08
2.30905005e-06	1.267967e-08
2.30906852e-06	1.236395e-08
2.30908700e-06	1.148108e-08
2.30910547e-06	1.144386e-08
2.30912394e-06	1.196667e-08
2.30914242e-06	1.229867e-08
2.30916089e-06	1.169552e-08
2.30917936e-06	1.253814e-08
2.30919784e-06	1.167728e-08
2.30921631e-06	1.179604e-08
2.30923478e-06	1.250690e-08
2.30925326e-06	1.284690e-08
2.30927173e-06	1.305750e-08
2.30929021e-06	1.292139e-08
2.30930868e-06	1.314645e-08
2.30932715e-06	1.292379e-08
2.30934563e-06	1.251245e-08
2.30936410e-06	1.117467e-08
2.30938258e-06	1.205214e-08
2.30940105e-06	1.296170e-08
2.30941953e-06	1.267305e-08
2.30943800e-06	1.245997e-08
2.30945648e-06	1.213452e-08
2.30947495e-06	1.190725e-08
2.30949343e-06	1.250671e-08
2.30951191e-06	1.245481e-08
2.30953038e-06	1.212402e-08
2.30954886e-06	1.240911e-08
2.30956733e-06	1.282035e-08
2.30958581e-06	1.293369e-08
2.30960429e-06	1.279062e-08
2.30962277e-06	1.281736e-08
2.30964124e-06	1.281123e-08
2.30965972e-06	1.104681e-08
2.30967820e-06	1.014420e-08
2.30969667e-06	1.132249e-08
2.30971515e-06	1.285726e-08
2.30973363e-06	1.315018e-08
2.30975211e-06	1.229093e-08
2.30977059e-06	1.049912e-08
2.30978906e-06	1.107033e-08
2.30980754e-06	1.150574e-08
2.30982602e-06	1.149179e-08
2.30984450e-06	1.090069e-08
2.30986298e-06	1.265981e-08
2.30988146e-06	1.286838e-08
2.30989994e-06	1.258299e-08
2.30991842e-06	1.242207e-08
2.30993689e-06	1.165045e-08
2.30995537e-06	1.225022e-08
2.30997385e-06	1.284764e-08
2.30999233e-06	1.236518e-08
2.31001081e-06	1.204918e-08
2.31002929e-06	1.266310e-08
2.31004777e-06	1.081419e-08
2.31006625e-06	1.141483e-08
2.31008473e-06	1.042552e-08
2.31010321e-06	1.242106e-08
2.31012170e-06	1.231818e-08
2.31014018e-06	1.127337e-08
2.31015866e-06	1.210708e-08
2.31017714e-06	1.290657e-08
2.31019562e-06	1.308599e-08
2.31021410e-06	1.251729e-08
2.31023258e-06	1.265334e-08
2.31025107e-06	1.321453e-08
2.31026955e-06	1.334637e-08
2.31028803e-06	1.315168e-08
2.31030651e-06	1.310545e-08
2.31032499e-06	1.268129e-08
2.31034348e-06	1.178687e-08
2.31036196e-06	1.235843e-08
2.31038044e-06	1.164226e-08
2.31039893e-06	1.134864e-08
2.31041741e-06	1.208911e-08
2.31043589e-06	1.260784e-08
2.31045438e-06	1.191970e-08
2.31047286e-06	1.167474e-08
2.31049134e-06	1.205668e-08
2.31050983e-06	1.136169e-08
2.31052831e-06	1.232994e-08
2.31054680e-06	1.280826e-08
2.31056528e-06	1.266627e-08
2.31058377e-06	1.206124e-08
2.31060225e-06	1.261967e-08
2.31062073e-06	1.328051e-08
2.31063922e-06	1.300849e-08
2.31065770e-06	1.259710e-08
2.31067619e-06	1.295602e-08
2.31069467e-06	1.272352e-08
2.31071316e-06	1.251781e-08
2.31073165e-06	1.222196e-08
2.31075013e-06	1.239426e-08
2.31076862e-06	1.238253e-08
2.31078710e-06	1.253425e-08
2.31080559e-06	1.214668e-08
2.31082408e-06	1.254168e-08
2.31084256e-06	1.280307e-08
2.31086105e-06	1.268400e-08
2.31087954e-06	1.272449e-08
2.31089802e-06	1.216052e-08
2.31091651e-06	1.166326e-08
2.31093500e-06	1.213405e-08
2.31095349e-06	1.241019e-08
2.31097197e-06	1.132360e-08
2.31099046e-06	1.138170e-08
2.31100895e-06	1.201846e-08
2.31102744e-06	1.221381e-08
2.31104593e-06	1.294292e-08
2.31106441e-06	1.316625e-08
2.31108290e-06	1.267090e-08
2.31110139e-06	1.272522e-08
2.31111988e-06	1.301501e-08
2.31113837e-06	1.315007e-08
2.31115686e-06	1.292917e-08
2.31117535e-06	1.136660e-08
2.31119384e-06	1.012927e-08
2.31121233e-06	1.057371e-08
2.31123082e-06	1.092942e-08
2.31124931e-06	1.108782e-08
2.31126780e-06	1.188526e-08
2.31128629e-06	1.212682e-08
2.31130478e-06	1.202378e-08
2.31132327e-06	1.161610e-08
2.31134176e-06	1.153687e-08
2.31136025e-06	1.221271e-08
2.31137874e-06	1.269306e-08
2.31139723e-06	1.289702e-08
2.31141572e-06	1.250956e-08
2.31143421e-06	1.225223e-08
2.31145270e-06	1.233883e-08
2.31147120e-06	1.133326e-08
2.31148969e-06	1.215797e-08
2.31150818e-06	1.254121e-08
2.31152667e-06	1.200668e-08
2.31154516e-06	1.174052e-08
2.31156366e-06	1.033560e-08
2.31158215e-06	1.188925e-08
2.31160064e-06	1.308035e-08
2.31161913e-06	1.224288e-08
2.31163763e-06	1.104805e-08
2.31165612e-06	1.062849e-08
2.31167461e-06	1.159380e-08
2.31169311e-06	1.259119e-08
2.31171160e-06	1.287114e-08
2.31173009e-06	1.228775e-08
2.31174859e-06	1.228462e-08
2.31176708e-06	1.267245e-08
2.31178558e-06	1.213724e-08
2.31180407e-06	1.263228e-08
2.31182257e-06	1.265766e-08
2.31184106e-06	1.213459e-08
2.31185955e-06	1.229503e-08
2.31187805e-06	1.293782e-08
2.31189654e-06	1.187357e-08
2.31191504e-06	1.159103e-08
2.31193353e-06	1.248498e-08
2.31195203e-06	1.201399e-08
2.31197052e-06	1.255183e-08
2.31198902e-06	1.296940e-08
2.31200752e-06	1.270076e-08
2.31202601e-06	1.230440e-08
2.31204451e-06	1.119765e-08
2.31206301e-06	1.171635e-08
2.31208150e-06	1.214256e-08
2.31210000e-06	1.278366e-08
2.31211850e-06	1.289746e-08
2.31213699e-06	1.251555e-08
2.31215549e-06	1.280800e-08
2.31217399e-06	1.275472e-08
2.31219248e-06	1.227600e-08
2.31221098e-06	1.204426e-08
2.31222948e-06	1.217133e-08
2.31224798e-06	1.242806e-08
2.31226648e-06	1.248886e-08
2.31228497e-06	1.206128e-08
2.31230347e-06	1.177001e-08
2.31232197e-06	1.289856e-08
2.31234047e-06	1.259606e-08
2.31235897e-06	1.210755e-08
2.31237747e-06	1.180040e-08
2.31239596e-06	1.203644e-08
2.31241446e-06	1.254576e-08
2.31243296e-06	1.110028e-08
2.31245146e-06	1.137623e-08
2.31246996e-06	1.050077e-08
2.31248846e-06	1.216927e-08
2.31250696e-06	1.255519e-08
2.31252546e-06	1.270696e-08
2.31254396e-06	1.197469e-08
2.31256246e-06	1.250681e-08
2.31258096e-06	1.227881e-08
2.31259946e-06	1.193639e-08
2.31261796e-06	1.284787e-08
2.31263647e-06	1.283763e-08
2.31265497e-06	1.280771e-08
2.31267347e-06	1.315291e-08
2.31269197e-06	1.300423e-08
2.31271047e-06	1.233992e-08
2.31272897e-06	1.255427e-08
2.31274748e-06	1.248192e-08
2.31276598e-06	1.250583e-08
2.31278448e-06	1.307626e-08
2.31280298e-06	1.293350e-08
2.31282148e-06	1.283226e-08
2.31283999e-06	1.172169e-08
2.31285849e-06	1.175422e-08
2.31287699e-06	1.251664e-08
2.31289550e-06	1.274473e-08
2.31291400e-06	1.230237e-08
2.31293250e-06	1.217761e-08
2.31295100e-06	1.254391e-08
2.31296951e-06	1.211311e-08
2.31298801e-06	1.294687e-08
2.31300652e-06	1.268773e-08
2.31302502e-06	1.230996e-08
2.31304352e-06	1.240980e-08
2.31306203e-06	1.210131e-08
2.31308053e-06	1.203591e-08
2.31309904e-06	1.168647e-08
2.31311754e-06	1.138670e-08
2.31313605e-06	1.159051e-08
2.31315455e-06	1.224395e-08
2.31317306e-06	1.165855e-08
2.31319156e-06	1.221460e-08
2.31321007e-06	1.241721e-08
2.31322857e-06	1.140589e-08
2.31324708e-06	1.102084e-08
2.31326559e-06	1.274845e-08
2.31328409e-06	1.282294e-08
2.31330260e-06	1.260785e-08
2.31332111e-06	1.296170e-08
2.31333961e-06	1.321744e-08
2.31335812e-06	1.276872e-08
2.31337662e-06	1.254176e-08
2.31339513e-06	1.229252e-08
2.31341364e-06	1.231374e-08
2.31343215e-06	1.303450e-08
2.31345065e-06	1.326540e-08
2.31346916e-06	1.284979e-08
2.31348767e-06	1.280978e-08
2.31350618e-06	1.294379e-08
2.31352469e-06	1.287126e-08
2.31354319e-06	1.298521e-08
2.31356170e-06	1.280815e-08
2.31358021e-06	1.276470e-08
2.31359872e-06	1.174179e-08
2.31361723e-06	1.185259e-08
2.31363574e-06	1.264212e-08
2.31365425e-06	1.253615e-08
2.31367275e-06	1.219132e-08
2.31369127e-06	1.051003e-08
2.31370977e-06	1.135788e-08
2.31372828e-06	1.092076e-08
2.31374679e-06	1.276472e-08
2.31376530e-06	1.237361e-08
2.31378381e-06	1.213501e-08
2.31380232e-06	1.253562e-08
2.31382083e-06	1.146186e-08
2.31383935e-06	1.144998e-08
2.31385786e-06	1.223425e-08
2.31387637e-06	1.257483e-08
2.31389488e-06	1.232161e-08
2.31391339e-06	1.263358e-08
2.31393190e-06	1.272195e-08
2.31395041e-06	1.204964e-08
2.31396892e-06	1.231057e-08
2.31398744e-06	1.245070e-08
2.31400595e-06	1.176763e-08
2.31402446e-06	1.225509e-08
2.31404297e-06	1.038802e-08
2.31406148e-06	1.035950e-08
2.31408000e-06	1.216468e-08
2.31409851e-06	1.292059e-08
2.31411702e-06	1.279227e-08
2.31413553e-06	1.295260e-08
2.31415405e-06	1.234632e-08
2.31417256e-06	1.285976e-08
2.31419107e-06	1.276912e-08
2.31420959e-06	1.304044e-08
2.31422810e-06	1.292951e-08
2.31424662e-06	1.239184e-08
2.31426513e-06	1.257690e-08
2.31428364e-06	1.285096e-08
2.31430216e-06	1.316910e-08
2.31432067e-06	1.251809e-08
2.31433919e-06	1.252805e-08
2.31435770e-06	1.264419e-08
2.31437622e-06	1.210586e-08
2.31439473e-06	1.175959e-08
2.31441325e-06	1.241423e-08
2.31443176e-06	1.216855e-08
2.31445028e-06	1.253557e-08
2.31446879e-06	1.214968e-08
2.31448731e-06	1.226268e-08
2.31450582e-06	1.260782e-08
2.31452434e-06	1.216966e-08
2.31454286e-06	1.130188e-08
2.31456137e-06	1.230193e-08
2.31457989e-06	1.296856e-08
2.31459841e-06	1.294286e-08
2.31461692e-06	1.294225e-08
2.31463544e-06	1.321902e-08
2.31465396e-06	1.259207e-08
2.31467247e-06	1.032658e-08
2.31469099e-06	1.013150e-08
2.31470951e-06	1.144982e-08
2.31472803e-06	1.145698e-08
2.31474654e-06	1.096891e-08
2.31476506e-06	1.201084e-08
2.31478358e-06	1.265238e-08
2.31480210e-06	1.150995e-08
2.31482062e-06	1.145863e-08
2.31483913e-06	1.272793e-08
2.31485765e-06	1.186463e-08
2.31487617e-06	1.100023e-08
2.31489469e-06	1.238024e-08
2.31491321e-06	1.207727e-08
2.31493173e-06	1.216298e-08
2.31495025e-06	1.215056e-08
2.31496877e-06	1.054149e-08
2.31498729e-06	1.035178e-08
2.31500581e-06	1.133061e-08
2.31502433e-06	1.110895e-08
2.31504285e-06	1.258148e-08
2.31506137e-06	1.182756e-08
2.31507989e-06	1.209529e-08
2.31509841e-06	1.264732e-08
2.31511693e-06	1.195541e-08
2.31513545e-06	1.210680e-08
2.31515397e-06	1.272537e-08
2.31517250e-06	1.278143e-08
2.31519102e-06	1.310455e-08
2.31520954e-06	1.290703e-08
2.31522806e-06	1.249136e-08
2.31524658e-06	1.252758e-08
2.31526510e-06	1.287085e-08
2.31528362e-06	1.199646e-08
2.31530215e-06	1.036318e-08
2.31532067e-06	1.120556e-08
2.31533919e-06	1.242137e-08
2.31535771e-06	1.296403e-08
2.31537624e-06	1.308879e-08
2.31539476e-06	1.315429e-08
2.31541328e-06	1.263213e-08
2.31543181e-06	1.205721e-08
2.31545033e-06	1.233143e-08
2.31546885e-06	1.270995e-08
2.31548738e-06	1.256339e-08
2.31550590e-06	1.263086e-08
2.31552443e-06	1.219588e-08
2.31554295e-06	1.262266e-08
2.31556148e-06	1.273759e-08
2.31558000e-06	1.327387e-08
2.31559852e-06	1.257293e-08
2.31561705e-06	1.257649e-08
2.31563557e-06	1.311479e-08
2.31565410e-06	1.318971e-08
2.31567262e-06	1.307515e-08
2.31569115e-06	1.217399e-08
2.31570967e-06	1.192380e-08
2.31572820e-06	1.230912e-08
2.31574673e-06	1.226575e-08
2.31576525e-06	1.188419e-08
2.31578378e-06	1.199734e-08
2.31580231e-06	1.245592e-08
2.31582083e-06	1.221477e-08
2.31583936e-06	1.275143e-08
2.31585788e-06	1.196157e-08
2.31587641e-06	1.119162e-08
2.31589494e-06	1.262877e-08
2.31591347e-06	1.313852e-08
2.31593199e-06	1.314106e-08
2.31595052e-06	1.272211e-08
2.31596905e-06	1.232330e-08
2.31598758e-06	1.248883e-08
2.31600610e-06	1.209417e-08
2.31602463e-06	1.269790e-08
2.31604316e-06	1.320907e-08
2.31606169e-06	1.330579e-08
2.31608022e-06	1.279749e-08
2.31609875e-06	1.247850e-08
2.31611727e-06	1.207788e-08
2.31613580e-06	1.182231e-08
2.31615433e-06	1.179448e-08
2.31617286e-06	1.154122e-08
2.31619139e-06	1.260952e-08
2.31620992e-06	1.270982e-08
2.31622845e-06	1.218876e-08
2.31624698e-06	1.078935e-08
2.31626551e-06	1.102692e-08
2.31628404e-06	1.109275e-08
2.31630257e-06	1.141980e-08
2.31632110e-06	1.053256e-08
2.31633963e-06	1.136603e-08
2.31635816e-06	1.089624e-08
2.31637669e-06	1.231927e-08
2.31639522e-06	1.215284e-08
2.31641375e-06	1.111668e-08
2.31643229e-06	1.086346e-08
2.31645082e-06	1.199064e-08
2.31646935e-06	1.194504e-08
2.31648788e-06	1.250991e-08
2.31650641e-06	1.272844e-08
2.31652494e-06	1.277382e-08
2.31654348e-06	1.282977e-08
2.31656201e-06	1.129235e-08
2.31658054e-06	1.135959e-08
2.31659908e-06	1.228282e-08
2.31661761e-06	1.169276e-08
2.31663614e-06	1.200752e-08
2.31665467e-06	1.248365e-08
2.31667321e-06	1.248689e-08
2.31669174e-06	1.198838e-08
2.31671027e-06	1.267120e-08
2.31672881e-06	1.286807e-08
2.31674734e-06	1.287797e-08
2.31676587e-06	1.212638e-08
2.31678441e-06	1.277577e-08
2.31680294e-06	1.319503e-08
2.31682148e-06	1.230610e-08
2.31684001e-06	1.102976e-08
2.31685855e-06	1.225152e-08
2.31687708e-06	1.272783e-08
2.31689562e-06	1.270735e-08
2.31691415e-06	1.288538e-08
2.31693269e-06	1.223934e-08
2.31695122e-06	1.295248e-08
2.31696976e-06	1.313591e-08
2.31698830e-06	1.222726e-08
2.31700683e-06	1.179406e-08
2.31702537e-06	1.190775e-08
2.31704390e-06	1.117877e-08
2.31706244e-06	1.209096e-08
2.31708098e-06	1.270873e-08
2.31709951e-06	1.311240e-08
2.31711805e-06	1.299592e-08
2.31713659e-06	1.272195e-08
2.31715512e-06	1.104072e-08
2.31717366e-06	1.129386e-08
2.31719220e-06	1.271294e-08
2.31721073e-06	1.288950e-08
2.31722927e-06	1.273346e-08
2.31724781e-06	1.289214e-08
2.31726635e-06	1.305944e-08
2.31728489e-06	1.284421e-08
2.31730342e-06	1.286398e-08
2.31732196e-06	1.261040e-08
2.31734050e-06	1.257133e-08
2.31735904e-06	1.295804e-08
2.31737758e-06	1.297507e-08
2.31739612e-06	1.254986e-08
2.31741466e-06	1.242457e-08
2.31743320e-06	1.249064e-08
2.31745174e-06	1.137898e-08
2.31747028e-06	1.225044e-08
2.31748882e-06	1.169913e-08
2.31750736e-06	1.086467e-08
2.31752590e-06	1.204969e-08
2.31754444e-06	1.257376e-08
2.31756298e-06	1.279132e-08
2.31758152e-06	1.225181e-08
2.31760006e-06	1.010621e-08
2.31761860e-06	1.008458e-08
2.31763714e-06	1.216936e-08
2.31765568e-06	1.279869e-08
2.31767422e-06	1.246300e-08
2.31769276e-06	1.103297e-08
2.31771131e-06	1.125763e-08
2.31772985e-06	1.042730e-08
2.31774839e-06	1.175946e-08
2.31776693e-06	1.229965e-08
2.31778547e-06	1.096198e-08
2.31780401e-06	1.191406e-08
2.31782256e-06	1.268337e-08
2.31784110e-06	1.301691e-08
2.31785964e-06	1.302044e-08
2.31787819e-06	1.201880e-08
2.31789673e-06	1.175073e-08
2.31791527e-06	1.289984e-08
2.31793381e-06	1.289004e-08
2.31795236e-06	1.244237e-08
2.31797090e-06	1.270987e-08
2.31798945e-06	1.291047e-08
2.31800799e-06	1.184134e-08
2.31802653e-06	1.157506e-08
2.31804508e-06	1.240415e-08
2.31806362e-06	1.247421e-08
2.31808217e-06	1.239390e-08
2.31810071e-06	1.201034e-08
2.31811926e-06	1.282801e-08
2.31813780e-06	1.255298e-08
2.31815635e-06	1.139351e-08
2.31817489e-06	1.176994e-08
2.31819344e-06	1.307232e-08
2.31821198e-06	1.297960e-08
2.31823053e-06	1.221647e-08
2.31824907e-06	1.208268e-08
2.31826762e-06	1.099529e-08
2.31828617e-06	1.193379e-08
2.31830471e-06	1.289202e-08
2.31832326e-06	1.323484e-08
2.31834181e-06	1.294860e-08
2.31836035e-06	1.268731e-08
2.31837890e-06	1.253809e-08
2.31839745e-06	1.267821e-08
2.31841599e-06	1.309854e-08
2.31843454e-06	1.318821e-08
2.31845309e-06	1.242670e-08
2.31847164e-06	1.137145e-08
2.31849018e-06	1.055695e-08
2.31850873e-06	1.169893e-08
2.31852728e-06	1.239621e-08
2.31854583e-06	1.280728e-08
2.31856438e-06	1.296411e-08
2.31858292e-06	1.279471e-08
2.31860147e-06	1.247218e-08
2.31862002e-06	1.251365e-08
2.31863857e-06	1.218020e-08
2.31865712e-06	1.276450e-08
2.31867567e-06	1.266609e-08
2.31869422e-06	1.242397e-08
2.31871277e-06	1.252347e-08
2.31873132e-06	1.271403e-08
2.31874987e-06	1.272594e-08
2.31876842e-06	1.299137e-08
2.31878697e-06	1.318797e-08
2.31880552e-06	1.312321e-08
2.31882407e-06	1.271920e-08
2.31884262e-06	1.276190e-08
2.31886117e-06	1.227016e-08
2.31887972e-06	1.193727e-08
2.31889827e-06	1.225618e-08
2.31891682e-06	1.259484e-08
2.31893538e-06	1.247877e-08
2.31895393e-06	1.260273e-08
2.31897248e-06	1.277545e-08
2.31899103e-06	1.243479e-08
2.31900958e-06	1.240259e-08
2.31902813e-06	1.227283e-08
2.31904669e-06	1.245172e-08
2.31906524e-06	1.189298e-08
2.31908379e-06	1.244305e-08
2.31910234e-06	1.193597e-08
2.31912090e-06	1.085673e-08
2.31913945e-06	1.095039e-08
2.31915800e-06	1.214025e-08
2.31917656e-06	1.269697e-08
2.31919511e-06	1.296514e-08
2.31921366e-06	1.297815e-08
2.31923222e-06	1.281934e-08
2.31925077e-06	1.244947e-08
2.31926932e-06	1.258651e-08
2.31928788e-06	1.260684e-08
2.31930643e-06	1.239803e-08
2.31932499e-06	1.245036e-08
2.31934354e-06	1.204503e-08
2.31936210e-06	1.239982e-08
2.31938065e-06	1.258062e-08
2.31939921e-06	1.291983e-08
2.31941776e-06	1.299336e-08
2.31943632e-06	1.319168e-08
2.31945487e-06	1.261017e-08
2.31947343e-06	1.166163e-08
2.31949198e-06	1.201996e-08
2.31951054e-06	1.125621e-08
2.31952910e-06	1.084763e-08
2.31954765e-06	1.091892e-08
2.31956621e-06	1.065394e-08
2.31958477e-06	1.169903e-08
2.31960332e-06	1.296894e-08
2.31962188e-06	1.330944e-08
2.31964044e-06	1.327902e-08
2.31965899e-06	1.318171e-08
2.31967755e-06	1.264894e-08
2.31969611e-06	1.139090e-08
2.31971466e-06	1.193932e-08
2.31973322e-06	1.236594e-08
2.31975178e-06	1.300977e-08
2.31977034e-06	1.317318e-08
2.31978890e-06	1.308283e-08
2.31980746e-06	1.323230e-08
2.31982601e-06	1.312530e-08
2.31984457e-06	1.308631e-08
2.31986313e-06	1.287711e-08
2.31988169e-06	1.238392e-08
2.31990025e-06	1.266562e-08
2.31991881e-06	1.310204e-08
2.31993737e-06	1.320746e-08
2.31995593e-06	1.263695e-08
2.31997449e-06	1.252233e-08
2.31999305e-06	1.192825e-08
2.32001161e-06	1.068948e-08
2.32003017e-06	1.232790e-08
2.32004873e-06	1.307832e-08
2.32006729e-06	1.246381e-08
2.32008585e-06	1.220174e-08
2.32010441e-06	1.262812e-08
2.32012297e-06	1.299096e-08
2.32014153e-06	1.275519e-08
2.32016009e-06	1.296148e-08
2.32017865e-06	1.268473e-08
2.32019721e-06	1.278242e-08
2.32021577e-06	1.266850e-08
2.32023434e-06	1.276486e-08
2.32025290e-06	1.256943e-08
2.32027146e-06	1.123426e-08
2.32029002e-06	1.255089e-08
2.32030858e-06	1.320482e-08
2.32032715e-06	1.336642e-08
2.32034571e-06	1.291383e-08
2.32036427e-06	1.141676e-08
2.32038284e-06	1.115006e-08
2.32040140e-06	1.234527e-08
2.32041996e-06	1.104671e-08
2.32043853e-06	1.048320e-08
2.32045709e-06	1.251084e-08
2.32047565e-06	1.288907e-08
2.32049422e-06	1.245726e-08
2.32051278e-06	1.226725e-08
2.32053135e-06	1.174126e-08
2.32054991e-06	1.166108e-08
2.32056847e-06	1.054093e-08
2.32058704e-06	1.132834e-08
2.32060560e-06	1.045960e-08
2.32062417e-06	1.090504e-08
2.32064273e-06	1.195683e-08
2.32066130e-06	1.214751e-08
2.32067986e-06	1.218413e-08
2.32069843e-06	1.237278e-08
2.32071699e-06	1.247592e-08
2.32073556e-06	1.102612e-08
2.32075413e-06	1.135801e-08
2.32077269e-06	1.198925e-08
2.32079126e-06	1.278235e-08
2.32080982e-06	1.297727e-08
2.32082839e-06	1.306751e-08
2.32084696e-06	1.286750e-08
2.32086552e-06	1.227725e-08
2.32088409e-06	1.090230e-08
2.32090266e-06	1.143435e-08
2.32092123e-06	1.185223e-08
2.32093979e-06	1.131397e-08
2.32095836e-06	1.137397e-08
2.32097693e-06	1.249877e-08
2.32099550e-06	1.244958e-08
2.32101406e-06	1.185594e-08
2.32103263e-06	1.183068e-08
2.32105120e-06	1.136997e-08
2.32106977e-06	1.256886e-08
2.32108834e-06	1.319224e-08
2.32110691e-06	1.319117e-08
2.32112547e-06	1.250204e-08
2.32114404e-06	1.165919e-08
2.32116261e-06	1.244408e-08
2.32118118e-06	1.158270e-08
2.32119975e-06	1.031663e-08
2.32121832e-06	1.174105e-08
2.32123689e-06	1.275993e-08
2.32125546e-06	1.302463e-08
2.32127403e-06	1.256600e-08
2.32129260e-06	1.263369e-08
2.32131117e-06	1.202456e-08
2.32132974e-06	1.097324e-08
2.32134831e-06	1.136461e-08
2.32136688e-06	1.212732e-08
2.32138545e-06	1.309107e-08
2.32140403e-06	1.314836e-08
2.32142260e-06	1.300945e-08
2.32144117e-06	1.270354e-08
2.32145974e-06	1.307295e-08
2.32147831e-06	1.299265e-08
2.32149688e-06	1.198719e-08
2.32151545e-06	1.176566e-08
2.32153403e-06	1.213599e-08
2.32155260e-06	1.268428e-08
2.32157117e-06	1.308458e-08
2.32158974e-06	1.309018e-08
2.32160832e-06	1.304098e-08
2.32162689e-06	1.255646e-08
2.32164546e-06	1.108923e-08
2.32166404e-06	1.174162e-08
2.32168261e-06	1.278131e-08
2.32170118e-06	1.312358e-08
2.32171976e-06	1.309871e-08
2.32173833e-06	1.296118e-08
2.32175690e-06	1.285446e-08
2.32177548e-06	1.245979e-08
2.32179405e-06	1.188739e-08
2.32181263e-06	1.247695e-08
2.32183120e-06	1.212863e-08
2.32184978e-06	1.226691e-08
2.32186835e-06	1.242567e-08
2.32188692e-06	1.255501e-08
2.32190550e-06	1.233560e-08
2.32192408e-06	1.268215e-08
2.32194265e-06	1.104230e-08
2.32196123e-06	1.066639e-08
2.32197980e-06	1.239971e-08
2.32199838e-06	1.249561e-08
2.32201695e-06	1.241383e-08
2.32203553e-06	1.260812e-08
2.32205411e-06	1.235011e-08
2.32207268e-06	1.058959e-08
2.32209126e-06	1.112440e-08
2.32210984e-06	1.179558e-08
2.32212841e-06	1.280959e-08
2.32214699e-06	1.283745e-08
2.32216557e-06	1.234838e-08
2.32218414e-06	1.082522e-08
2.32220272e-06	1.109055e-08
2.32222130e-06	1.246124e-08
2.32223988e-06	1.222662e-08
2.32225846e-06	1.200070e-08
2.32227703e-06	1.288629e-08
2.32229561e-06	1.273434e-08
2.32231419e-06	1.205450e-08
2.32233277e-06	1.236386e-08
2.32235135e-06	1.222038e-08
2.32236993e-06	1.070019e-08
2.32238850e-06	1.106417e-08
2.32240708e-06	1.242413e-08
2.32242566e-06	1.270068e-08
2.32244424e-06	1.283402e-08
2.32246282e-06	1.169746e-08
2.32248140e-06	1.149941e-08
2.32249998e-06	1.191779e-08
2.32251856e-06	1.287098e-08
2.32253714e-06	1.235115e-08
2.32255572e-06	1.198408e-08
2.32257430e-06	1.228785e-08
2.32259288e-06	1.296115e-08
2.32261146e-06	1.280807e-08
2.32263005e-06	1.201129e-08
2.32264863e-06	1.081262e-08
2.32266721e-06	1.127096e-08
2.32268579e-06	1.120636e-08
2.32270437e-06	1.107472e-08
2.32272295e-06	1.108544e-08
2.32274153e-06	1.109010e-08
2.32276012e-06	1.109395e-08
2.32277870e-06	1.218627e-08
2.32279728e-06	1.244427e-08
2.32281586e-06	1.103383e-08
2.32283444e-06	1.113789e-08
2.32285303e-06	1.108149e-08
2.32287161e-06	1.111205e-08
2.32289019e-06	1.161040e-08
2.32290878e-06	1.125322e-08
2.32292736e-06	1.059946e-08
2.32294594e-06	1.122042e-08
2.32296453e-06	1.108268e-08
2.32298311e-06	1.230496e-08
2.32300169e-06	1.158593e-08
2.32302028e-06	1.116858e-08
2.32303886e-06	1.132777e-08
2.32305745e-06	1.285334e-08
2.32307603e-06	1.212950e-08
2.32309462e-06	1.124005e-08
2.32311320e-06	1.186601e-08
2.32313179e-06	1.106989e-08
2.32315037e-06	1.067089e-08
2.32316896e-06	1.043566e-08
2.32318754e-06	1.083817e-08
2.32320613e-06	1.100183e-08
2.32322471e-06	1.101903e-08
2.32324330e-06	1.251179e-08
2.32326188e-06	1.217153e-08
2.32328047e-06	1.174946e-08
2.32329906e-06	1.297813e-08
2.32331764e-06	1.303978e-08
2.32333623e-06	1.186427e-08
2.32335482e-06	1.088622e-08
2.32337340e-06	1.109432e-08
2.32339199e-06	1.230022e-08
2.32341058e-06	1.269626e-08
2.32342916e-06	1.204981e-08
2.32344775e-06	1.113829e-08
2.32346634e-06	1.101202e-08
2.32348493e-06	1.290401e-08
2.32350352e-06	1.312385e-08
2.32352210e-06	1.309263e-08
2.32354069e-06	1.212039e-08
2.32355928e-06	1.117925e-08
2.32357787e-06	1.228093e-08
2.32359646e-06	1.185098e-08
2.32361504e-06	1.098192e-08
2.32363363e-06	1.107159e-08
2.32365222e-06	1.181759e-08
2.32367081e-06	1.262845e-08
2.32368940e-06	1.294169e-08
2.32370799e-06	1.183493e-08
2.32372658e-06	1.111253e-08
2.32374517e-06	1.065719e-08
2.32376376e-06	1.169932e-08
2.32378235e-06	1.256901e-08
2.32380094e-06	1.146920e-08
2.32381953e-06	1.153767e-08
2.32383812e-06	1.273038e-08
2.32385671e-06	1.284266e-08
2.32387530e-06	1.283487e-08
2.32389389e-06	1.231805e-08
2.32391249e-06	1.228365e-08
2.32393108e-06	1.112141e-08
2.32394967e-06	1.114958e-08
2.32396826e-06	1.265810e-08
2.32398685e-06	1.245779e-08
2.32400544e-06	1.091085e-08
2.32402404e-06	1.008618e-08
2.32404263e-06	1.105999e-08
2.32406122e-06	1.096061e-08
2.32407981e-06	1.267137e-08
2.32409840e-06	1.237969e-08
2.32411700e-06	1.274339e-08
2.32413559e-06	1.300655e-08
2.32415418e-06	1.318739e-08
2.32417278e-06	1.306103e-08
2.32419137e-06	1.281385e-08
2.32420996e-06	1.281149e-08
2.32422856e-06	1.289409e-08
2.32424715e-06	1.296080e-08
2.32426575e-06	1.226101e-08
2.32428434e-06	1.103751e-08
2.32430293e-06	1.144921e-08
2.32432153e-06	1.281710e-08
2.32434012e-06	1.183309e-08
2.32435872e-06	1.181563e-08
2.32437731e-06	1.238359e-08
2.32439591e-06	1.096177e-08
2.32441450e-06	1.112149e-08
2.32443310e-06	1.201012e-08
2.32445169e-06	1.287592e-08
2.32447029e-06	1.227271e-08
2.32448888e-06	1.277009e-08
2.32450748e-06	1.308310e-08
2.32452608e-06	1.235830e-08
2.32454467e-06	1.202457e-08
2.32456327e-06	1.245217e-08
2.32458187e-06	1.292553e-08
2.32460046e-06	1.303447e-08
2.32461906e-06	1.280899e-08
2.32463766e-06	1.290690e-08
2.32465625e-06	1.264236e-08
2.32467485e-06	1.113601e-08
2.32469345e-06	1.129382e-08
2.32471205e-06	1.280059e-08
2.32473064e-06	1.116157e-08
2.32474924e-06	1.066148e-08
2.32476784e-06	1.226266e-08
2.32478644e-06	1.213187e-08
2.32480504e-06	1.104088e-08
2.32482363e-06	1.091798e-08
2.32484223e-06	1.158623e-08
2.32486083e-06	1.063463e-08
2.32487943e-06	1.108457e-08
2.32489803e-06	1.131701e-08
2.32491663e-06	1.203942e-08
2.32493523e-06	1.277462e-08
2.32495383e-06	1.271091e-08
2.32497243e-06	1.269645e-08
2.32499103e-06	1.183553e-08
2.32500963e-06	1.234882e-08
2.32502823e-06	1.284384e-08
2.32504683e-06	1.313837e-08
2.32506543e-06	1.312900e-08
2.32508403e-06	1.292005e-08
2.32510263e-06	1.173778e-08
2.32512123e-06	1.110761e-08
2.32513983e-06	1.217485e-08
2.32515843e-06	1.214919e-08
2.32517703e-06	1.160329e-08
2.32519563e-06	1.090583e-08
2.32521424e-06	1.066329e-08
2.32523284e-06	1.096434e-08
2.32525144e-06	1.116954e-08
2.32527004e-06	1.089054e-08
2.32528864e-06	1.260628e-08
2.32530725e-06	1.230200e-08
2.32532585e-06	1.218285e-08
2.32534445e-06	1.255338e-08
2.32536305e-06	1.305661e-08
2.32538166e-06	1.312236e-08
2.32540026e-06	1.296934e-08
2.32541886e-06	1.280994e-08
2.32543747e-06	1.262655e-08
2.32545607e-06	1.248515e-08
2.32547467e-06	1.299747e-08
2.32549328e-06	1.239304e-08
2.32551188e-06	1.210738e-08
2.32553048e-06	1.216478e-08
2.32554909e-06	1.242609e-08
2.32556769e-06	1.258422e-08
2.32558630e-06	1.142134e-08
2.32560490e-06	1.113820e-08
2.32562351e-06	1.208148e-08
2.32564211e-06	1.247652e-08
2.32566072e-06	1.153685e-08
2.32567932e-06	1.221672e-08
2.32569793e-06	1.288836e-08
2.32571654e-06	1.201251e-08
2.32573514e-06	1.117632e-08
2.32575375e-06	1.086762e-08
2.32577235e-06	1.268673e-08
2.32579096e-06	1.281443e-08
2.32580956e-06	1.306444e-08
2.32582817e-06	1.287663e-08
2.32584678e-06	1.145691e-08
2.32586538e-06	1.101491e-08
2.32588399e-06	1.085072e-08
2.32590260e-06	1.176703e-08
2.32592121e-06	1.204590e-08
2.32593981e-06	1.195207e-08
2.32595842e-06	1.104947e-08
2.32597703e-06	1.063918e-08
2.32599564e-06	1.062032e-08
2.32601424e-06	1.229392e-08
2.32603285e-06	1.249510e-08
2.32605146e-06	1.194490e-08
2.32607007e-06	1.214196e-08
2.32608868e-06	1.105928e-08
2.32610729e-06	1.089272e-08
2.32612590e-06	1.119482e-08
2.32614450e-06	1.285087e-08
2.32616311e-06	1.260892e-08
2.32618172e-06	1.216945e-08
2.32620033e-06	1.262501e-08
2.32621894e-06	1.255329e-08
2.32623755e-06	1.223640e-08
2.32625616e-06	1.102091e-08
2.32627477e-06	1.094446e-08
2.32629338e-06	1.123173e-08
2.32631199e-06	1.054243e-08
2.32633060e-06	1.136034e-08
2.32634921e-06	1.130658e-08
2.32636782e-06	1.174319e-08
2.32638643e-06	1.218768e-08
2.32640505e-06	1.214814e-08
2.32642366e-06	1.210956e-08
2.32644227e-06	1.207391e-08
2.32646088e-06	1.255488e-08
2.32647949e-06	1.254628e-08
2.32649810e-06	1.267741e-08
2.32651671e-06	1.275689e-08
2.32653533e-06	1.319574e-08
2.32655394e-06	1.279913e-08
2.32657255e-06	1.287078e-08
2.32659116e-06	1.287739e-08
2.32660978e-06	1.265507e-08
2.32662839e-06	1.217442e-08
2.32664700e-06	1.218168e-08
2.32666562e-06	1.213624e-08
2.32668423e-06	1.117569e-08
2.32670284e-06	1.219862e-08
2.32672146e-06	1.205356e-08
2.32674007e-06	1.218211e-08
2.32675869e-06	1.289838e-08
2.32677730e-06	1.281200e-08
2.32679591e-06	1.193133e-08
2.32681453e-06	1.084479e-08
2.32683314e-06	1.140074e-08
2.32685176e-06	1.114336e-08
2.32687037e-06	1.250432e-08
2.32688899e-06	1.242826e-08
2.32690760e-06	1.233330e-08
2.32692622e-06	1.257796e-08
2.32694483e-06	1.226484e-08
2.32696345e-06	1.236679e-08
2.32698206e-06	1.261344e-08
2.32700068e-06	1.248107e-08
2.32701930e-06	1.194479e-08
2.32703791e-06	1.252885e-08
2.32705653e-06	1.312269e-08
2.32707514e-06	1.254969e-08
2.32709376e-06	1.190455e-08
2.32711238e-06	1.147854e-08
2.32713099e-06	1.082839e-08
2.32714961e-06	1.152126e-08
2.32716823e-06	1.238897e-08
2.32718685e-06	1.203592e-08
2.32720546e-06	1.249270e-08
2.32722408e-06	1.256107e-08
2.32724270e-06	1.217176e-08
2.32726132e-06	1.304793e-08
2.32727993e-06	1.224098e-08
2.32729855e-06	1.120301e-08
2.32731717e-06	1.194020e-08
2.32733579e-06	1.291565e-08
2.32735441e-06	1.318226e-08
2.32737303e-06	1.264556e-08
2.32739165e-06	1.230926e-08
2.32741027e-06	1.187918e-08
2.32742888e-06	1.092698e-08
2.32744750e-06	1.103620e-08
2.32746612e-06	1.183850e-08
2.32748474e-06	1.264585e-08
2.32750336e-06	1.290890e-08
2.32752198e-06	1.266076e-08
2.32754060e-06	1.276586e-08
2.32755922e-06	1.275685e-08
2.32757784e-06	1.310339e-08
2.32759646e-06	1.230288e-08
2.32761509e-06	1.096261e-08
2.32763371e-06	1.237662e-08
2.32765233e-06	1.306396e-08
2.32767095e-06	1.285226e-08
2.32768957e-06	1.262992e-08
2.32770819e-06	1.275080e-08
2.32772681e-06	1.269062e-08
2.32774544e-06	1.288592e-08
2.32776406e-06	1.296249e-08
2.32778268e-06	1.299831e-08
2.32780130e-06	1.292860e-08
2.32781992e-06	1.266677e-08
2.32783855e-06	1.110800e-08
2.32785717e-06	1.082930e-08
2.32787579e-06	1.184489e-08
2.32789442e-06	1.227201e-08
2.32791304e-06	1.088750e-08
2.32793166e-06	1.101932e-08
2.32795028e-06	1.058479e-08
2.32796891e-06	1.058806e-08
2.32798753e-06	1.250157e-08
2.32800616e-06	1.288824e-08
2.32802478e-06	1.300766e-08
2.32804340e-06	1.283147e-08
2.32806203e-06	1.199392e-08
2.32808065e-06	1.102309e-08
2.32809928e-06	1.097765e-08
2.32811790e-06	1.198954e-08
2.32813653e-06	1.210997e-08
2.32815515e-06	1.218052e-08
2.32817378e-06	1.291940e-08
2.32819240e-06	1.260482e-08
2.32821103e-06	1.230208e-08
2.32822965e-06	1.176803e-08
2.32824828e-06	1.240948e-08
2.32826691e-06	1.283656e-08
2.32828553e-06	1.263320e-08
2.32830416e-06	1.116813e-08
2.32832279e-06	1.119461e-08
2.32834141e-06	1.255371e-08
2.32836004e-06	1.281717e-08
2.32837867e-06	1.262089e-08
2.32839729e-06	1.155153e-08
2.32841592e-06	1.069292e-08
2.32843455e-06	1.227823e-08
2.32845317e-06	1.223853e-08
2.32847180e-06	1.030233e-08
2.32849043e-06	1.104544e-08
2.32850906e-06	1.163574e-08
2.32852769e-06	1.224220e-08
2.32854631e-06	1.229234e-08
2.32856494e-06	1.288824e-08
2.32858357e-06	1.321176e-08
2.32860220e-06	1.296713e-08
2.32862083e-06	1.246021e-08
2.32863946e-06	1.119608e-08
2.32865809e-06	1.112632e-08
2.32867672e-06	1.155269e-08
2.32869535e-06	1.193770e-08
2.32871397e-06	1.084231e-08
2.32873260e-06	1.109266e-08
2.32875123e-06	1.206673e-08
2.32876987e-06	1.106082e-08
2.32878849e-06	1.092876e-08
2.32880712e-06	1.118362e-08
2.32882576e-06	1.176985e-08
2.32884439e-06	1.284878e-08
2.32886302e-06	1.292144e-08
2.32888165e-06	1.236432e-08
2.32890028e-06	1.224688e-08
2.32891891e-06	1.204841e-08
2.32893754e-06	1.160812e-08
2.32895617e-06	1.186955e-08
2.32897481e-06	1.248879e-08
2.32899344e-06	1.180043e-08
2.32901207e-06	1.197206e-08
2.32903070e-06	1.272657e-08
2.32904933e-06	1.264272e-08
2.32906797e-06	1.215364e-08
2.32908660e-06	1.063274e-08
2.32910523e-06	1.157482e-08
2.32912386e-06	1.308925e-08
2.32914250e-06	1.296388e-08
2.32916113e-06	1.277854e-08
2.32917976e-06	1.233466e-08
2.32919840e-06	1.078746e-08
2.32921703e-06	1.094714e-08
2.32923566e-06	1.278811e-08
2.32925430e-06	1.301562e-08
2.32927293e-06	1.246612e-08
2.32929157e-06	1.275619e-08
2.32931020e-06	1.317386e-08
2.32932883e-06	1.308373e-08
2.32934747e-06	1.249125e-08
2.32936610e-06	1.173982e-08
2.32938474e-06	1.125350e-08
2.32940337e-06	1.227827e-08
2.32942201e-06	1.172474e-08
2.32944065e-06	1.243641e-08
2.32945928e-06	1.185735e-08
2.32947792e-06	1.082265e-08
2.32949655e-06	1.077656e-08
2.32951519e-06	1.122126e-08
2.32953382e-06	1.180316e-08
2.32955246e-06	1.237981e-08
2.32957110e-06	1.281265e-08
2.32958973e-06	1.297392e-08
2.32960837e-06	1.319447e-08
2.32962701e-06	1.312518e-08
2.32964564e-06	1.268645e-08
2.32966428e-06	1.310336e-08
2.32968292e-06	1.325766e-08
2.32970156e-06	1.340715e-08
2.32972019e-06	1.337342e-08
2.32973883e-06	1.320949e-08
2.32975747e-06	1.279335e-08
2.32977611e-06	1.279708e-08
2.32979475e-06	1.154197e-08
2.32981338e-06	1.172777e-08
2.32983202e-06	1.303253e-08
2.32985066e-06	1.286035e-08
2.32986930e-06	1.232503e-08
2.32988794e-06	1.276386e-08
2.32990658e-06	1.280703e-08
2.32992522e-06	1.232846e-08
2.32994386e-06	1.234217e-08
2.32996250e-06	1.228449e-08
2.32998113e-06	1.265708e-08
2.32999977e-06	1.275995e-08
2.33001842e-06	1.116796e-08
2.33003706e-06	1.083810e-08
2.33005570e-06	1.260215e-08
2.33007434e-06	1.269604e-08
2.33009298e-06	1.172339e-08
2.33011162e-06	1.157998e-08
2.33013026e-06	1.207874e-08
2.33014890e-06	1.223133e-08
2.33016754e-06	1.084446e-08
2.33018618e-06	1.113348e-08
2.33020482e-06	1.048306e-08
2.33022347e-06	1.207822e-08
2.33024211e-06	1.213747e-08
2.33026075e-06	1.109344e-08
2.33027939e-06	1.131205e-08
2.33029803e-06	1.067097e-08
2.33031667e-06	1.260682e-08
2.33033532e-06	1.277309e-08
2.33035396e-06	1.280630e-08
2.33037260e-06	1.259647e-08
2.33039125e-06	1.089547e-08
2.33040989e-06	1.152264e-08
2.33042853e-06	1.280368e-08
2.33044718e-06	1.137000e-08
2.33046582e-06	1.045385e-08
2.33048446e-06	1.173184e-08
2.33050311e-06	1.218312e-08
2.33052175e-06	1.024948e-08
2.33054040e-06	1.067194e-08
2.33055904e-06	1.258064e-08
2.33057768e-06	1.184822e-08
2.33059633e-06	1.044608e-08
2.33061497e-06	1.127666e-08
2.33063362e-06	1.117675e-08
2.33065226e-06	1.063172e-08
2.33067091e-06	1.053591e-08
2.33068955e-06	1.109617e-08
2.33070820e-06	1.096330e-08
2.33072685e-06	1.165063e-08
2.33074549e-06	1.080548e-08
2.33076414e-06	1.174916e-08
2.33078278e-06	1.215953e-08
2.33080143e-06	1.167545e-08
2.33082008e-06	1.222777e-08
2.33083872e-06	1.257255e-08
2.33085737e-06	1.273351e-08
2.33087602e-06	1.245755e-08
2.33089466e-06	1.217300e-08
2.33091331e-06	1.266418e-08
2.33093196e-06	1.244484e-08
2.33095061e-06	1.205713e-08
2.33096925e-06	1.241418e-08
2.33098790e-06	1.142174e-08
2.33100655e-06	1.163649e-08
2.33102520e-06	1.116923e-08
2.33104384e-06	1.202446e-08
2.33106249e-06	1.272965e-08
2.33108114e-06	1.079066e-08
2.33109979e-06	1.119389e-08
2.33111844e-06	1.159087e-08
2.33113709e-06	1.230180e-08
2.33115574e-06	1.151484e-08
2.33117439e-06	1.199835e-08
2.33119304e-06	1.185314e-08
2.33121169e-06	1.045386e-08
2.33123033e-06	1.124485e-08
2.33124898e-06	1.189526e-08
2.33126763e-06	1.181170e-08
2.33128629e-06	1.282487e-08
2.33130493e-06	1.242831e-08
2.33132359e-06	1.217412e-08
2.33134224e-06	1.287144e-08
2.33136089e-06	1.255193e-08
2.33137954e-06	1.099850e-08
2.33139819e-06	1.169780e-08
2.33141684e-06	1.238195e-08
2.33143549e-06	1.222445e-08
2.33145414e-06	1.231678e-08
2.33147280e-06	1.280137e-08
2.33149145e-06	1.260367e-08
2.33151010e-06	1.268063e-08
2.33152875e-06	1.225008e-08
2.33154740e-06	1.113160e-08
2.33156606e-06	1.200700e-08
2.33158471e-06	1.176901e-08
2.33160336e-06	1.047757e-08
2.33162201e-06	1.132822e-08
2.33164067e-06	1.151997e-08
2.33165932e-06	1.130657e-08
2.33167797e-06	1.288144e-08
2.33169663e-06	1.274214e-08
2.33171528e-06	1.174363e-08
2.33173393e-06	1.097975e-08
2.33175259e-06	1.256586e-08
2.33177124e-06	1.212928e-08
2.33178990e-06	1.125086e-08
2.33180855e-06	1.239164e-08
2.33182720e-06	1.259650e-08
2.33184586e-06	1.270858e-08
2.33186451e-06	1.133641e-08
2.33188317e-06	1.167807e-08
2.33190182e-06	1.131688e-08
2.33192048e-06	1.044952e-08
2.33193913e-06	1.136257e-08
2.33195779e-06	1.111246e-08
2.33197644e-06	1.108317e-08
2.33199510e-06	1.178068e-08
2.33201376e-06	1.214298e-08
2.33203241e-06	1.291766e-08
2.33205107e-06	1.300748e-08
2.33206973e-06	1.284828e-08
2.33208838e-06	1.281824e-08
2.33210704e-06	1.175127e-08
2.33212570e-06	1.245861e-08
2.33214435e-06	1.304127e-08
2.33216301e-06	1.272437e-08
2.33218167e-06	1.278624e-08
2.33220033e-06	1.295809e-08
2.33221898e-06	1.180556e-08
2.33223764e-06	1.159317e-08
2.33225630e-06	1.129425e-08
2.33227496e-06	1.227437e-08
2.33229361e-06	1.298439e-08
2.33231227e-06	1.317594e-08
2.33233093e-06	1.286107e-08
2.33234959e-06	1.288754e-08
2.33236825e-06	1.293887e-08
2.33238691e-06	1.229010e-08
2.33240557e-06	1.230344e-08
2.33242423e-06	1.290932e-08
2.33244288e-06	1.282566e-08
2.33246154e-06	1.234831e-08
2.33248020e-06	1.206584e-08
2.33249886e-06	1.236225e-08
2.33251752e-06	1.286965e-08
2.33253618e-06	1.293547e-08
2.33255485e-06	1.155755e-08
2.33257350e-06	1.129906e-08
2.33259217e-06	1.228183e-08
2.33261083e-06	1.245974e-08
2.33262949e-06	1.302861e-08
2.33264815e-06	1.300095e-08
2.33266681e-06	1.274702e-08
2.33268547e-06	1.312074e-08
2.33270413e-06	1.310756e-08
2.33272279e-06	1.261605e-08
2.33274146e-06	1.209376e-08
2.33276012e-06	1.232048e-08
2.33277878e-06	1.125966e-08
2.33279744e-06	1.170503e-08
2.33281610e-06	1.186062e-08
2.33283477e-06	1.096563e-08
2.33285343e-06	1.109688e-08
2.33287209e-06	1.182766e-08
2.33289075e-06	1.071533e-08
2.33290942e-06	1.018771e-08
2.33292808e-06	1.230726e-08
2.33294675e-06	1.273657e-08
2.33296541e-06	1.273841e-08
2.33298407e-06	1.236866e-08
2.33300274e-06	1.257333e-08
2.33302140e-06	1.293795e-08
2.33304006e-06	1.271844e-08
2.33305873e-06	1.265746e-08
2.33307739e-06	1.273249e-08
2.33309606e-06	1.259138e-08
2.33311472e-06	1.209004e-08
2.33313339e-06	1.228888e-08
2.33315205e-06	1.147281e-08
2.33317072e-06	1.123472e-08
2.33318938e-06	1.256662e-08
2.33320805e-06	1.273726e-08
2.33322671e-06	1.148520e-08
2.33324538e-06	1.115727e-08
2.33326405e-06	1.211798e-08
2.33328271e-06	1.138583e-08
2.33330138e-06	1.252697e-08
2.33332004e-06	1.281773e-08
2.33333871e-06	1.276364e-08
2.33335738e-06	1.227349e-08
2.33337604e-06	1.185138e-08
2.33339471e-06	1.220868e-08
2.33341338e-06	1.223244e-08
2.33343205e-06	1.302134e-08
2.33345071e-06	1.306427e-08
2.33346938e-06	1.303250e-08
2.33348805e-06	1.276833e-08
2.33350672e-06	1.205897e-08
2.33352538e-06	1.133361e-08
2.33354405e-06	1.176467e-08
2.33356272e-06	1.143604e-08
2.33358139e-06	1.076499e-08
2.33360006e-06	1.248528e-08
2.33361873e-06	1.280581e-08
2.33363740e-06	1.227302e-08
2.33365607e-06	1.235155e-08
2.33367473e-06	1.262378e-08
2.33369340e-06	1.144643e-08
2.33371207e-06	1.085194e-08
2.33373074e-06	1.054150e-08
2.33374941e-06	1.119385e-08
2.33376808e-06	1.085881e-08
2.33378675e-06	1.125304e-08
2.33380542e-06	1.168890e-08
2.33382410e-06	1.286621e-08
2.33384277e-06	1.245782e-08
2.33386144e-06	1.266475e-08
2.33388011e-06	1.310516e-08
2.33389878e-06	1.285692e-08
2.33391745e-06	1.282534e-08
2.33393612e-06	1.248664e-08
2.33395479e-06	1.181304e-08
2.33397346e-06	1.269074e-08
2.33399213e-06	1.324628e-08
2.33401081e-06	1.304347e-08
2.33402948e-06	1.272526e-08
2.33404815e-06	1.246264e-08
2.33406682e-06	1.282317e-08
2.33408550e-06	1.325681e-08
2.33410417e-06	1.333145e-08
2.33412284e-06	1.274669e-08
2.33414152e-06	1.100269e-08
2.33416019e-06	1.032469e-08
2.33417886e-06	1.131714e-08
2.33419754e-06	1.089618e-08
2.33421621e-06	1.069792e-08
2.33423488e-06	1.198270e-08
2.33425356e-06	1.258540e-08
2.33427223e-06	1.233900e-08
2.33429090e-06	1.123313e-08
2.33430958e-06	1.035355e-08
2.33432825e-06	1.104986e-08
2.33434693e-06	1.155522e-08
2.33436560e-06	1.188008e-08
2.33438428e-06	1.252582e-08
2.33440295e-06	1.286965e-08
2.33442163e-06	1.199102e-08
2.33444030e-06	1.083109e-08
2.33445898e-06	1.160647e-08
2.33447765e-06	1.203007e-08
2.33449633e-06	1.218572e-08
2.33451501e-06	1.170769e-08
2.33453368e-06	1.237524e-08
2.33455236e-06	1.253718e-08
2.33457104e-06	1.167455e-08
2.33458971e-06	1.249900e-08
2.33460839e-06	1.298847e-08
2.33462706e-06	1.178004e-08
2.33464574e-06	1.147533e-08
2.33466442e-06	1.243571e-08
2.33468310e-06	1.308045e-08
2.33470177e-06	1.281044e-08
2.33472045e-06	1.252722e-08
2.33473913e-06	1.094942e-08
2.33475781e-06	1.130300e-08
2.33477648e-06	1.024439e-08
2.33479516e-06	1.109334e-08
2.33481384e-06	1.176987e-08
2.33483252e-06	1.144243e-08
2.33485120e-06	1.124739e-08
2.33486988e-06	1.123068e-08
2.33488856e-06	1.197916e-08
2.33490724e-06	1.306131e-08
2.33492591e-06	1.322144e-08
2.33494460e-06	1.302965e-08
2.33496327e-06	1.276172e-08
2.33498195e-06	1.157760e-08
2.33500063e-06	1.175088e-08
2.33501931e-06	1.299266e-08
2.33503799e-06	1.310206e-08
2.33505667e-06	1.320298e-08
2.33507535e-06	1.310950e-08
2.33509404e-06	1.228738e-08
2.33511272e-06	1.065794e-08
2.33513140e-06	1.096848e-08
2.33515008e-06	1.265152e-08
2.33516876e-06	1.228856e-08
2.33518744e-06	1.113809e-08
2.33520612e-06	1.149450e-08
2.33522480e-06	1.226024e-08
2.33524348e-06	1.164162e-08
2.33526217e-06	1.150820e-08
2.33528085e-06	1.222185e-08
2.33529953e-06	1.239287e-08
2.33531821e-06	1.204212e-08
2.33533690e-06	1.185366e-08
2.33535558e-06	1.200411e-08
2.33537426e-06	1.090097e-08
2.33539294e-06	1.072157e-08
2.33541163e-06	1.220217e-08
2.33543031e-06	1.227660e-08
2.33544900e-06	1.205957e-08
2.33546768e-06	1.134591e-08
2.33548636e-06	1.136670e-08
2.33550505e-06	1.167400e-08
2.33552373e-06	1.129747e-08
2.33554242e-06	1.090011e-08
2.33556110e-06	1.064912e-08
2.33557978e-06	1.232185e-08
2.33559847e-06	1.247148e-08
2.33561715e-06	1.233965e-08
2.33563584e-06	1.231299e-08
2.33565452e-06	1.156236e-08
2.33567321e-06	1.060934e-08
2.33569189e-06	1.172137e-08
2.33571058e-06	1.157172e-08
2.33572927e-06	1.167210e-08
2.33574795e-06	1.178939e-08
2.33576664e-06	1.075110e-08
2.33578532e-06	1.122871e-08
2.33580401e-06	1.122351e-08
2.33582269e-06	1.230022e-08
2.33584138e-06	1.276116e-08
2.33586007e-06	1.291235e-08
2.33587876e-06	1.259739e-08
2.33589744e-06	1.180796e-08
2.33591613e-06	1.210327e-08
2.33593482e-06	1.284351e-08
2.33595350e-06	1.262086e-08
2.33597219e-06	1.139107e-08
2.33599088e-06	1.176705e-08
2.33600957e-06	1.235592e-08
2.33602826e-06	1.242692e-08
2.33604694e-06	1.262990e-08
2.33606563e-06	1.291408e-08
2.33608432e-06	1.316363e-08
2.33610301e-06	1.321226e-08
2.33612170e-06	1.324722e-08
2.33614039e-06	1.302534e-08
2.33615908e-06	1.275532e-08
2.33617777e-06	1.284073e-08
2.33619646e-06	1.237160e-08
2.33621514e-06	1.240357e-08
2.33623383e-06	1.292550e-08
2.33625253e-06	1.249657e-08
2.33627121e-06	1.245500e-08
2.33628990e-06	1.241738e-08
2.33630860e-06	1.261434e-08
2.33632729e-06	1.147695e-08
2.33634598e-06	1.051426e-08
2.33636467e-06	1.088599e-08
2.33638336e-06	1.252869e-08
2.33640205e-06	1.207921e-08
2.33642074e-06	1.202233e-08
2.33643943e-06	1.279433e-08
2.33645812e-06	1.216605e-08
2.33647681e-06	1.275910e-08
2.33649551e-06	1.278035e-08
2.33651420e-06	1.272024e-08
2.33653289e-06	1.315802e-08
2.33655158e-06	1.284583e-08
2.33657028e-06	1.237953e-08
2.33658897e-06	1.284904e-08
2.33660766e-06	1.253709e-08
2.33662635e-06	1.241439e-08
2.33664505e-06	1.259946e-08
2.33666374e-06	1.282838e-08
2.33668243e-06	1.258624e-08
2.33670113e-06	1.067596e-08
2.33671982e-06	1.033299e-08
2.33673851e-06	1.121642e-08
2.33675721e-06	1.152633e-08
2.33677590e-06	1.244501e-08
2.33679460e-06	1.270627e-08
2.33681329e-06	1.185094e-08
2.33683198e-06	1.118863e-08
2.33685068e-06	1.076480e-08
2.33686937e-06	1.140439e-08
2.33688807e-06	1.147426e-08
2.33690676e-06	1.148208e-08
2.33692546e-06	1.196616e-08
2.33694415e-06	1.198078e-08
2.33696285e-06	1.197101e-08
2.33698155e-06	1.044441e-08
2.33700024e-06	1.075304e-08
2.33701894e-06	1.177711e-08
2.33703763e-06	1.228047e-08
2.33705633e-06	1.227152e-08
2.33707503e-06	1.262155e-08
2.33709372e-06	1.269166e-08
2.33711242e-06	1.255333e-08
2.33713112e-06	1.271122e-08
2.33714981e-06	1.230205e-08
2.33716851e-06	1.255985e-08
2.33718721e-06	1.312688e-08
2.33720591e-06	1.241103e-08
2.33722460e-06	1.196540e-08
2.33724330e-06	1.238729e-08
2.33726200e-06	1.231727e-08
2.33728070e-06	1.109827e-08
2.33729940e-06	1.117617e-08
2.33731809e-06	1.264406e-08
2.33733679e-06	1.288735e-08
2.33735549e-06	1.292330e-08
2.33737419e-06	1.283912e-08
2.33739289e-06	1.147674e-08
2.33741159e-06	1.081282e-08
2.33743029e-06	1.084838e-08
2.33744899e-06	1.230131e-08
2.33746769e-06	1.250834e-08
2.33748639e-06	1.177767e-08
2.33750509e-06	1.199723e-08
2.33752379e-06	1.232665e-08
2.33754249e-06	1.258064e-08
2.33756119e-06	1.281397e-08
2.33757989e-06	1.318721e-08
2.33759859e-06	1.318874e-08
2.33761729e-06	1.282288e-08
2.33763599e-06	1.201646e-08
2.33765469e-06	1.260609e-08
2.33767339e-06	1.248782e-08
2.33769209e-06	1.250927e-08
2.33771079e-06	1.231679e-08
2.33772950e-06	1.134010e-08
2.33774820e-06	1.023327e-08
2.33776690e-06	1.150058e-08
2.33778560e-06	1.277333e-08
2.33780431e-06	1.277302e-08
2.33782301e-06	1.281094e-08
2.33784171e-06	1.242091e-08
2.33786041e-06	1.246265e-08
2.33787912e-06	1.288572e-08
2.33789782e-06	1.264516e-08
2.33791652e-06	1.131791e-08
2.33793523e-06	1.119299e-08
2.33795393e-06	1.069755e-08
2.33797263e-06	1.180632e-08
2.33799134e-06	1.250669e-08
2.33801004e-06	1.273263e-08
2.33802874e-06	1.193894e-08
2.33804745e-06	1.121397e-08
2.33806615e-06	1.227599e-08
2.33808486e-06	1.223110e-08
2.33810356e-06	1.264179e-08
2.33812227e-06	1.221758e-08
2.33814097e-06	1.261107e-08
2.33815968e-06	1.269199e-08
2.33817838e-06	1.203148e-08
2.33819709e-06	1.152243e-08
2.33821579e-06	1.218383e-08
2.33823450e-06	1.123229e-08
2.33825321e-06	1.238590e-08
2.33827191e-06	1.237537e-08
2.33829062e-06	1.230501e-08
2.33830932e-06	1.223458e-08
2.33832803e-06	1.077779e-08
2.33834674e-06	1.082270e-08
2.33836544e-06	1.263376e-08
2.33838415e-06	1.241386e-08
2.33840286e-06	1.281233e-08
2.33842156e-06	1.272104e-08
2.33844027e-06	1.205689e-08
2.33845898e-06	1.112576e-08
2.33847769e-06	1.179768e-08
2.33849639e-06	1.201210e-08
2.33851510e-06	1.157657e-08
2.33853381e-06	1.106698e-08
2.33855252e-06	1.143710e-08
2.33857123e-06	1.117274e-08
2.33858994e-06	1.108388e-08
2.33860864e-06	1.151898e-08
2.33862735e-06	1.237572e-08
2.33864606e-06	1.238142e-08
2.33866477e-06	1.227414e-08
2.33868348e-06	1.161922e-08
2.33870219e-06	1.170837e-08
2.33872090e-06	1.067676e-08
2.33873961e-06	1.028827e-08
2.33875832e-06	1.157649e-08
2.33877703e-06	1.191987e-08
2.33879574e-06	1.257897e-08
2.33881445e-06	1.277217e-08
2.33883316e-06	1.306490e-08
2.33885187e-06	1.317452e-08
2.33887058e-06	1.266949e-08
2.33888929e-06	1.250918e-08
2.33890800e-06	1.232495e-08
2.33892672e-06	1.209568e-08
2.33894543e-06	1.080508e-08
2.33896414e-06	1.061265e-08
2.33898285e-06	1.229504e-08
2.33900156e-06	1.253110e-08
2.33902027e-06	1.238582e-08
2.33903899e-06	1.244821e-08
2.33905770e-06	1.152050e-08
2.33907641e-06	1.121373e-08
2.33909512e-06	1.075799e-08
2.33911384e-06	1.183278e-08
2.33913255e-06	1.248409e-08
2.33915126e-06	1.213962e-08
2.33916998e-06	1.217578e-08
2.33918869e-06	1.154220e-08
2.33920740e-06	1.183928e-08
2.33922612e-06	1.161881e-08
2.33924483e-06	1.252980e-08
2.33926354e-06	1.301361e-08
2.33928226e-06	1.231671e-08
2.33930097e-06	1.083445e-08
2.33931969e-06	1.064046e-08
2.33933840e-06	1.044249e-08
2.33935712e-06	1.254851e-08
2.33937583e-06	1.288578e-08
2.33939455e-06	1.280228e-08
2.33941326e-06	1.280511e-08
2.33943198e-06	1.284218e-08
2.33945069e-06	1.230372e-08
2.33946941e-06	1.080864e-08
2.33948812e-06	1.132512e-08
2.33950684e-06	1.260321e-08
2.33952556e-06	1.282344e-08
2.33954427e-06	1.286025e-08
2.33956299e-06	1.256345e-08
2.33958171e-06	1.246822e-08
2.33960042e-06	1.117373e-08
2.33961914e-06	1.062081e-08
2.33963785e-06	1.195141e-08
2.33965657e-06	1.145130e-08
2.33967529e-06	1.119851e-08
2.33969401e-06	1.287504e-08
2.33971272e-06	1.277467e-08
2.33973144e-06	1.225816e-08
2.33975016e-06	1.147034e-08
2.33976888e-06	1.228921e-08
2.33978760e-06	1.251091e-08
2.33980631e-06	1.259971e-08
2.33982503e-06	1.305470e-08
2.33984375e-06	1.279420e-08
2.33986247e-06	1.123682e-08
2.33988119e-06	1.015668e-08
2.33989991e-06	1.044440e-08
2.33991863e-06	1.219248e-08
2.33993735e-06	1.292815e-08
2.33995607e-06	1.228553e-08
2.33997479e-06	1.283576e-08
2.33999351e-06	1.300171e-08
2.34001223e-06	1.208931e-08
2.34003095e-06	1.089916e-08
2.34004967e-06	1.131372e-08
2.34006839e-06	1.109509e-08
2.34008711e-06	1.163537e-08
2.34010583e-06	1.253586e-08
2.34012455e-06	1.143406e-08
2.34014327e-06	1.217244e-08
2.34016199e-06	1.215686e-08
2.34018071e-06	1.170736e-08
2.34019943e-06	1.207771e-08
2.34021815e-06	1.277089e-08
2.34023688e-06	1.235726e-08
2.34025560e-06	1.087230e-08
2.34027432e-06	1.111110e-08
2.34029304e-06	1.053402e-08
2.34031177e-06	1.205318e-08
2.34033049e-06	1.250995e-08
2.34034921e-06	1.131408e-08
2.34036793e-06	1.072188e-08
2.34038666e-06	1.050893e-08
2.34040538e-06	1.038769e-08
2.34042410e-06	1.072751e-08
2.34044283e-06	1.070510e-08
2.34046155e-06	1.164174e-08
2.34048027e-06	1.287407e-08
2.34049900e-06	1.274866e-08
2.34051772e-06	1.081963e-08
2.34053644e-06	1.109658e-08
2.34055517e-06	1.209291e-08
2.34057389e-06	1.144193e-08
2.34059262e-06	1.210128e-08
2.34061134e-06	1.111630e-08
2.34063007e-06	1.061598e-08
2.34064879e-06	1.208464e-08
2.34066752e-06	1.168788e-08
2.34068624e-06	1.227783e-08
2.34070497e-06	1.313709e-08
2.34072369e-06	1.300848e-08
2.34074242e-06	1.285942e-08
2.34076115e-06	1.306082e-08
2.34077987e-06	1.270551e-08
2.34079860e-06	1.296222e-08
2.34081733e-06	1.265541e-08
2.34083605e-06	1.223376e-08
2.34085478e-06	1.266324e-08
2.34087350e-06	1.247402e-08
2.34089223e-06	1.242617e-08
2.34091096e-06	1.268564e-08
2.34092969e-06	1.263027e-08
2.34094841e-06	1.310005e-08
2.34096714e-06	1.279708e-08
2.34098587e-06	1.250571e-08
2.34100460e-06	1.261293e-08
2.34102333e-06	1.272023e-08
2.34104205e-06	1.245112e-08
2.34106078e-06	1.055694e-08
2.34107951e-06	1.004465e-08
2.34109824e-06	1.091589e-08
2.34111697e-06	1.200517e-08
2.34113570e-06	1.137340e-08
2.34115443e-06	1.030056e-08
2.34117315e-06	1.177186e-08
2.34119188e-06	1.254299e-08
2.34121061e-06	1.285336e-08
2.34122934e-06	1.271741e-08
2.34124807e-06	1.237748e-08
2.34126680e-06	1.025767e-08
2.34128553e-06	1.026445e-08
2.34130426e-06	1.284591e-08
2.34132299e-06	1.292278e-08
2.34134172e-06	1.184541e-08
2.34136045e-06	1.051419e-08
2.34137919e-06	1.230482e-08
2.34139792e-06	1.272998e-08
2.34141665e-06	1.223929e-08
2.34143538e-06	1.201413e-08
2.34145411e-06	1.111826e-08
2.34147284e-06	1.079225e-08
2.34149158e-06	1.131284e-08
2.34151031e-06	1.075030e-08
2.34152904e-06	1.210573e-08
2.34154777e-06	1.150544e-08
2.34156650e-06	1.173854e-08
2.34158524e-06	1.208116e-08
2.34160397e-06	1.294503e-08
2.34162270e-06	1.301290e-08
2.34164143e-06	1.300604e-08
2.34166017e-06	1.297187e-08
2.34167890e-06	1.209978e-08
2.34169763e-06	1.030873e-08
2.34171637e-06	1.034922e-08
2.34173510e-06	1.146732e-08
2.34175384e-06	1.203017e-08
2.34177257e-06	1.299042e-08
2.34179130e-06	1.268168e-08
2.34181004e-06	1.288276e-08
2.34182877e-06	1.290528e-08
2.34184751e-06	1.222160e-08
2.34186624e-06	1.114442e-08
2.34188498e-06	1.059386e-08
2.34190371e-06	1.219445e-08
2.34192245e-06	1.211628e-08
2.34194118e-06	1.141650e-08
2.34195992e-06	1.166966e-08
2.34197865e-06	1.214866e-08
2.34199739e-06	1.256216e-08
2.34201613e-06	1.268480e-08
2.34203486e-06	1.107257e-08
2.34205360e-06	1.008741e-08
2.34207233e-06	1.119093e-08
2.34209107e-06	1.174265e-08
2.34210981e-06	1.270109e-08
2.34212855e-06	1.301853e-08
2.34214728e-06	1.267505e-08
2.34216602e-06	1.159762e-08
2.34218476e-06	1.179808e-08
2.34220349e-06	1.270043e-08
2.34222223e-06	1.304445e-08
2.34224097e-06	1.307765e-08
2.34225971e-06	1.312426e-08
2.34227844e-06	1.326528e-08
2.34229718e-06	1.337739e-08
2.34231592e-06	1.315949e-08
2.34233466e-06	1.291340e-08
2.34235340e-06	1.313531e-08
2.34237214e-06	1.268394e-08
2.34239088e-06	1.246520e-08
2.34240962e-06	1.258201e-08
2.34242835e-06	1.260770e-08
2.34244709e-06	1.174891e-08
2.34246583e-06	1.228953e-08
2.34248457e-06	1.279803e-08
2.34250331e-06	1.297206e-08
2.34252205e-06	1.312738e-08
2.34254079e-06	1.234287e-08
2.34255953e-06	1.136041e-08
2.34257827e-06	1.147277e-08
2.34259702e-06	1.143073e-08
2.34261576e-06	1.209287e-08
2.34263450e-06	1.290562e-08
2.34265324e-06	1.304695e-08
2.34267198e-06	1.267041e-08
2.34269072e-06	1.210947e-08
2.34270946e-06	1.287770e-08
2.34272820e-06	1.235291e-08
2.34274695e-06	1.069897e-08
2.34276569e-06	1.113396e-08
2.34278443e-06	1.144016e-08
2.34280317e-06	1.257468e-08
2.34282191e-06	1.271255e-08
2.34284066e-06	1.178511e-08
2.34285940e-06	1.166677e-08
2.34287814e-06	1.182344e-08
2.34289689e-06	1.211512e-08
2.34291563e-06	1.258272e-08
2.34293437e-06	1.287782e-08
2.34295312e-06	1.288626e-08
2.34297186e-06	1.254998e-08
2.34299060e-06	1.199963e-08
2.34300935e-06	1.257227e-08
2.34302809e-06	1.295963e-08
2.34304684e-06	1.257003e-08
2.34306558e-06	1.162207e-08
2.34308432e-06	1.257698e-08
2.34310307e-06	1.302167e-08
2.34312181e-06	1.288035e-08
2.34314056e-06	1.284264e-08
2.34315930e-06	1.188477e-08
2.34317805e-06	1.239194e-08
2.34319679e-06	1.289537e-08
2.34321554e-06	1.230017e-08
2.34323429e-06	1.109735e-08
2.34325303e-06	1.128688e-08
2.34327178e-06	1.030451e-08
2.34329052e-06	1.175040e-08
2.34330927e-06	1.215098e-08
2.34332802e-06	1.289834e-08
2.34334676e-06	1.322102e-08
2.34336551e-06	1.303741e-08
2.34338426e-06	1.226736e-08
2.34340300e-06	1.263962e-08
2.34342175e-06	1.225326e-08
2.34344050e-06	1.205299e-08
2.34345925e-06	1.210415e-08
2.34347799e-06	1.070991e-08
2.34349674e-06	1.032481e-08
2.34351549e-06	1.199422e-08
2.34353424e-06	1.254821e-08
2.34355299e-06	1.230944e-08
2.34357173e-06	1.244706e-08
2.34359048e-06	1.180535e-08
2.34360923e-06	1.039073e-08
2.34362798e-06	1.032837e-08
2.34364673e-06	1.207689e-08
2.34366548e-06	1.139734e-08
2.34368423e-06	1.022715e-08
2.34370298e-06	1.043377e-08
2.34372173e-06	1.131502e-08
2.34374048e-06	1.278480e-08
2.34375923e-06	1.243182e-08
2.34377798e-06	1.261196e-08
2.34379673e-06	1.283722e-08
2.34381548e-06	1.098049e-08
2.34383423e-06	1.030205e-08
2.34385298e-06	1.148678e-08
2.34387173e-06	1.194598e-08
2.34389048e-06	1.274534e-08
2.34390923e-06	1.233476e-08
2.34392798e-06	1.224384e-08
2.34394673e-06	1.299662e-08
2.34396549e-06	1.283359e-08
2.34398424e-06	1.200866e-08
2.34400299e-06	1.251474e-08
2.34402174e-06	1.206732e-08
2.34404049e-06	1.130440e-08
2.34405925e-06	1.102813e-08
2.34407800e-06	1.080890e-08
2.34409675e-06	1.204982e-08
2.34411550e-06	1.245374e-08
2.34413426e-06	1.210856e-08
2.34415301e-06	1.249460e-08
2.34417176e-06	1.287720e-08
2.34419052e-06	1.281092e-08
2.34420927e-06	1.258026e-08
2.34422802e-06	1.269178e-08
2.34424678e-06	1.278979e-08
2.34426553e-06	1.291859e-08
2.34428429e-06	1.216891e-08
2.34430304e-06	1.211897e-08
2.34432179e-06	1.160613e-08
2.34434055e-06	1.195828e-08
2.34435930e-06	1.258647e-08
2.34437806e-06	1.233111e-08
2.34439681e-06	1.205027e-08
2.34441557e-06	1.209287e-08
2.34443432e-06	1.181374e-08
2.34445308e-06	1.026111e-08
2.34447183e-06	1.038541e-08
2.34449059e-06	1.155582e-08
2.34450935e-06	1.093089e-08
2.34452810e-06	1.150653e-08
2.34454686e-06	1.225400e-08
2.34456562e-06	1.192576e-08
2.34458437e-06	1.182274e-08
2.34460313e-06	1.260050e-08
2.34462189e-06	1.296757e-08
2.34464064e-06	1.262116e-08
2.34465940e-06	1.242858e-08
2.34467816e-06	1.177803e-08
2.34469691e-06	1.001511e-08
2.34471567e-06	1.001180e-08
2.34473443e-06	1.197542e-08
2.34475319e-06	1.215587e-08
2.34477195e-06	1.120024e-08
2.34479070e-06	1.016195e-08
2.34480946e-06	1.069293e-08
2.34482822e-06	1.148437e-08
2.34484698e-06	1.266960e-08
2.34486574e-06	1.248804e-08
2.34488450e-06	1.104076e-08
2.34490326e-06	1.124417e-08
2.34492202e-06	1.178074e-08
2.34494077e-06	1.207082e-08
2.34495953e-06	1.079799e-08
2.34497829e-06	1.184721e-08
2.34499705e-06	1.253128e-08
2.34501581e-06	1.184119e-08
2.34503457e-06	1.009861e-08
2.34505333e-06	1.036044e-08
2.34507209e-06	1.177305e-08
2.34509086e-06	1.143374e-08
2.34510962e-06	1.237725e-08
2.34512838e-06	1.294971e-08
2.34514714e-06	1.307814e-08
2.34516590e-06	1.273963e-08
2.34518466e-06	1.248449e-08
2.34520342e-06	1.248186e-08
2.34522218e-06	1.116459e-08
2.34524094e-06	1.035788e-08
2.34525971e-06	1.158829e-08
2.34527847e-06	1.176176e-08
2.34529723e-06	1.025693e-08
2.34531599e-06	1.061662e-08
2.34533476e-06	1.208311e-08
2.34535352e-06	1.222726e-08
2.34537228e-06	1.106931e-08
2.34539104e-06	1.130676e-08
2.34540981e-06	1.113919e-08
2.34542857e-06	1.070281e-08
2.34544733e-06	1.031380e-08
2.34546610e-06	1.095452e-08
2.34548486e-06	1.021612e-08
2.34550363e-06	1.070435e-08
2.34552239e-06	1.264004e-08
2.34554115e-06	1.270976e-08
2.34555992e-06	1.206943e-08
2.34557868e-06	1.262452e-08
2.34559745e-06	1.293925e-08
2.34561621e-06	1.157753e-08
2.34563498e-06	1.158612e-08
2.34565374e-06	1.253575e-08
2.34567251e-06	1.306381e-08
2.34569127e-06	1.278634e-08
2.34571004e-06	1.259617e-08
2.34572880e-06	1.298402e-08
2.34574757e-06	1.224578e-08
2.34576634e-06	1.221987e-08
2.34578510e-06	1.320604e-08
2.34580387e-06	1.331559e-08
2.34582263e-06	1.299308e-08
2.34584140e-06	1.207175e-08
2.34586017e-06	1.185055e-08
2.34587894e-06	1.308441e-08
2.34589770e-06	1.293325e-08
2.34591647e-06	1.300953e-08
2.34593524e-06	1.298832e-08
2.34595400e-06	1.275803e-08
2.34597277e-06	1.201355e-08
2.34599154e-06	1.163599e-08
2.34601031e-06	1.303941e-08
2.34602908e-06	1.333298e-08
2.34604784e-06	1.242692e-08
2.34606661e-06	1.178889e-08
2.34608538e-06	1.252519e-08
2.34610415e-06	1.223577e-08
2.34612292e-06	1.226620e-08
2.34614169e-06	1.276939e-08
2.34616046e-06	1.245491e-08
2.34617923e-06	1.172615e-08
2.34619800e-06	1.265963e-08
2.34621676e-06	1.304843e-08
2.34623553e-06	1.286005e-08
2.34625430e-06	1.270434e-08
2.34627307e-06	1.286840e-08
2.34629184e-06	1.299518e-08
2.34631061e-06	1.218565e-08
2.34632938e-06	1.208276e-08
2.34634816e-06	1.233073e-08
2.34636693e-06	1.249066e-08
2.34638570e-06	1.271884e-08
2.34640447e-06	1.245089e-08
2.34642324e-06	1.225679e-08
2.34644201e-06	1.033893e-08
2.34646078e-06	1.000257e-08
2.34647955e-06	1.150218e-08
2.34649833e-06	1.249941e-08
2.34651710e-06	1.273846e-08
2.34653587e-06	1.239099e-08
2.34655464e-06	1.285119e-08
2.34657341e-06	1.306085e-08
2.34659219e-06	1.274976e-08
2.34661096e-06	1.247077e-08
2.34662973e-06	1.248692e-08
2.34664851e-06	1.190327e-08
2.34666728e-06	1.208351e-08
2.34668605e-06	1.297466e-08
2.34670483e-06	1.317479e-08
2.34672360e-06	1.294833e-08
2.34674237e-06	1.294838e-08
2.34676115e-06	1.259567e-08
2.34677992e-06	1.176152e-08
2.34679870e-06	1.095084e-08
2.34681747e-06	1.082329e-08
2.34683625e-06	1.219765e-08
2.34685502e-06	1.262600e-08
2.34687379e-06	1.239364e-08
2.34689257e-06	1.060738e-08
2.34691134e-06	1.016568e-08
2.34693012e-06	1.072190e-08
2.34694889e-06	1.161485e-08
2.34696767e-06	1.223364e-08
2.34698645e-06	1.280667e-08
2.34700522e-06	1.249715e-08
2.34702400e-06	1.236535e-08
2.34704277e-06	1.282911e-08
2.34706155e-06	1.270647e-08
2.34708033e-06	1.300859e-08
2.34709910e-06	1.321842e-08
2.34711788e-06	1.303994e-08
2.34713666e-06	1.282265e-08
2.34715543e-06	1.184672e-08
2.34717421e-06	1.154299e-08
2.34719299e-06	1.149171e-08
2.34721177e-06	1.220321e-08
2.34723054e-06	1.198799e-08
2.34724932e-06	1.195179e-08
2.34726810e-06	1.238248e-08
2.34728688e-06	1.217861e-08
2.34730566e-06	1.226473e-08
2.34732444e-06	1.109079e-08
2.34734321e-06	1.239578e-08
2.34736199e-06	1.276906e-08
2.34738077e-06	1.276798e-08
2.34739955e-06	1.186618e-08
2.34741833e-06	1.059273e-08
2.34743711e-06	1.116919e-08
2.34745589e-06	1.266070e-08
2.34747467e-06	1.274244e-08
2.34749345e-06	1.155155e-08
2.34751223e-06	1.030441e-08
2.34753101e-06	1.105859e-08
2.34754979e-06	1.050913e-08
2.34756857e-06	1.087467e-08
2.34758735e-06	1.209880e-08
2.34760613e-06	1.279800e-08
2.34762491e-06	1.283932e-08
2.34764369e-06	1.231273e-08
2.34766247e-06	1.151495e-08
2.34768125e-06	1.134210e-08
2.34770004e-06	1.150392e-08
2.34771882e-06	1.121279e-08
2.34773760e-06	1.100682e-08
2.34775638e-06	1.183519e-08
2.34777516e-06	1.181012e-08
2.34779395e-06	1.216163e-08
2.34781273e-06	1.220270e-08
2.34783151e-06	1.224051e-08
2.34785029e-06	1.306186e-08
2.34786908e-06	1.279727e-08
2.34788786e-06	1.260779e-08
2.34790664e-06	1.303265e-08
2.34792542e-06	1.311301e-08
2.34794421e-06	1.288962e-08
2.34796299e-06	1.272255e-08
2.34798178e-06	1.291907e-08
2.34800056e-06	1.297546e-08
2.34801934e-06	1.258691e-08
2.34803813e-06	1.287512e-08
2.34805691e-06	1.280347e-08
2.34807570e-06	1.264138e-08
2.34809448e-06	1.244911e-08
2.34811327e-06	1.212760e-08
2.34813205e-06	1.149145e-08
2.34815084e-06	1.138651e-08
2.34816962e-06	1.260481e-08
2.34818841e-06	1.282968e-08
2.34820719e-06	1.255213e-08
2.34822598e-06	1.057021e-08
2.34824476e-06	1.113576e-08
2.34826355e-06	1.136235e-08
2.34828234e-06	1.237873e-08
2.34830112e-06	1.277713e-08
2.34831991e-06	1.303113e-08
2.34833869e-06	1.249618e-08
2.34835748e-06	1.252301e-08
2.34837627e-06	1.241445e-08
2.34839506e-06	1.274541e-08
2.34841384e-06	1.219240e-08
2.34843263e-06	1.224242e-08
2.34845142e-06	1.236289e-08
2.34847021e-06	1.279761e-08
2.34848899e-06	1.270830e-08
2.34850778e-06	1.265165e-08
2.34852657e-06	1.171703e-08
2.34854536e-06	1.154345e-08
2.34856415e-06	1.211751e-08
2.34858293e-06	1.252447e-08
2.34860172e-06	1.254783e-08
2.34862051e-06	1.308932e-08
2.34863930e-06	1.301784e-08
2.34865809e-06	1.252929e-08
2.34867688e-06	1.120148e-08
2.34869567e-06	1.153160e-08
2.34871446e-06	1.207999e-08
2.34873325e-06	1.201328e-08
2.34875204e-06	1.294919e-08
2.34877083e-06	1.312334e-08
2.34878962e-06	1.241775e-08
2.34880841e-06	1.184237e-08
2.34882720e-06	1.153309e-08
2.34884599e-06	1.139242e-08
2.34886478e-06	1.250386e-08
2.34888357e-06	1.252793e-08
2.34890236e-06	1.270105e-08
2.34892115e-06	1.309428e-08
2.34893994e-06	1.318982e-08
2.34895873e-06	1.219058e-08
2.34897753e-06	1.229385e-08
2.34899632e-06	1.174441e-08
2.34901511e-06	1.139537e-08
2.34903390e-06	1.263505e-08
2.34905269e-06	1.258194e-08
2.34907149e-06	1.262378e-08
2.34909028e-06	1.230189e-08
2.34910907e-06	1.224063e-08
2.34912787e-06	1.266668e-08
2.34914666e-06	1.250918e-08
2.34916545e-06	1.205143e-08
2.34918425e-06	1.230236e-08
2.34920304e-06	1.182505e-08
2.34922183e-06	1.206784e-08
2.34924063e-06	1.175232e-08
2.34925942e-06	1.261654e-08
2.34927821e-06	1.300188e-08
2.34929701e-06	1.189371e-08
2.34931580e-06	1.205524e-08
2.34933460e-06	1.192887e-08
2.34935339e-06	1.128775e-08
2.34937219e-06	1.055024e-08
2.34939098e-06	1.154538e-08
2.34940978e-06	1.213562e-08
2.34942857e-06	1.099770e-08
2.34944737e-06	1.227033e-08
2.34946616e-06	1.226226e-08
2.34948496e-06	1.179504e-08
2.34950375e-06	1.013927e-08
2.34952255e-06	1.144491e-08
2.34954135e-06	1.275757e-08
2.34956014e-06	1.292776e-08
2.34957894e-06	1.243823e-08
2.34959774e-06	1.298842e-08
2.34961653e-06	1.190526e-08
2.34963533e-06	1.133615e-08
2.34965413e-06	1.207365e-08
2.34967292e-06	1.120700e-08
2.34969172e-06	1.115621e-08
2.34971052e-06	1.114871e-08
2.34972932e-06	1.053715e-08
2.34974812e-06	1.194483e-08
2.34976691e-06	1.110934e-08
2.34978571e-06	1.153234e-08
2.34980451e-06	1.174735e-08
2.34982331e-06	1.112402e-08
2.34984211e-06	1.004781e-08
2.34986090e-06	1.101733e-08
2.34987970e-06	1.135452e-08
2.34989850e-06	1.169999e-08
2.34991730e-06	1.289789e-08
2.34993610e-06	1.262221e-08
2.34995490e-06	1.283071e-08
2.34997370e-06	1.191830e-08
