2.30001633e-06	6.338508e-09
2.30003473e-06	4.087248e-09
2.30005313e-06	6.019739e-09
2.30007153e-06	4.830018e-09
2.30008993e-06	4.292498e-09
2.30010833e-06	6.804425e-09
2.30012673e-06	7.227132e-09
2.30014513e-06	7.154021e-09
2.30016353e-06	6.709136e-09
2.30018194e-06	6.992197e-09
2.30020034e-06	7.139341e-09
2.30021874e-06	7.747098e-09
2.30023714e-06	7.079702e-09
2.30025554e-06	6.267078e-09
2.30027395e-06	6.186724e-09
2.30029235e-06	5.514027e-09
2.30031075e-06	6.127064e-09
2.30032915e-06	6.601436e-09
2.30034756e-06	7.143715e-09
2.30036596e-06	5.889455e-09
2.30038436e-06	5.123434e-09
2.30040276e-06	5.757993e-09
2.30042117e-06	5.594108e-09
2.30043957e-06	6.021247e-09
2.30045797e-06	6.051816e-09
2.30047638e-06	4.907837e-09
2.30049478e-06	3.322429e-09
2.30051319e-06	2.632117e-09
2.30053159e-06	8.844904e-10
2.30054999e-06	3.034822e-10
2.30056840e-06	3.114260e-09
2.30058680e-06	3.913190e-09
2.30060521e-06	1.355286e-09
2.30062361e-06	3.088589e-09
2.30064202e-06	4.881028e-09
2.30066042e-06	5.124211e-09
2.30067883e-06	5.675068e-09
2.30069723e-06	5.652451e-09
2.30071564e-06	4.480345e-09
2.30073404e-06	9.031944e-10
2.30075245e-06	1.178305e-09
2.30077086e-06	4.983570e-09
2.30078926e-06	5.742366e-09
2.30080767e-06	6.143533e-09
2.30082608e-06	6.126050e-09
2.30084448e-06	6.317719e-09
2.30086289e-06	6.316864e-09
2.30088129e-06	6.284394e-09
2.30089970e-06	6.200941e-09
2.30091811e-06	6.317479e-09
2.30093652e-06	6.406340e-09
2.30095492e-06	6.499290e-09
2.30097333e-06	4.843462e-09
2.30099174e-06	4.345870e-09
2.30101015e-06	4.627538e-09
2.30102856e-06	4.846817e-09
2.30104696e-06	5.863249e-09
2.30106537e-06	5.628806e-09
2.30108378e-06	2.816821e-09
2.30110219e-06	1.282571e-09
2.30112060e-06	4.697604e-09
2.30113901e-06	6.165631e-09
2.30115742e-06	6.711919e-09
2.30117583e-06	6.514580e-09
2.30119423e-06	5.137725e-09
2.30121265e-06	4.312948e-09
2.30123105e-06	5.519723e-09
2.30124946e-06	5.432553e-09
2.30126787e-06	4.946290e-09
2.30128628e-06	2.959453e-09
2.30130469e-06	5.020767e-10
2.30132310e-06	3.269491e-10
2.30134152e-06	1.886680e-09
2.30135993e-06	3.332504e-09
2.30137834e-06	3.868330e-09
2.30139675e-06	1.116055e-09
2.30141516e-06	2.660662e-09
2.30143357e-06	5.894956e-09
2.30145198e-06	6.324539e-09
2.30147039e-06	4.861128e-09
2.30148881e-06	1.445487e-09
2.30150722e-06	8.995532e-10
2.30152563e-06	4.638140e-09
2.30154404e-06	6.145940e-09
2.30156245e-06	6.334608e-09
2.30158087e-06	6.143827e-09
2.30159928e-06	6.830910e-09
2.30161769e-06	6.829806e-09
2.30163611e-06	5.530421e-09
2.30165452e-06	5.057778e-09
2.30167293e-06	5.242677e-09
2.30169135e-06	6.195638e-09
2.30170976e-06	6.767553e-09
2.30172817e-06	7.289013e-09
2.30174659e-06	6.863518e-09
2.30176500e-06	5.660693e-09
2.30178341e-06	6.980943e-09
2.30180183e-06	6.591244e-09
2.30182024e-06	5.561994e-09
2.30183866e-06	6.521858e-09
2.30185707e-06	5.979262e-09
2.30187549e-06	5.520584e-09
2.30189390e-06	6.159567e-09
2.30191232e-06	7.076198e-09
2.30193073e-06	6.766828e-09
2.30194915e-06	6.607440e-09
2.30196756e-06	7.152014e-09
2.30198598e-06	6.853733e-09
2.30200440e-06	6.143863e-09
2.30202281e-06	4.654305e-09
2.30204123e-06	4.798103e-09
2.30205964e-06	5.417511e-09
2.30207806e-06	5.249170e-09
2.30209648e-06	4.054086e-09
2.30211489e-06	5.829384e-10
2.30213331e-06	3.231210e-10
2.30215173e-06	2.869464e-09
2.30217014e-06	5.101512e-09
2.30218856e-06	5.887219e-09
2.30220698e-06	6.401576e-09
2.30222540e-06	6.278950e-09
2.30224381e-06	6.427675e-09
2.30226223e-06	5.295659e-09
2.30228065e-06	4.503355e-09
2.30229907e-06	6.102935e-09
2.30231749e-06	6.322246e-09
2.30233591e-06	6.597092e-09
2.30235433e-06	7.158241e-09
2.30237274e-06	7.380342e-09
2.30239116e-06	7.541980e-09
2.30240958e-06	6.877442e-09
2.30242800e-06	6.519045e-09
2.30244642e-06	6.925071e-09
2.30246484e-06	6.979066e-09
2.30248326e-06	7.012481e-09
2.30250168e-06	6.921384e-09
2.30252010e-06	6.735648e-09
2.30253852e-06	6.085771e-09
2.30255694e-06	6.679535e-09
2.30257536e-06	6.952263e-09
2.30259378e-06	6.972779e-09
2.30261220e-06	6.598948e-09
2.30263062e-06	6.676307e-09
2.30264904e-06	6.436761e-09
2.30266747e-06	6.411721e-09
2.30268589e-06	7.158894e-09
2.30270431e-06	6.851590e-09
2.30272273e-06	6.165712e-09
2.30274115e-06	4.985811e-09
2.30275957e-06	1.358984e-09
2.30277800e-06	1.926141e-09
2.30279642e-06	3.723105e-09
2.30281484e-06	3.668400e-09
2.30283326e-06	5.868858e-09
2.30285168e-06	6.067061e-09
2.30287011e-06	6.424444e-09
2.30288853e-06	6.255965e-09
2.30290695e-06	5.476095e-09
2.30292538e-06	4.660223e-09
2.30294380e-06	4.323305e-09
2.30296222e-06	1.396720e-09
2.30298065e-06	2.686132e-10
2.30299907e-06	9.995268e-10
2.30301750e-06	3.016695e-09
2.30303592e-06	4.176084e-09
2.30305434e-06	5.762702e-09
2.30307277e-06	6.086803e-09
2.30309119e-06	6.190306e-09
2.30310962e-06	5.801066e-09
2.30312804e-06	4.686867e-09
2.30314647e-06	6.349023e-09
2.30316489e-06	6.940333e-09
2.30318332e-06	6.067149e-09
2.30320174e-06	3.228640e-09
2.30322017e-06	4.093656e-09
2.30323860e-06	7.042247e-09
2.30325702e-06	7.220499e-09
2.30327545e-06	6.663136e-09
2.30329387e-06	5.564444e-09
2.30331230e-06	3.198832e-09
2.30333073e-06	2.808299e-09
2.30334915e-06	3.736290e-09
2.30336758e-06	5.309469e-09
2.30338601e-06	6.937514e-09
2.30340443e-06	7.414392e-09
2.30342286e-06	8.119820e-09
2.30344129e-06	7.702302e-09
2.30345972e-06	6.986704e-09
2.30347814e-06	7.101668e-09
2.30349657e-06	7.340133e-09
2.30351500e-06	7.356851e-09
2.30353343e-06	6.407897e-09
2.30355186e-06	5.991690e-09
2.30357028e-06	5.423816e-09
2.30358871e-06	3.825415e-09
2.30360714e-06	4.235296e-09
2.30362557e-06	5.513632e-09
2.30364400e-06	5.960180e-09
2.30366243e-06	6.930537e-09
2.30368086e-06	6.610346e-09
2.30369929e-06	6.531834e-09
2.30371772e-06	5.856679e-09
2.30373615e-06	4.486311e-09
2.30375458e-06	4.189418e-09
2.30377301e-06	3.669509e-09
2.30379144e-06	4.636922e-09
2.30380987e-06	4.057939e-09
2.30382830e-06	3.863315e-09
2.30384673e-06	2.912405e-09
2.30386516e-06	3.130445e-10
2.30388359e-06	4.300916e-10
2.30390202e-06	3.016283e-09
2.30392045e-06	3.384398e-09
2.30393888e-06	4.943816e-09
2.30395731e-06	4.992640e-09
2.30397575e-06	5.700251e-09
2.30399418e-06	6.325906e-09
2.30401261e-06	6.405632e-09
2.30403104e-06	7.094367e-09
2.30404947e-06	6.788615e-09
2.30406791e-06	6.199617e-09
2.30408634e-06	6.165219e-09
2.30410477e-06	6.369649e-09
2.30412321e-06	7.191054e-09
2.30414164e-06	7.360048e-09
2.30416007e-06	6.657367e-09
2.30417850e-06	6.542990e-09
2.30419694e-06	6.631432e-09
2.30421537e-06	5.558800e-09
2.30423381e-06	5.708350e-09
2.30425224e-06	6.934354e-09
2.30427067e-06	6.350058e-09
2.30428911e-06	6.301131e-09
2.30430754e-06	6.501072e-09
2.30432598e-06	5.705794e-09
2.30434441e-06	6.571187e-09
2.30436285e-06	7.451661e-09
2.30438128e-06	8.286728e-09
2.30439971e-06	7.847865e-09
2.30441815e-06	7.885337e-09
2.30443659e-06	7.663460e-09
2.30445502e-06	6.442764e-09
2.30447346e-06	6.391932e-09
2.30449189e-06	6.135510e-09
2.30451033e-06	6.725961e-09
2.30452877e-06	6.762596e-09
2.30454720e-06	7.321800e-09
2.30456564e-06	6.967961e-09
2.30458407e-06	7.144445e-09
2.30460251e-06	7.105002e-09
2.30462095e-06	6.276109e-09
2.30463938e-06	5.645860e-09
2.30465782e-06	6.330079e-09
2.30467626e-06	6.861647e-09
2.30469470e-06	6.135253e-09
2.30471313e-06	5.031215e-09
2.30473157e-06	3.172380e-09
2.30475001e-06	3.673297e-09
2.30476845e-06	4.135587e-09
2.30478688e-06	1.116231e-09
2.30480532e-06	2.615932e-10
2.30482376e-06	1.744534e-09
2.30484220e-06	4.339562e-09
2.30486064e-06	4.447785e-09
2.30487908e-06	4.655177e-09
2.30489752e-06	5.330514e-09
2.30491596e-06	5.036396e-09
2.30493440e-06	2.164496e-09
2.30495284e-06	3.513744e-09
2.30497128e-06	3.117588e-09
2.30498972e-06	2.525380e-09
2.30500815e-06	4.669707e-09
2.30502660e-06	6.143629e-09
2.30504504e-06	5.096470e-09
2.30506347e-06	5.447564e-09
2.30508192e-06	5.690239e-09
2.30510036e-06	5.790077e-09
2.30511880e-06	6.041334e-09
2.30513724e-06	6.564573e-09
2.30515568e-06	6.248831e-09
2.30517412e-06	6.334764e-09
2.30519256e-06	6.697105e-09
2.30521100e-06	5.724301e-09
2.30522944e-06	6.138125e-09
2.30524789e-06	6.199175e-09
2.30526633e-06	6.247332e-09
2.30528477e-06	6.528111e-09
2.30530321e-06	6.652157e-09
2.30532166e-06	5.167166e-09
2.30534010e-06	5.553859e-09
2.30535854e-06	6.236129e-09
2.30537698e-06	5.909401e-09
2.30539543e-06	4.455747e-09
2.30541387e-06	9.797997e-10
2.30543231e-06	3.179828e-09
2.30545076e-06	5.155777e-09
2.30546920e-06	4.246434e-09
2.30548764e-06	2.079568e-09
2.30550609e-06	4.347258e-09
2.30552453e-06	6.407466e-09
2.30554298e-06	6.914631e-09
2.30556142e-06	6.661497e-09
2.30557987e-06	6.298459e-09
2.30559831e-06	6.096948e-09
2.30561675e-06	5.233821e-09
2.30563520e-06	1.383601e-09
2.30565365e-06	5.424965e-10
2.30567209e-06	3.494121e-09
2.30569054e-06	4.610543e-09
2.30570898e-06	5.284185e-09
2.30572743e-06	4.560946e-09
2.30574587e-06	3.584212e-09
2.30576432e-06	4.295837e-10
2.30578276e-06	2.909674e-10
2.30580121e-06	2.393101e-09
2.30581966e-06	4.806894e-09
2.30583810e-06	5.684988e-09
2.30585655e-06	5.018680e-09
2.30587500e-06	3.706657e-09
2.30589344e-06	3.094959e-09
2.30591189e-06	4.864945e-09
2.30593034e-06	5.854500e-09
2.30594879e-06	5.312250e-09
2.30596723e-06	5.383535e-09
2.30598568e-06	5.016060e-09
2.30600413e-06	6.217131e-09
2.30602258e-06	7.056291e-09
2.30604102e-06	7.359127e-09
2.30605947e-06	7.537147e-09
2.30607792e-06	7.238028e-09
2.30609637e-06	6.954459e-09
2.30611482e-06	6.571613e-09
2.30613327e-06	5.235153e-09
2.30615172e-06	5.123945e-09
2.30617017e-06	6.353602e-09
2.30618862e-06	5.712328e-09
2.30620707e-06	5.019811e-09
2.30622551e-06	5.724898e-09
2.30624396e-06	6.790062e-09
2.30626241e-06	6.748791e-09
2.30628087e-06	6.568798e-09
2.30629932e-06	6.999473e-09
2.30631777e-06	7.718272e-09
2.30633622e-06	6.980023e-09
2.30635467e-06	5.891640e-09
2.30637312e-06	6.535221e-09
2.30639157e-06	6.308387e-09
2.30641002e-06	5.957017e-09
2.30642847e-06	6.727096e-09
2.30644692e-06	5.063415e-09
2.30646537e-06	4.651396e-09
2.30648383e-06	5.114230e-09
2.30650228e-06	4.071788e-09
2.30652073e-06	3.697817e-09
2.30653918e-06	4.408110e-09
2.30655763e-06	5.040875e-09
2.30657609e-06	5.411896e-09
2.30659454e-06	5.757789e-09
2.30661299e-06	6.086832e-09
2.30663144e-06	4.152527e-09
2.30664990e-06	2.766336e-09
2.30666835e-06	1.070179e-09
2.30668681e-06	3.706671e-09
2.30670526e-06	4.868235e-09
2.30672371e-06	4.607210e-09
2.30674217e-06	4.584240e-09
2.30676062e-06	2.276198e-09
2.30677907e-06	3.428755e-10
2.30679753e-06	3.383629e-10
2.30681598e-06	3.125774e-09
2.30683444e-06	4.366114e-09
2.30685289e-06	3.949983e-09
2.30687135e-06	5.412739e-09
2.30688980e-06	5.677591e-09
2.30690826e-06	4.691689e-09
2.30692671e-06	4.484428e-09
2.30694517e-06	5.924169e-09
2.30696362e-06	6.226574e-09
2.30698208e-06	6.544533e-09
2.30700053e-06	6.906814e-09
2.30701899e-06	7.360307e-09
2.30703745e-06	6.779295e-09
2.30705590e-06	6.117598e-09
2.30707436e-06	7.100366e-09
2.30709282e-06	7.112206e-09
2.30711127e-06	7.330305e-09
2.30712973e-06	7.448230e-09
2.30714819e-06	7.563653e-09
2.30716664e-06	7.357830e-09
2.30718510e-06	7.482699e-09
2.30720356e-06	7.524373e-09
2.30722202e-06	6.819211e-09
2.30724047e-06	6.094889e-09
2.30725893e-06	6.192521e-09
2.30727739e-06	6.686478e-09
2.30729585e-06	5.042185e-09
2.30731431e-06	4.452617e-09
2.30733277e-06	6.340945e-09
2.30735122e-06	7.053002e-09
2.30736968e-06	6.488118e-09
2.30738814e-06	4.828940e-09
2.30740660e-06	5.564362e-09
2.30742506e-06	6.789677e-09
2.30744352e-06	7.337627e-09
2.30746198e-06	7.221755e-09
2.30748044e-06	6.488689e-09
2.30749890e-06	6.001736e-09
2.30751736e-06	4.731932e-09
2.30753582e-06	5.492499e-09
2.30755428e-06	6.084324e-09
2.30757274e-06	5.684038e-09
2.30759120e-06	5.006420e-09
2.30760966e-06	3.755073e-09
2.30762812e-06	1.425316e-09
2.30764658e-06	4.626707e-10
2.30766504e-06	2.781924e-09
2.30768351e-06	3.927793e-09
2.30770197e-06	5.507216e-09
2.30772043e-06	6.543487e-09
2.30773889e-06	6.464798e-09
2.30775735e-06	6.278106e-09
2.30777581e-06	5.692631e-09
2.30779428e-06	4.103938e-09
2.30781274e-06	2.952553e-09
2.30783120e-06	3.591176e-10
2.30784966e-06	3.072047e-10
2.30786813e-06	2.761846e-09
2.30788659e-06	4.745939e-09
2.30790505e-06	5.684169e-09
2.30792352e-06	5.847624e-09
2.30794198e-06	5.922343e-09
2.30796044e-06	6.565797e-09
2.30797891e-06	6.770131e-09
2.30799737e-06	6.422076e-09
2.30801583e-06	5.283035e-09
2.30803430e-06	4.667017e-09
2.30805276e-06	2.809174e-09
2.30807123e-06	4.625031e-09
2.30808969e-06	6.434980e-09
2.30810816e-06	6.683231e-09
2.30812662e-06	6.545729e-09
2.30814509e-06	7.125180e-09
2.30816355e-06	7.560279e-09
2.30818202e-06	7.067548e-09
2.30820048e-06	5.742135e-09
2.30821895e-06	5.964522e-09
2.30823741e-06	6.874905e-09
2.30825588e-06	7.132082e-09
2.30827434e-06	5.910884e-09
2.30829281e-06	5.308440e-09
2.30831128e-06	6.453831e-09
2.30832974e-06	6.749641e-09
2.30834821e-06	6.416921e-09
2.30836668e-06	6.083512e-09
2.30838514e-06	6.324354e-09
2.30840361e-06	7.008340e-09
2.30842208e-06	7.263762e-09
2.30844055e-06	7.386301e-09
2.30845901e-06	6.879175e-09
2.30847748e-06	5.894578e-09
2.30849595e-06	5.049707e-09
2.30851442e-06	4.315844e-09
2.30853288e-06	5.542781e-09
2.30855135e-06	6.446937e-09
2.30856982e-06	6.649273e-09
2.30858829e-06	6.775904e-09
2.30860676e-06	7.145522e-09
2.30862523e-06	7.415137e-09
2.30864370e-06	6.861841e-09
2.30866217e-06	6.965001e-09
2.30868063e-06	7.467108e-09
2.30869911e-06	6.915039e-09
2.30871757e-06	6.327629e-09
2.30873604e-06	5.869997e-09
2.30875451e-06	6.092300e-09
2.30877298e-06	6.864034e-09
2.30879145e-06	6.259181e-09
2.30880992e-06	5.170525e-09
2.30882840e-06	5.202652e-09
2.30884687e-06	6.058399e-09
2.30886534e-06	5.816640e-09
2.30888381e-06	4.521806e-09
2.30890228e-06	2.631950e-09
2.30892075e-06	4.470669e-10
2.30893922e-06	2.709924e-10
2.30895769e-06	2.165294e-09
2.30897616e-06	3.726837e-09
2.30899464e-06	2.767004e-09
2.30901311e-06	4.240322e-09
2.30903158e-06	5.740684e-09
2.30905005e-06	5.883083e-09
2.30906852e-06	5.088357e-09
2.30908700e-06	3.785978e-09
2.30910547e-06	3.954772e-09
2.30912394e-06	4.132499e-09
2.30914242e-06	5.528648e-09
2.30916089e-06	5.020847e-09
2.30917936e-06	5.580662e-09
2.30919784e-06	3.257854e-09
2.30921631e-06	3.583859e-09
2.30923478e-06	5.551729e-09
2.30925326e-06	6.336453e-09
2.30927173e-06	7.038687e-09
2.30929021e-06	6.881364e-09
2.30930868e-06	7.310620e-09
2.30932715e-06	6.857669e-09
2.30934563e-06	5.762276e-09
2.30936410e-06	2.985567e-09
2.30938258e-06	4.632332e-09
2.30940105e-06	6.621050e-09
2.30941953e-06	6.468807e-09
2.30943800e-06	6.054604e-09
2.30945648e-06	5.475871e-09
2.30947495e-06	5.076386e-09
2.30949343e-06	5.723244e-09
2.30951191e-06	5.510586e-09
2.30953038e-06	4.850210e-09
2.30954886e-06	5.503416e-09
2.30956733e-06	6.323054e-09
2.30958581e-06	6.676885e-09
2.30960429e-06	6.192414e-09
2.30962277e-06	6.001040e-09
2.30964124e-06	5.349344e-09
2.30965972e-06	1.832562e-09
2.30967820e-06	4.091782e-10
2.30969667e-06	2.460523e-09
2.30971515e-06	5.465196e-09
2.30973363e-06	6.250998e-09
2.30975211e-06	4.561094e-09
2.30977059e-06	1.487756e-09
2.30978906e-06	2.251736e-09
2.30980754e-06	2.338728e-09
2.30982602e-06	2.677849e-09
2.30984450e-06	1.656668e-09
2.30986298e-06	5.453321e-09
2.30988146e-06	6.226287e-09
2.30989994e-06	5.773005e-09
2.30991842e-06	5.431212e-09
2.30993689e-06	3.548241e-09
2.30995537e-06	4.701709e-09
2.30997385e-06	5.796949e-09
2.30999233e-06	5.040207e-09
2.31001081e-06	4.337643e-09
2.31002929e-06	4.218012e-09
2.31004777e-06	1.400702e-09
2.31006625e-06	2.543519e-10
2.31008473e-06	8.440473e-10
2.31010321e-06	3.852168e-09
2.31012170e-06	4.240795e-09
2.31014018e-06	1.580087e-09
2.31015866e-06	3.983044e-09
2.31017714e-06	6.145690e-09
2.31019562e-06	6.542078e-09
2.31021410e-06	5.136136e-09
2.31023258e-06	5.703740e-09
2.31025107e-06	7.132687e-09
2.31026955e-06	7.526795e-09
2.31028803e-06	7.264610e-09
2.31030651e-06	7.090930e-09
2.31032499e-06	6.044809e-09
2.31034348e-06	5.204755e-09
2.31036196e-06	5.946869e-09
2.31038044e-06	4.751397e-09
2.31039893e-06	4.161520e-09
2.31041741e-06	5.201750e-09
2.31043589e-06	5.993813e-09
2.31045438e-06	4.496098e-09
2.31047286e-06	4.037447e-09
2.31049134e-06	5.074153e-09
2.31050983e-06	4.182167e-09
2.31052831e-06	5.751163e-09
2.31054680e-06	6.502277e-09
2.31056528e-06	6.174953e-09
2.31058377e-06	5.194830e-09
2.31060225e-06	6.329056e-09
2.31062073e-06	7.663244e-09
2.31063922e-06	7.190315e-09
2.31065770e-06	6.605969e-09
2.31067619e-06	7.012797e-09
2.31069467e-06	6.056753e-09
2.31071316e-06	6.023143e-09
2.31073165e-06	5.237889e-09
2.31075013e-06	5.439903e-09
2.31076862e-06	5.099081e-09
2.31078710e-06	5.687663e-09
2.31080559e-06	5.291763e-09
2.31082408e-06	5.972211e-09
2.31084256e-06	6.516055e-09
2.31086105e-06	6.137385e-09
2.31087954e-06	6.298032e-09
2.31089802e-06	5.157487e-09
2.31091651e-06	3.709868e-09
2.31093500e-06	4.551519e-09
2.31095349e-06	5.282987e-09
2.31097197e-06	3.653729e-09
2.31099046e-06	3.549899e-09
2.31100895e-06	4.072935e-09
2.31102744e-06	4.052549e-09
2.31104593e-06	6.439047e-09
2.31106441e-06	6.861383e-09
2.31108290e-06	6.060088e-09
2.31110139e-06	6.213729e-09
2.31111988e-06	6.329439e-09
2.31113837e-06	6.213585e-09
2.31115686e-06	5.348923e-09
2.31117535e-06	2.518236e-09
2.31119384e-06	5.030381e-10
2.31121233e-06	1.377949e-09
2.31123082e-06	3.141003e-10
2.31124931e-06	3.075491e-10
2.31126780e-06	2.694240e-09
2.31128629e-06	3.781525e-09
2.31130478e-06	4.478625e-09
2.31132327e-06	4.045152e-09
2.31134176e-06	4.073890e-09
2.31136025e-06	5.142588e-09
2.31137874e-06	5.947376e-09
2.31139723e-06	6.381542e-09
2.31141572e-06	5.485045e-09
2.31143421e-06	4.859087e-09
2.31145270e-06	5.504781e-09
2.31147120e-06	4.145406e-09
2.31148969e-06	5.213404e-09
2.31150818e-06	5.646754e-09
2.31152667e-06	4.749168e-09
2.31154516e-06	3.715230e-09
2.31156366e-06	8.503126e-10
2.31158215e-06	3.518554e-09
2.31160064e-06	5.982007e-09
2.31161913e-06	3.950786e-09
2.31163763e-06	1.406469e-09
2.31165612e-06	8.167919e-10
2.31167461e-06	2.757441e-09
2.31169311e-06	5.376369e-09
2.31171160e-06	6.218736e-09
2.31173009e-06	5.114485e-09
2.31174859e-06	5.447174e-09
2.31176708e-06	6.122957e-09
2.31178558e-06	4.836578e-09
2.31180407e-06	5.942790e-09
2.31182257e-06	6.280648e-09
2.31184106e-06	5.392957e-09
2.31185955e-06	5.656230e-09
2.31187805e-06	6.380916e-09
2.31189654e-06	2.880217e-09
2.31191504e-06	2.616038e-09
2.31193353e-06	5.532279e-09
2.31195203e-06	4.635678e-09
2.31197052e-06	6.000174e-09
2.31198902e-06	6.925504e-09
2.31200752e-06	6.225135e-09
2.31202601e-06	5.570266e-09
2.31204451e-06	3.843530e-09
2.31206301e-06	4.641903e-09
2.31208150e-06	5.370887e-09
2.31210000e-06	6.575519e-09
2.31211850e-06	6.400731e-09
2.31213699e-06	5.321223e-09
2.31215549e-06	6.420321e-09
2.31217399e-06	6.188212e-09
2.31219248e-06	4.562542e-09
2.31221098e-06	4.807170e-09
2.31222948e-06	5.033873e-09
2.31224798e-06	5.455880e-09
2.31226648e-06	5.734846e-09
2.31228497e-06	4.680233e-09
2.31230347e-06	3.806237e-09
2.31232197e-06	6.087326e-09
2.31234047e-06	5.358614e-09
2.31235897e-06	4.385907e-09
2.31237747e-06	4.126150e-09
2.31239596e-06	4.292677e-09
2.31241446e-06	4.114802e-09
2.31243296e-06	1.691024e-09
2.31245146e-06	2.563558e-10
2.31246996e-06	5.982632e-10
2.31248846e-06	3.378236e-09
2.31250696e-06	4.622062e-09
2.31252546e-06	5.346081e-09
2.31254396e-06	4.510986e-09
2.31256246e-06	5.482651e-09
2.31258096e-06	5.513443e-09
2.31259946e-06	4.984465e-09
2.31261796e-06	6.454683e-09
2.31263647e-06	6.496522e-09
2.31265497e-06	6.366941e-09
2.31267347e-06	7.138946e-09
2.31269197e-06	6.907737e-09
2.31271047e-06	5.615037e-09
2.31272897e-06	5.875432e-09
2.31274748e-06	6.024548e-09
2.31276598e-06	5.923185e-09
2.31278448e-06	7.072386e-09
2.31280298e-06	6.880042e-09
2.31282148e-06	6.511736e-09
2.31283999e-06	4.668973e-09
2.31285849e-06	3.565104e-09
2.31287699e-06	5.815234e-09
2.31289550e-06	6.254700e-09
2.31291400e-06	5.503494e-09
2.31293250e-06	5.230697e-09
2.31295100e-06	6.045412e-09
2.31296951e-06	5.620281e-09
2.31298801e-06	6.943483e-09
2.31300652e-06	6.088906e-09
2.31302502e-06	5.563708e-09
2.31304352e-06	5.696998e-09
2.31306203e-06	4.867791e-09
2.31308053e-06	4.991440e-09
2.31309904e-06	4.150906e-09
2.31311754e-06	2.290185e-09
2.31313605e-06	2.662454e-09
2.31315455e-06	4.768119e-09
2.31317306e-06	3.924935e-09
2.31319156e-06	5.312725e-09
2.31321007e-06	5.586088e-09
2.31322857e-06	3.621028e-09
2.31324708e-06	2.836999e-09
2.31326559e-06	5.944375e-09
2.31328409e-06	6.343251e-09
2.31330260e-06	6.042473e-09
2.31332111e-06	6.797410e-09
2.31333961e-06	7.447636e-09
2.31335812e-06	6.614892e-09
2.31337662e-06	6.003740e-09
2.31339513e-06	5.629454e-09
2.31341364e-06	5.696560e-09
2.31343215e-06	6.846023e-09
2.31345065e-06	7.309198e-09
2.31346916e-06	6.363927e-09
2.31348767e-06	6.368953e-09
2.31350618e-06	6.747124e-09
2.31352469e-06	6.529601e-09
2.31354319e-06	6.611737e-09
2.31356170e-06	5.980293e-09
2.31358021e-06	6.058312e-09
2.31359872e-06	4.637398e-09
2.31361723e-06	4.624480e-09
2.31363574e-06	5.296017e-09
2.31365425e-06	4.679066e-09
2.31367275e-06	3.642666e-09
2.31369127e-06	8.302477e-10
2.31370977e-06	2.549154e-10
2.31372828e-06	1.459271e-09
2.31374679e-06	4.136405e-09
2.31376530e-06	4.668243e-09
2.31378381e-06	4.523572e-09
2.31380232e-06	5.078206e-09
2.31382083e-06	3.798783e-09
2.31383935e-06	4.059937e-09
2.31385786e-06	5.336011e-09
2.31387637e-06	5.748530e-09
2.31389488e-06	5.351329e-09
2.31391339e-06	5.944186e-09
2.31393190e-06	5.997857e-09
2.31395041e-06	4.386615e-09
2.31396892e-06	4.928118e-09
2.31398744e-06	5.355668e-09
2.31400595e-06	4.214722e-09
2.31402446e-06	4.782171e-09
2.31404297e-06	1.516467e-09
2.31406148e-06	1.464434e-09
2.31408000e-06	4.667023e-09
2.31409851e-06	6.217344e-09
2.31411702e-06	5.871742e-09
2.31413553e-06	6.646937e-09
2.31415405e-06	6.273991e-09
2.31417256e-06	6.793109e-09
2.31419107e-06	6.506907e-09
2.31420959e-06	7.166246e-09
2.31422810e-06	6.804348e-09
2.31424662e-06	5.488018e-09
2.31426513e-06	6.098191e-09
2.31428364e-06	6.722600e-09
2.31430216e-06	7.308629e-09
2.31432067e-06	5.938236e-09
2.31433919e-06	5.945663e-09
2.31435770e-06	6.133263e-09
2.31437622e-06	4.353193e-09
2.31439473e-06	3.438887e-09
2.31441325e-06	5.768304e-09
2.31443176e-06	5.594786e-09
2.31445028e-06	6.196771e-09
2.31446879e-06	5.259546e-09
2.31448731e-06	5.068153e-09
2.31450582e-06	6.026004e-09
2.31452434e-06	5.460680e-09
2.31454286e-06	4.126111e-09
2.31456137e-06	5.667949e-09
2.31457989e-06	6.736889e-09
2.31459841e-06	6.640968e-09
2.31461692e-06	6.399237e-09
2.31463544e-06	6.376899e-09
2.31465396e-06	4.737356e-09
2.31467247e-06	8.632160e-10
2.31469099e-06	5.420244e-10
2.31470951e-06	3.390095e-09
2.31472803e-06	3.916823e-09
2.31474654e-06	3.430626e-09
2.31476506e-06	4.974920e-09
2.31478358e-06	5.785446e-09
2.31480210e-06	4.163071e-09
2.31482062e-06	4.095899e-09
2.31483913e-06	5.675537e-09
2.31485765e-06	4.358505e-09
2.31487617e-06	3.168167e-09
2.31489469e-06	5.001613e-09
2.31491321e-06	3.870000e-09
2.31493173e-06	3.913471e-09
2.31495025e-06	3.783115e-09
2.31496877e-06	1.219370e-09
2.31498729e-06	3.625271e-10
2.31500581e-06	2.546530e-10
2.31502433e-06	1.644625e-09
2.31504285e-06	3.953806e-09
2.31506137e-06	3.494258e-09
2.31507989e-06	4.180678e-09
2.31509841e-06	5.347292e-09
2.31511693e-06	4.227520e-09
2.31513545e-06	4.632605e-09
2.31515397e-06	5.960098e-09
2.31517250e-06	6.292572e-09
2.31519102e-06	6.869934e-09
2.31520954e-06	6.446589e-09
2.31522806e-06	5.285397e-09
2.31524658e-06	5.285994e-09
2.31526510e-06	5.771783e-09
2.31528362e-06	3.658916e-09
2.31530215e-06	9.120242e-10
2.31532067e-06	2.945887e-09
2.31533919e-06	5.462440e-09
2.31535771e-06	6.602964e-09
2.31537624e-06	7.005586e-09
2.31539476e-06	7.158823e-09
2.31541328e-06	6.134638e-09
2.31543181e-06	5.261716e-09
2.31545033e-06	5.704029e-09
2.31546885e-06	6.035164e-09
2.31548738e-06	5.754564e-09
2.31550590e-06	6.270426e-09
2.31552443e-06	6.136453e-09
2.31554295e-06	6.136900e-09
2.31556148e-06	6.250588e-09
2.31558000e-06	7.523387e-09
2.31559852e-06	5.848811e-09
2.31561705e-06	5.902647e-09
2.31563557e-06	7.162704e-09
2.31565410e-06	7.168295e-09
2.31567262e-06	7.001963e-09
2.31569115e-06	4.778424e-09
2.31570967e-06	3.952098e-09
2.31572820e-06	5.242949e-09
2.31574673e-06	5.374406e-09
2.31576525e-06	4.343445e-09
2.31578378e-06	4.874909e-09
2.31580231e-06	5.173604e-09
2.31582083e-06	3.693347e-09
2.31583936e-06	5.860870e-09
2.31585788e-06	5.026262e-09
2.31587641e-06	3.936520e-09
2.31589494e-06	6.077704e-09
2.31591347e-06	6.921649e-09
2.31593199e-06	7.293780e-09
2.31595052e-06	6.465409e-09
2.31596905e-06	5.622638e-09
2.31598758e-06	5.897456e-09
2.31600610e-06	5.052468e-09
2.31602463e-06	6.193713e-09
2.31604316e-06	7.217592e-09
2.31606169e-06	7.434702e-09
2.31608022e-06	6.693054e-09
2.31609875e-06	5.981984e-09
2.31611727e-06	4.954075e-09
2.31613580e-06	4.642221e-09
2.31615433e-06	4.563439e-09
2.31617286e-06	3.451390e-09
2.31619139e-06	5.379154e-09
2.31620992e-06	5.891957e-09
2.31622845e-06	4.668261e-09
2.31624698e-06	2.011855e-09
2.31626551e-06	2.589967e-09
2.31628404e-06	1.887077e-09
2.31630257e-06	2.164774e-09
2.31632110e-06	7.159540e-10
2.31633963e-06	2.533869e-10
2.31635816e-06	1.336396e-09
2.31637669e-06	3.790463e-09
2.31639522e-06	4.396584e-09
2.31641375e-06	3.515613e-09
2.31643229e-06	3.008530e-09
2.31645082e-06	4.511879e-09
2.31646935e-06	4.378222e-09
2.31648788e-06	5.567941e-09
2.31650641e-06	6.125612e-09
2.31652494e-06	6.022155e-09
2.31654348e-06	5.648289e-09
2.31656201e-06	1.449183e-09
2.31658054e-06	1.815135e-09
2.31659908e-06	4.946029e-09
2.31661761e-06	4.588747e-09
2.31663614e-06	5.223389e-09
2.31665467e-06	5.954324e-09
2.31667321e-06	5.774306e-09
2.31669174e-06	4.483314e-09
2.31671027e-06	5.974102e-09
2.31672881e-06	6.503134e-09
2.31674734e-06	6.562739e-09
2.31676587e-06	5.241981e-09
2.31678441e-06	6.480941e-09
2.31680294e-06	7.125599e-09
2.31682148e-06	4.945927e-09
2.31684001e-06	2.620103e-09
2.31685855e-06	5.058882e-09
2.31687708e-06	6.335491e-09
2.31689562e-06	6.349530e-09
2.31691415e-06	6.821486e-09
2.31693269e-06	6.291644e-09
2.31695122e-06	6.996918e-09
2.31696976e-06	7.190743e-09
2.31698830e-06	4.740213e-09
2.31700683e-06	4.192894e-09
2.31702537e-06	4.766717e-09
2.31704390e-06	3.721616e-09
2.31706244e-06	5.210285e-09
2.31708098e-06	6.297244e-09
2.31709951e-06	7.132487e-09
2.31711805e-06	6.775492e-09
2.31713659e-06	5.678431e-09
2.31715512e-06	1.379212e-09
2.31717366e-06	2.006630e-09
2.31719220e-06	5.842160e-09
2.31721073e-06	6.554124e-09
2.31722927e-06	5.962765e-09
2.31724781e-06	6.321045e-09
2.31726635e-06	6.817127e-09
2.31728489e-06	6.229420e-09
2.31730342e-06	6.620396e-09
2.31732196e-06	6.104749e-09
2.31734050e-06	5.836440e-09
2.31735904e-06	6.775410e-09
2.31737758e-06	6.775425e-09
2.31739612e-06	5.574096e-09
2.31741466e-06	5.113305e-09
2.31743320e-06	5.613994e-09
2.31745174e-06	3.928634e-09
2.31747028e-06	5.171401e-09
2.31748882e-06	3.479262e-09
2.31750736e-06	1.307477e-09
2.31752590e-06	4.502006e-09
2.31754444e-06	5.336613e-09
2.31756298e-06	5.323029e-09
2.31758152e-06	3.965677e-09
2.31760006e-06	6.236956e-10
2.31761860e-06	5.149055e-10
2.31763714e-06	3.609344e-09
2.31765568e-06	4.604243e-09
2.31767422e-06	3.807785e-09
2.31769276e-06	1.585387e-09
2.31771131e-06	2.642418e-10
2.31772985e-06	6.017511e-10
2.31774839e-06	2.958470e-09
2.31776693e-06	4.147318e-09
2.31778547e-06	2.378128e-09
2.31780401e-06	3.955844e-09
2.31782256e-06	5.341896e-09
2.31784110e-06	6.346097e-09
2.31785964e-06	6.545801e-09
2.31787819e-06	5.210453e-09
2.31789673e-06	4.676253e-09
2.31791527e-06	6.475295e-09
2.31793381e-06	6.429277e-09
2.31795236e-06	5.613741e-09
2.31797090e-06	6.220772e-09
2.31798945e-06	6.613652e-09
2.31800799e-06	5.014052e-09
2.31802653e-06	4.549492e-09
2.31804508e-06	5.195835e-09
2.31806362e-06	5.709370e-09
2.31808217e-06	5.797877e-09
2.31810071e-06	4.878919e-09
2.31811926e-06	6.401810e-09
2.31813780e-06	5.860893e-09
2.31815635e-06	3.605192e-09
2.31817489e-06	4.192553e-09
2.31819344e-06	6.856847e-09
2.31821198e-06	6.564995e-09
2.31823053e-06	4.495477e-09
2.31824907e-06	3.967138e-09
2.31826762e-06	2.362557e-09
2.31828617e-06	4.334719e-09
2.31830471e-06	6.434370e-09
2.31832326e-06	7.381829e-09
2.31834181e-06	6.737052e-09
2.31836035e-06	5.721103e-09
2.31837890e-06	5.992133e-09
2.31839745e-06	6.739711e-09
2.31841599e-06	7.170407e-09
2.31843454e-06	7.125276e-09
2.31845309e-06	4.966874e-09
2.31847164e-06	2.212061e-09
2.31849018e-06	6.785593e-10
2.31850873e-06	3.248600e-09
2.31852728e-06	5.215876e-09
2.31854583e-06	6.112505e-09
2.31856438e-06	6.896423e-09
2.31858292e-06	6.497886e-09
2.31860147e-06	5.647776e-09
2.31862002e-06	5.750723e-09
2.31863857e-06	5.196919e-09
2.31865712e-06	6.419734e-09
2.31867567e-06	6.234183e-09
2.31869422e-06	5.609305e-09
2.31871277e-06	5.953647e-09
2.31873132e-06	6.602167e-09
2.31874987e-06	6.574155e-09
2.31876842e-06	7.055081e-09
2.31878697e-06	7.551820e-09
2.31880552e-06	7.247000e-09
2.31882407e-06	6.072278e-09
2.31884262e-06	6.402941e-09
2.31886117e-06	5.546488e-09
2.31887972e-06	4.782524e-09
2.31889827e-06	5.484334e-09
2.31891682e-06	6.203637e-09
2.31893538e-06	5.837380e-09
2.31895393e-06	5.921810e-09
2.31897248e-06	6.224431e-09
2.31899103e-06	5.670654e-09
2.31900958e-06	5.569700e-09
2.31902813e-06	5.199529e-09
2.31904669e-06	5.166501e-09
2.31906524e-06	4.215899e-09
2.31908379e-06	4.344422e-09
2.31910234e-06	2.867983e-09
2.31912090e-06	3.207807e-10
2.31913945e-06	3.216873e-10
2.31915800e-06	2.826907e-09
2.31917656e-06	4.392568e-09
2.31919511e-06	5.390746e-09
2.31921366e-06	5.911057e-09
2.31923222e-06	5.946284e-09
2.31925077e-06	5.422841e-09
2.31926932e-06	5.710326e-09
2.31928788e-06	5.624649e-09
2.31930643e-06	5.135873e-09
2.31932499e-06	5.839509e-09
2.31934354e-06	4.201447e-09
2.31936210e-06	5.038842e-09
2.31938065e-06	5.852109e-09
2.31939921e-06	6.692819e-09
2.31941776e-06	6.773188e-09
2.31943632e-06	7.143051e-09
2.31945487e-06	6.179544e-09
2.31947343e-06	3.869279e-09
2.31949198e-06	4.401890e-09
2.31951054e-06	3.826397e-09
2.31952910e-06	3.223762e-09
2.31954765e-06	3.373252e-09
2.31956621e-06	2.390395e-09
2.31958477e-06	3.622959e-09
2.31960332e-06	6.515709e-09
2.31962188e-06	7.465849e-09
2.31964044e-06	7.534463e-09
2.31965899e-06	7.254698e-09
2.31967755e-06	5.808385e-09
2.31969611e-06	2.755621e-09
2.31971466e-06	4.384622e-09
2.31973322e-06	5.892245e-09
2.31975178e-06	7.088753e-09
2.31977034e-06	7.491166e-09
2.31978890e-06	7.316457e-09
2.31980746e-06	7.687666e-09
2.31982601e-06	7.481418e-09
2.31984457e-06	7.328069e-09
2.31986313e-06	6.691995e-09
2.31988169e-06	5.882588e-09
2.31990025e-06	6.743580e-09
2.31991881e-06	7.399602e-09
2.31993737e-06	7.512892e-09
2.31995593e-06	6.234686e-09
2.31997449e-06	5.691171e-09
2.31999305e-06	4.185161e-09
2.32001161e-06	1.602764e-09
2.32003017e-06	4.846613e-09
2.32004873e-06	6.675364e-09
2.32006729e-06	5.471705e-09
2.32008585e-06	5.175744e-09
2.32010441e-06	6.306579e-09
2.32012297e-06	7.095986e-09
2.32014153e-06	6.676902e-09
2.32016009e-06	7.052965e-09
2.32017865e-06	6.482501e-09
2.32019721e-06	6.507614e-09
2.32021577e-06	5.990907e-09
2.32023434e-06	6.091544e-09
2.32025290e-06	5.106735e-09
2.32027146e-06	2.003289e-09
2.32029002e-06	5.319123e-09
2.32030858e-06	7.103764e-09
2.32032715e-06	7.388479e-09
2.32034571e-06	6.329010e-09
2.32036427e-06	3.996303e-09
2.32038284e-06	3.573009e-09
2.32040140e-06	4.916927e-09
2.32041996e-06	1.837637e-09
2.32043853e-06	9.661178e-10
2.32045709e-06	4.894522e-09
2.32047565e-06	5.685032e-09
2.32049422e-06	4.851649e-09
2.32051278e-06	4.513347e-09
2.32053135e-06	3.368804e-09
2.32054991e-06	2.778144e-09
2.32056847e-06	9.261948e-10
2.32058704e-06	2.536773e-10
2.32060560e-06	9.442123e-10
2.32062417e-06	2.298057e-09
2.32064273e-06	4.087537e-09
2.32066130e-06	4.550158e-09
2.32067986e-06	4.769086e-09
2.32069843e-06	5.200775e-09
2.32071699e-06	5.520033e-09
2.32073556e-06	3.485393e-09
2.32075413e-06	3.938416e-09
2.32077269e-06	4.464942e-09
2.32079126e-06	6.212483e-09
2.32080982e-06	6.881616e-09
2.32082839e-06	6.992870e-09
2.32084696e-06	6.583127e-09
2.32086552e-06	5.494896e-09
2.32088409e-06	3.293888e-09
2.32090266e-06	4.156532e-09
2.32092123e-06	4.804197e-09
2.32093979e-06	3.781145e-09
2.32095836e-06	3.882896e-09
2.32097693e-06	5.819577e-09
2.32099550e-06	5.968776e-09
2.32101406e-06	5.214088e-09
2.32103263e-06	5.010137e-09
2.32105120e-06	4.327057e-09
2.32106977e-06	6.144936e-09
2.32108834e-06	7.296858e-09
2.32110691e-06	7.230903e-09
2.32112547e-06	5.653998e-09
2.32114404e-06	4.119248e-09
2.32116261e-06	5.234564e-09
2.32118118e-06	3.373101e-09
2.32119975e-06	8.624488e-10
2.32121832e-06	3.589724e-09
2.32123689e-06	5.908121e-09
2.32125546e-06	6.763722e-09
2.32127403e-06	5.950099e-09
2.32129260e-06	5.905235e-09
2.32131117e-06	4.274124e-09
2.32132974e-06	2.232684e-09
2.32134831e-06	3.000401e-09
2.32136688e-06	4.702551e-09
2.32138545e-06	7.000275e-09
2.32140403e-06	7.355629e-09
2.32142260e-06	7.223093e-09
2.32144117e-06	7.052951e-09
2.32145974e-06	7.240356e-09
2.32147831e-06	6.876270e-09
2.32149688e-06	4.901589e-09
2.32151545e-06	4.692848e-09
2.32153403e-06	5.538673e-09
2.32155260e-06	6.442262e-09
2.32157117e-06	7.272159e-09
2.32158974e-06	7.323115e-09
2.32160832e-06	6.909995e-09
2.32162689e-06	5.532454e-09
2.32164546e-06	2.693686e-09
2.32166404e-06	4.030503e-09
2.32168261e-06	6.281137e-09
2.32170118e-06	7.132271e-09
2.32171976e-06	7.078173e-09
2.32173833e-06	6.862956e-09
2.32175690e-06	6.735416e-09
2.32177548e-06	5.589416e-09
2.32179405e-06	3.868182e-09
2.32181263e-06	5.871530e-09
2.32183120e-06	5.585093e-09
2.32184978e-06	5.240949e-09
2.32186835e-06	5.311507e-09
2.32188692e-06	5.749607e-09
2.32190550e-06	5.294404e-09
2.32192408e-06	5.508673e-09
2.32194265e-06	1.591719e-09
2.32196123e-06	7.567306e-10
2.32197980e-06	4.693382e-09
2.32199838e-06	5.275141e-09
2.32201695e-06	4.933118e-09
2.32203553e-06	4.575957e-09
2.32205411e-06	3.266545e-09
2.32207268e-06	3.777023e-10
2.32209126e-06	2.718113e-10
2.32210984e-06	2.415179e-09
2.32212841e-06	4.414107e-09
2.32214699e-06	5.150840e-09
2.32216557e-06	4.937060e-09
2.32218414e-06	2.586140e-09
2.32220272e-06	2.481312e-09
2.32222130e-06	5.010977e-09
2.32223988e-06	5.011395e-09
2.32225846e-06	4.729306e-09
2.32227703e-06	6.468717e-09
2.32229561e-06	6.328055e-09
2.32231419e-06	5.114479e-09
2.32233277e-06	5.518819e-09
2.32235135e-06	5.127417e-09
2.32236993e-06	2.507071e-09
2.32238850e-06	3.166854e-09
2.32240708e-06	5.547719e-09
2.32242566e-06	5.950387e-09
2.32244424e-06	6.189639e-09
2.32246282e-06	4.017128e-09
2.32248140e-06	3.881435e-09
2.32249998e-06	4.675611e-09
2.32251856e-06	6.437187e-09
2.32253714e-06	5.688172e-09
2.32255572e-06	3.945394e-09
2.32257430e-06	3.863641e-09
2.32259288e-06	6.093337e-09
2.32261146e-06	5.762620e-09
2.32263005e-06	4.172366e-09
2.32264863e-06	7.382423e-10
2.32266721e-06	5.093414e-10
2.32268579e-06	1.020313e-09
2.32270437e-06	3.129083e-09
2.32272295e-06	1.802577e-09
2.32274153e-06	1.922366e-09
2.32276012e-06	1.336207e-09
2.32277870e-06	4.907397e-09
2.32279728e-06	5.430084e-09
2.32281586e-06	2.000511e-09
2.32283444e-06	3.371145e-09
2.32285303e-06	3.042318e-09
2.32287161e-06	1.200023e-09
2.32289019e-06	4.179925e-09
2.32290878e-06	3.435679e-09
2.32292736e-06	1.465067e-09
2.32294594e-06	3.682835e-09
2.32296453e-06	2.365785e-09
2.32298311e-06	5.288558e-09
2.32300169e-06	4.235319e-09
2.32302028e-06	8.985748e-10
2.32303886e-06	3.689826e-09
2.32305745e-06	5.963048e-09
2.32307603e-06	3.549751e-09
2.32309462e-06	1.622076e-09
2.32311320e-06	3.387997e-09
2.32313179e-06	2.849609e-09
2.32315037e-06	1.108832e-09
2.32316896e-06	6.870189e-10
2.32318754e-06	1.382560e-09
2.32320613e-06	1.813871e-09
2.32322471e-06	1.633079e-09
2.32324330e-06	5.171581e-09
2.32326188e-06	3.340614e-09
2.32328047e-06	2.050988e-09
2.32329906e-06	6.071599e-09
2.32331764e-06	6.249420e-09
2.32333623e-06	3.574426e-09
2.32335482e-06	2.424115e-09
2.32337340e-06	3.000729e-09
2.32339199e-06	5.301244e-09
2.32341058e-06	5.863392e-09
2.32342916e-06	4.774327e-09
2.32344775e-06	8.868490e-10
2.32346634e-06	2.617158e-09
2.32348493e-06	5.744228e-09
2.32350352e-06	6.297095e-09
2.32352210e-06	6.146590e-09
2.32354069e-06	4.051517e-09
2.32355928e-06	2.127062e-09
2.32357787e-06	3.860952e-09
2.32359646e-06	2.767420e-09
2.32361504e-06	2.976291e-10
2.32363363e-06	3.178553e-10
2.32365222e-06	2.699381e-09
2.32367081e-06	4.407569e-09
2.32368940e-06	5.175189e-09
2.32370799e-06	3.929757e-09
2.32372658e-06	9.458110e-10
2.32374517e-06	2.007144e-09
2.32376376e-06	4.090319e-09
2.32378235e-06	5.408422e-09
2.32380094e-06	2.673918e-09
2.32381953e-06	2.873744e-09
2.32383812e-06	5.789752e-09
2.32385671e-06	6.363314e-09
2.32387530e-06	6.463236e-09
2.32389389e-06	5.634953e-09
2.32391249e-06	5.537575e-09
2.32393108e-06	3.117532e-09
2.32394967e-06	3.585681e-09
2.32396826e-06	5.665994e-09
2.32398685e-06	5.004894e-09
2.32400544e-06	1.923929e-09
2.32402404e-06	4.330184e-10
2.32404263e-06	8.772013e-10
2.32406122e-06	1.873038e-09
2.32407981e-06	5.113314e-09
2.32409840e-06	4.962769e-09
2.32411700e-06	5.983547e-09
2.32413559e-06	6.750792e-09
2.32415418e-06	7.216127e-09
2.32417278e-06	6.882652e-09
2.32419137e-06	6.092577e-09
2.32420996e-06	6.482501e-09
2.32422856e-06	6.690918e-09
2.32424715e-06	6.782198e-09
2.32426575e-06	5.499749e-09
2.32428434e-06	2.638457e-09
2.32430293e-06	4.344110e-09
2.32432153e-06	6.303995e-09
2.32434012e-06	4.651079e-09
2.32435872e-06	4.471066e-09
2.32437731e-06	5.096600e-09
2.32439591e-06	2.591317e-09
2.32441450e-06	8.517287e-10
2.32443310e-06	4.605418e-09
2.32445169e-06	6.053661e-09
2.32447029e-06	4.913150e-09
2.32448888e-06	6.225740e-09
2.32450748e-06	7.015215e-09
2.32452608e-06	5.344809e-09
2.32454467e-06	4.622233e-09
2.32456327e-06	5.408691e-09
2.32458187e-06	6.640908e-09
2.32460046e-06	6.859555e-09
2.32461906e-06	5.861547e-09
2.32463766e-06	6.725212e-09
2.32465625e-06	6.098418e-09
2.32467485e-06	3.405145e-09
2.32469345e-06	4.067740e-09
2.32471205e-06	6.185356e-09
2.32473064e-06	3.738699e-09
2.32474924e-06	2.830837e-09
2.32476784e-06	5.220485e-09
2.32478644e-06	4.706150e-09
2.32480504e-06	7.826335e-10
2.32482363e-06	1.573590e-09
2.32484223e-06	4.152007e-09
2.32486083e-06	2.783444e-09
2.32487943e-06	3.761098e-09
2.32489803e-06	3.778712e-09
2.32491663e-06	4.551737e-09
2.32493523e-06	6.228206e-09
2.32495383e-06	6.214405e-09
2.32497243e-06	6.343151e-09
2.32499103e-06	5.156130e-09
2.32500963e-06	5.749252e-09
2.32502823e-06	6.274909e-09
2.32504683e-06	6.857848e-09
2.32506543e-06	6.781821e-09
2.32508403e-06	6.211541e-09
2.32510263e-06	4.622008e-09
2.32512123e-06	2.790407e-09
2.32513983e-06	4.589326e-09
2.32515843e-06	4.060827e-09
2.32517703e-06	2.479246e-09
2.32519563e-06	2.836384e-10
2.32521424e-06	3.665325e-10
2.32523284e-06	2.216666e-09
2.32525144e-06	6.219619e-10
2.32527004e-06	2.150933e-09
2.32528864e-06	4.876012e-09
2.32530725e-06	4.983546e-09
2.32532585e-06	4.778134e-09
2.32534445e-06	5.385520e-09
2.32536305e-06	6.634220e-09
2.32538166e-06	6.950405e-09
2.32540026e-06	6.503130e-09
2.32541886e-06	5.932909e-09
2.32543747e-06	5.958242e-09
2.32545607e-06	5.576876e-09
2.32547467e-06	6.667547e-09
2.32549328e-06	5.817635e-09
2.32551188e-06	5.299099e-09
2.32553048e-06	5.404599e-09
2.32554909e-06	5.760037e-09
2.32556769e-06	5.896597e-09
2.32558630e-06	4.581114e-09
2.32560490e-06	3.519582e-09
2.32562351e-06	4.879658e-09
2.32564211e-06	5.647466e-09
2.32566072e-06	4.093946e-09
2.32567932e-06	5.313157e-09
2.32569793e-06	6.043249e-09
2.32571654e-06	4.401772e-09
2.32573514e-06	5.398150e-10
2.32575375e-06	2.061308e-09
2.32577235e-06	5.420409e-09
2.32579096e-06	6.059051e-09
2.32580956e-06	6.676958e-09
2.32582817e-06	6.095597e-09
2.32584678e-06	2.950192e-09
2.32586538e-06	2.306187e-09
2.32588399e-06	2.283619e-09
2.32590260e-06	4.478931e-09
2.32592121e-06	5.227683e-09
2.32593981e-06	4.937577e-09
2.32595842e-06	3.511283e-09
2.32597703e-06	2.862483e-09
2.32599564e-06	2.682219e-09
2.32601424e-06	5.282044e-09
2.32603285e-06	5.522812e-09
2.32605146e-06	4.902247e-09
2.32607007e-06	5.342270e-09
2.32608868e-06	3.658578e-09
2.32610729e-06	3.406735e-09
2.32612590e-06	3.799773e-09
2.32614450e-06	6.348077e-09
2.32616311e-06	6.084882e-09
2.32618172e-06	5.274618e-09
2.32620033e-06	5.897000e-09
2.32621894e-06	5.679269e-09
2.32623755e-06	4.959834e-09
2.32625616e-06	9.034634e-10
2.32627477e-06	1.224464e-09
2.32629338e-06	2.835581e-09
2.32631199e-06	1.766369e-09
2.32633060e-06	3.643328e-09
2.32634921e-06	3.782773e-09
2.32636782e-06	4.951745e-09
2.32638643e-06	5.311153e-09
2.32640505e-06	5.122469e-09
2.32642366e-06	5.082700e-09
2.32644227e-06	4.462015e-09
2.32646088e-06	5.548290e-09
2.32647949e-06	5.982540e-09
2.32649810e-06	6.280429e-09
2.32651671e-06	6.350026e-09
2.32653533e-06	7.340976e-09
2.32655394e-06	6.409688e-09
2.32657255e-06	6.590792e-09
2.32659116e-06	6.642534e-09
2.32660978e-06	5.856727e-09
2.32662839e-06	4.315286e-09
2.32664700e-06	4.125374e-09
2.32666562e-06	5.032299e-09
2.32668423e-06	3.456029e-09
2.32670284e-06	5.306551e-09
2.32672146e-06	4.614260e-09
2.32674007e-06	4.690009e-09
2.32675869e-06	5.416282e-09
2.32677730e-06	4.625887e-09
2.32679591e-06	2.797836e-09
2.32681453e-06	3.433071e-10
2.32683314e-06	2.944419e-10
2.32685176e-06	2.280692e-09
2.32687037e-06	4.288317e-09
2.32688899e-06	4.689214e-09
2.32690760e-06	4.832183e-09
2.32692622e-06	5.321502e-09
2.32694483e-06	4.479331e-09
2.32696345e-06	4.886845e-09
2.32698206e-06	5.672897e-09
2.32700068e-06	5.849471e-09
2.32701930e-06	5.217647e-09
2.32703791e-06	6.092775e-09
2.32705653e-06	6.978383e-09
2.32707514e-06	6.059817e-09
2.32709376e-06	4.753218e-09
2.32711238e-06	3.601839e-09
2.32713099e-06	2.232512e-09
2.32714961e-06	3.788790e-09
2.32716823e-06	5.436018e-09
2.32718685e-06	4.819378e-09
2.32720546e-06	6.041379e-09
2.32722408e-06	6.299171e-09
2.32724270e-06	5.330130e-09
2.32726132e-06	6.932098e-09
2.32727993e-06	5.981324e-09
2.32729855e-06	3.777044e-09
2.32731717e-06	4.709540e-09
2.32733579e-06	6.586449e-09
2.32735441e-06	7.075588e-09
2.32737303e-06	6.024272e-09
2.32739165e-06	5.330668e-09
2.32741027e-06	4.408805e-09
2.32742888e-06	1.028010e-09
2.32744750e-06	8.629205e-10
2.32746612e-06	4.270925e-09
2.32748474e-06	5.763921e-09
2.32750336e-06	6.410336e-09
2.32752198e-06	6.143784e-09
2.32754060e-06	6.376460e-09
2.32755922e-06	6.300480e-09
2.32757784e-06	6.953438e-09
2.32759646e-06	5.243665e-09
2.32761509e-06	2.973271e-09
2.32763371e-06	5.550048e-09
2.32765233e-06	6.963104e-09
2.32767095e-06	6.365092e-09
2.32768957e-06	6.157890e-09
2.32770819e-06	6.622078e-09
2.32772681e-06	6.409433e-09
2.32774544e-06	6.765458e-09
2.32776406e-06	6.941885e-09
2.32778268e-06	6.900280e-09
2.32780130e-06	6.499929e-09
2.32781992e-06	5.332587e-09
2.32783855e-06	1.584558e-09
2.32785717e-06	1.057930e-09
2.32787579e-06	2.821914e-09
2.32789442e-06	4.513831e-09
2.32791304e-06	2.933684e-09
2.32793166e-06	3.273851e-09
2.32795028e-06	1.303796e-09
2.32796891e-06	1.152432e-09
2.32798753e-06	5.051066e-09
2.32800616e-06	6.184865e-09
2.32802478e-06	6.454300e-09
2.32804340e-06	5.755716e-09
2.32806203e-06	4.111313e-09
2.32808065e-06	6.087855e-10
2.32809928e-06	1.005441e-09
2.32811790e-06	4.237969e-09
2.32813653e-06	4.702457e-09
2.32815515e-06	5.204503e-09
2.32817378e-06	6.446578e-09
2.32819240e-06	5.688683e-09
2.32821103e-06	5.501685e-09
2.32822965e-06	4.779303e-09
2.32824828e-06	5.799069e-09
2.32826691e-06	6.420848e-09
2.32828553e-06	5.770369e-09
2.32830416e-06	3.543727e-09
2.32832279e-06	3.829866e-09
2.32834141e-06	5.625497e-09
2.32836004e-06	6.061986e-09
2.32837867e-06	5.626832e-09
2.32839729e-06	3.327265e-09
2.32841592e-06	1.545745e-09
2.32843455e-06	3.931152e-09
2.32845317e-06	3.209701e-09
2.32847180e-06	3.847196e-10
2.32849043e-06	2.702500e-10
2.32850906e-06	2.191359e-09
2.32852769e-06	3.919310e-09
2.32854631e-06	4.483875e-09
2.32856494e-06	5.703712e-09
2.32858357e-06	6.489907e-09
2.32860220e-06	6.332660e-09
2.32862083e-06	5.662615e-09
2.32863946e-06	3.868074e-09
2.32865809e-06	3.752972e-09
2.32867672e-06	4.268627e-09
2.32869535e-06	4.687731e-09
2.32871397e-06	1.680367e-09
2.32873260e-06	3.138702e-09
2.32875123e-06	4.425468e-09
2.32876987e-06	6.515110e-10
2.32878849e-06	1.034377e-09
2.32880712e-06	3.296932e-09
2.32882576e-06	4.146220e-09
2.32884439e-06	5.983115e-09
2.32886302e-06	6.377572e-09
2.32888165e-06	5.254696e-09
2.32890028e-06	4.814221e-09
2.32891891e-06	4.766092e-09
2.32893754e-06	4.665337e-09
2.32895617e-06	5.208904e-09
2.32897481e-06	6.049559e-09
2.32899344e-06	4.821361e-09
2.32901207e-06	4.759598e-09
2.32903070e-06	6.245239e-09
2.32904933e-06	6.229895e-09
2.32906797e-06	5.256680e-09
2.32908660e-06	2.675880e-09
2.32910523e-06	4.231396e-09
2.32912386e-06	6.750960e-09
2.32914250e-06	6.710803e-09
2.32916113e-06	6.188445e-09
2.32917976e-06	4.862175e-09
2.32919840e-06	1.453341e-09
2.32921703e-06	1.586978e-09
2.32923566e-06	5.634475e-09
2.32925430e-06	6.775542e-09
2.32927293e-06	6.315507e-09
2.32929157e-06	6.695898e-09
2.32931020e-06	7.364143e-09
2.32932883e-06	7.155721e-09
2.32934747e-06	6.042731e-09
2.32936610e-06	5.065651e-09
2.32938474e-06	4.160718e-09
2.32940337e-06	5.691897e-09
2.32942201e-06	4.925340e-09
2.32944065e-06	5.737717e-09
2.32945928e-06	4.656149e-09
2.32947792e-06	3.028129e-09
2.32949655e-06	1.276865e-09
2.32951519e-06	4.733187e-10
2.32953382e-06	4.001888e-09
2.32955246e-06	5.361181e-09
2.32957110e-06	6.171338e-09
2.32958973e-06	6.834664e-09
2.32960837e-06	7.303324e-09
2.32962701e-06	7.109554e-09
2.32964564e-06	6.189641e-09
2.32966428e-06	7.142800e-09
2.32968292e-06	7.687704e-09
2.32970156e-06	8.077321e-09
2.32972019e-06	8.008645e-09
2.32973883e-06	7.605258e-09
2.32975747e-06	6.728665e-09
2.32977611e-06	6.554019e-09
2.32979475e-06	4.532064e-09
2.32981338e-06	4.841833e-09
2.32983202e-06	6.983998e-09
2.32985066e-06	6.579346e-09
2.32986930e-06	5.334469e-09
2.32988794e-06	6.620252e-09
2.32990658e-06	6.521349e-09
2.32992522e-06	5.459281e-09
2.32994386e-06	5.379571e-09
2.32996250e-06	4.991401e-09
2.32998113e-06	5.868900e-09
2.32999977e-06	5.887355e-09
2.33001842e-06	2.669313e-09
2.33003706e-06	1.840032e-09
2.33005570e-06	5.339524e-09
2.33007434e-06	5.682123e-09
2.33009298e-06	4.176500e-09
2.33011162e-06	3.980586e-09
2.33013026e-06	4.371236e-09
2.33014890e-06	4.097789e-09
2.33016754e-06	1.307058e-09
2.33018618e-06	2.585449e-10
2.33020482e-06	8.001247e-10
2.33022347e-06	3.479512e-09
2.33024211e-06	3.939541e-09
2.33026075e-06	2.692250e-09
2.33027939e-06	3.941412e-10
2.33029803e-06	1.565370e-09
2.33031667e-06	4.850658e-09
2.33033532e-06	5.603445e-09
2.33035396e-06	5.891006e-09
2.33037260e-06	5.471909e-09
2.33039125e-06	2.937856e-09
2.33040989e-06	3.976359e-09
2.33042853e-06	5.842450e-09
2.33044718e-06	3.855144e-09
2.33046582e-06	2.312968e-09
2.33048446e-06	4.155971e-09
2.33050311e-06	4.407139e-09
2.33052175e-06	7.806116e-10
2.33054040e-06	1.219587e-09
2.33055904e-06	4.724015e-09
2.33057768e-06	3.461652e-09
2.33059633e-06	5.557721e-10
2.33061497e-06	2.445903e-09
2.33063362e-06	2.770033e-09
2.33065226e-06	2.508475e-09
2.33067091e-06	2.592902e-09
2.33068955e-06	3.297105e-09
2.33070820e-06	1.870170e-09
2.33072685e-06	3.819063e-09
2.33074549e-06	2.416616e-09
2.33076414e-06	4.179577e-09
2.33078278e-06	4.818200e-09
2.33080143e-06	3.742237e-09
2.33082008e-06	5.430026e-09
2.33083872e-06	6.235294e-09
2.33085737e-06	6.437997e-09
2.33087602e-06	5.834494e-09
2.33089466e-06	5.296477e-09
2.33091331e-06	6.092375e-09
2.33093196e-06	5.723303e-09
2.33095061e-06	5.115959e-09
2.33096925e-06	5.648510e-09
2.33098790e-06	4.744013e-09
2.33100655e-06	4.787389e-09
2.33102520e-06	3.332901e-09
2.33104384e-06	4.622047e-09
2.33106249e-06	5.102275e-09
2.33108114e-06	1.394078e-09
2.33109979e-06	4.705037e-10
2.33111844e-06	3.526782e-09
2.33113709e-06	4.903929e-09
2.33115574e-06	4.127394e-09
2.33117439e-06	3.961981e-09
2.33119304e-06	3.371427e-09
2.33121169e-06	5.812321e-10
2.33123033e-06	1.918435e-09
2.33124898e-06	3.798109e-09
2.33126763e-06	4.180719e-09
2.33128629e-06	6.104832e-09
2.33130493e-06	5.661816e-09
2.33132359e-06	5.545001e-09
2.33134224e-06	6.645051e-09
2.33136089e-06	6.015995e-09
2.33137954e-06	3.643725e-09
2.33139819e-06	4.835980e-09
2.33141684e-06	5.862909e-09
2.33143549e-06	5.561982e-09
2.33145414e-06	5.385177e-09
2.33147280e-06	6.391347e-09
2.33149145e-06	6.031702e-09
2.33151010e-06	5.906695e-09
2.33152875e-06	5.296714e-09
2.33154740e-06	3.374838e-09
2.33156606e-06	4.664729e-09
2.33158471e-06	4.389696e-09
2.33160336e-06	2.308844e-09
2.33162201e-06	3.549835e-09
2.33164067e-06	2.242909e-09
2.33165932e-06	1.617246e-09
2.33167797e-06	5.766357e-09
2.33169663e-06	6.086808e-09
2.33171528e-06	3.997692e-09
2.33173393e-06	2.239493e-09
2.33175259e-06	5.384590e-09
2.33177124e-06	4.943126e-09
2.33178990e-06	3.659939e-09
2.33180855e-06	5.272780e-09
2.33182720e-06	5.234637e-09
2.33184586e-06	5.531213e-09
2.33186451e-06	4.049970e-09
2.33188317e-06	3.910150e-09
2.33190182e-06	2.772436e-09
2.33192048e-06	3.863437e-10
2.33193913e-06	2.603338e-10
2.33195779e-06	4.726456e-10
2.33197644e-06	2.907699e-09
2.33199510e-06	3.803294e-09
2.33201376e-06	4.460800e-09
2.33203241e-06	5.928371e-09
2.33205107e-06	6.283081e-09
2.33206973e-06	6.136233e-09
2.33208838e-06	6.248617e-09
2.33210704e-06	4.609547e-09
2.33212570e-06	5.682460e-09
2.33214435e-06	6.450992e-09
2.33216301e-06	5.983759e-09
2.33218167e-06	6.262596e-09
2.33220033e-06	6.607516e-09
2.33221898e-06	4.685714e-09
2.33223764e-06	4.326678e-09
2.33225630e-06	3.366093e-09
2.33227496e-06	5.224421e-09
2.33229361e-06	6.820020e-09
2.33231227e-06	7.467547e-09
2.33233093e-06	6.967344e-09
2.33234959e-06	7.044623e-09
2.33236825e-06	6.852589e-09
2.33238691e-06	4.991462e-09
2.33240557e-06	4.516001e-09
2.33242423e-06	6.371070e-09
2.33244288e-06	6.666509e-09
2.33246154e-06	5.348963e-09
2.33248020e-06	4.346076e-09
2.33249886e-06	5.097303e-09
2.33251752e-06	6.516219e-09
2.33253618e-06	6.495316e-09
2.33255485e-06	3.672565e-09
2.33257350e-06	3.275877e-09
2.33259217e-06	5.292074e-09
2.33261083e-06	5.662451e-09
2.33262949e-06	6.972588e-09
2.33264815e-06	6.989882e-09
2.33266681e-06	6.360346e-09
2.33268547e-06	7.218404e-09
2.33270413e-06	7.064929e-09
2.33272279e-06	5.913177e-09
2.33274146e-06	4.622378e-09
2.33276012e-06	5.267395e-09
2.33277878e-06	4.277256e-09
2.33279744e-06	4.507682e-09
2.33281610e-06	4.164540e-09
2.33283477e-06	6.424229e-10
2.33285343e-06	4.955049e-10
2.33287209e-06	3.728178e-09
2.33289075e-06	1.538848e-09
2.33290942e-06	6.048558e-10
2.33292808e-06	4.243520e-09
2.33294675e-06	5.654173e-09
2.33296541e-06	6.158825e-09
2.33298407e-06	5.576529e-09
2.33300274e-06	5.779013e-09
2.33302140e-06	6.873555e-09
2.33304006e-06	6.424764e-09
2.33305873e-06	6.157421e-09
2.33307739e-06	6.307807e-09
2.33309606e-06	6.170376e-09
2.33311472e-06	5.322252e-09
2.33313339e-06	5.630563e-09
2.33315205e-06	4.312196e-09
2.33317072e-06	3.335633e-09
2.33318938e-06	5.625568e-09
2.33320805e-06	6.090937e-09
2.33322671e-06	4.081052e-09
2.33324538e-06	3.528847e-09
2.33326405e-06	5.055741e-09
2.33328271e-06	3.754280e-09
2.33330138e-06	5.824841e-09
2.33332004e-06	6.411118e-09
2.33333871e-06	6.346697e-09
2.33335738e-06	5.620024e-09
2.33337604e-06	4.723665e-09
2.33339471e-06	5.289834e-09
2.33341338e-06	5.121220e-09
2.33343205e-06	6.818686e-09
2.33345071e-06	7.006915e-09
2.33346938e-06	6.996347e-09
2.33348805e-06	6.344445e-09
2.33350672e-06	4.988831e-09
2.33352538e-06	3.576668e-09
2.33354405e-06	4.208962e-09
2.33356272e-06	3.336872e-09
2.33358139e-06	1.682582e-09
2.33360006e-06	5.115326e-09
2.33361873e-06	6.037382e-09
2.33363740e-06	5.215054e-09
2.33365607e-06	5.007761e-09
2.33367473e-06	4.579766e-09
2.33369340e-06	2.304279e-09
2.33371207e-06	2.787970e-10
2.33373074e-06	4.606141e-10
2.33374941e-06	2.863556e-09
2.33376808e-06	1.212570e-09
2.33378675e-06	3.974271e-10
2.33380542e-06	3.411322e-09
2.33382410e-06	5.345054e-09
2.33384277e-06	5.330695e-09
2.33386144e-06	5.876010e-09
2.33388011e-06	6.640466e-09
2.33389878e-06	6.240196e-09
2.33391745e-06	6.407685e-09
2.33393612e-06	5.654271e-09
2.33395479e-06	4.137719e-09
2.33397346e-06	6.081769e-09
2.33399213e-06	7.412673e-09
2.33401081e-06	7.130881e-09
2.33402948e-06	6.550461e-09
2.33404815e-06	6.084175e-09
2.33406682e-06	6.563657e-09
2.33408550e-06	7.380975e-09
2.33410417e-06	7.317267e-09
2.33412284e-06	5.814347e-09
2.33414152e-06	2.350306e-09
2.33416019e-06	9.742435e-10
2.33417886e-06	3.763770e-09
2.33419754e-06	3.217823e-09
2.33421621e-06	2.932564e-09
2.33423488e-06	4.841744e-09
2.33425356e-06	5.648375e-09
2.33427223e-06	5.488371e-09
2.33429090e-06	4.137601e-09
2.33430958e-06	2.093852e-09
2.33432825e-06	3.399908e-09
2.33434693e-06	4.018577e-09
2.33436560e-06	4.667720e-09
2.33438428e-06	5.952561e-09
2.33440295e-06	6.530335e-09
2.33442163e-06	4.742734e-09
2.33444030e-06	2.773714e-09
2.33445898e-06	4.147228e-09
2.33447765e-06	4.838933e-09
2.33449633e-06	5.289313e-09
2.33451501e-06	4.085707e-09
2.33453368e-06	5.048784e-09
2.33455236e-06	5.851834e-09
2.33457104e-06	4.832114e-09
2.33458971e-06	6.101642e-09
2.33460839e-06	6.475946e-09
2.33462706e-06	4.180088e-09
2.33464574e-06	3.889288e-09
2.33466442e-06	5.503059e-09
2.33468310e-06	6.369157e-09
2.33470177e-06	5.822226e-09
2.33472045e-06	4.963240e-09
2.33473913e-06	2.479877e-09
2.33475781e-06	3.773185e-10
2.33477648e-06	6.301096e-10
2.33479516e-06	2.696706e-09
2.33481384e-06	3.947671e-09
2.33483252e-06	3.440120e-09
2.33485120e-06	3.527546e-09
2.33486988e-06	3.242674e-09
2.33488856e-06	4.273990e-09
2.33490724e-06	6.642480e-09
2.33492591e-06	7.200739e-09
2.33494460e-06	6.876039e-09
2.33496327e-06	6.178041e-09
2.33498195e-06	3.413086e-09
2.33500063e-06	4.033672e-09
2.33501931e-06	6.764906e-09
2.33503799e-06	7.123374e-09
2.33505667e-06	7.239620e-09
2.33507535e-06	6.907325e-09
2.33509404e-06	4.926940e-09
2.33511272e-06	1.289035e-09
2.33513140e-06	1.236642e-09
2.33515008e-06	4.980972e-09
2.33516876e-06	5.480664e-09
2.33518744e-06	3.887197e-09
2.33520612e-06	4.353884e-09
2.33522480e-06	5.296858e-09
2.33524348e-06	4.024023e-09
2.33526217e-06	3.904725e-09
2.33528085e-06	5.146711e-09
2.33529953e-06	5.493532e-09
2.33531821e-06	5.097724e-09
2.33533690e-06	4.644962e-09
2.33535558e-06	4.900155e-09
2.33537426e-06	3.179940e-09
2.33539294e-06	2.842555e-09
2.33541163e-06	5.322283e-09
2.33543031e-06	5.716109e-09
2.33544900e-06	5.751128e-09
2.33546768e-06	5.140338e-09
2.33548636e-06	4.765206e-09
2.33550505e-06	4.328567e-09
2.33552373e-06	1.901734e-09
2.33554242e-06	2.657899e-10
2.33556110e-06	9.695675e-10
2.33557978e-06	4.119352e-09
2.33559847e-06	4.994118e-09
2.33561715e-06	4.870716e-09
2.33563584e-06	4.487510e-09
2.33565452e-06	2.929207e-09
2.33567321e-06	1.035382e-09
2.33569189e-06	3.442237e-09
2.33571058e-06	3.635480e-09
2.33572927e-06	3.390864e-09
2.33574795e-06	3.305458e-09
2.33576664e-06	6.405809e-10
2.33578532e-06	4.123453e-10
2.33580401e-06	3.396950e-09
2.33582269e-06	4.839499e-09
2.33584138e-06	5.871951e-09
2.33586007e-06	6.447148e-09
2.33587876e-06	5.973057e-09
2.33589744e-06	4.376231e-09
2.33591613e-06	4.490379e-09
2.33593482e-06	6.416803e-09
2.33595350e-06	6.225492e-09
2.33597219e-06	4.437953e-09
2.33599088e-06	5.120865e-09
2.33600957e-06	5.926750e-09
2.33602826e-06	5.992371e-09
2.33604694e-06	6.317048e-09
2.33606563e-06	7.038387e-09
2.33608432e-06	7.590882e-09
2.33610301e-06	7.767438e-09
2.33612170e-06	7.863228e-09
2.33614039e-06	7.352974e-09
2.33615908e-06	6.680607e-09
2.33617777e-06	6.770408e-09
2.33619646e-06	5.873346e-09
2.33621514e-06	5.947593e-09
2.33623383e-06	6.948220e-09
2.33625253e-06	6.134507e-09
2.33627121e-06	5.773097e-09
2.33628990e-06	5.374408e-09
2.33630860e-06	5.882819e-09
2.33632729e-06	4.273775e-09
2.33634598e-06	2.128023e-09
2.33636467e-06	2.836113e-09
2.33638336e-06	5.722710e-09
2.33640205e-06	5.236415e-09
2.33642074e-06	5.261909e-09
2.33643943e-06	6.532291e-09
2.33645812e-06	5.203152e-09
2.33647681e-06	6.462134e-09
2.33649551e-06	6.517268e-09
2.33651420e-06	6.417150e-09
2.33653289e-06	7.434951e-09
2.33655158e-06	6.649021e-09
2.33657028e-06	5.441224e-09
2.33658897e-06	6.633509e-09
2.33660766e-06	6.028873e-09
2.33662635e-06	5.693390e-09
2.33664505e-06	5.988246e-09
2.33666374e-06	6.293245e-09
2.33668243e-06	5.608433e-09
2.33670113e-06	2.782800e-09
2.33671982e-06	2.046567e-09
2.33673851e-06	3.563957e-09
2.33675721e-06	3.567245e-09
2.33677590e-06	5.149689e-09
2.33679460e-06	5.333735e-09
2.33681329e-06	3.636557e-09
2.33683198e-06	4.143083e-10
2.33685068e-06	9.215968e-10
2.33686937e-06	3.742896e-09
2.33688807e-06	4.147615e-09
2.33690676e-06	3.993815e-09
2.33692546e-06	4.374263e-09
2.33694415e-06	4.416870e-09
2.33696285e-06	4.832764e-09
2.33698155e-06	2.332443e-09
2.33700024e-06	3.079371e-09
2.33701894e-06	4.745616e-09
2.33703763e-06	5.465527e-09
2.33705633e-06	5.151651e-09
2.33707503e-06	5.862442e-09
2.33709372e-06	6.192656e-09
2.33711242e-06	6.128047e-09
2.33713112e-06	6.290254e-09
2.33714981e-06	5.421753e-09
2.33716851e-06	6.039018e-09
2.33718721e-06	7.117335e-09
2.33720591e-06	5.517803e-09
2.33722460e-06	4.593914e-09
2.33724330e-06	5.477582e-09
2.33726200e-06	5.334526e-09
2.33728070e-06	3.547017e-09
2.33729940e-06	3.589471e-09
2.33731809e-06	5.613358e-09
2.33733679e-06	5.951113e-09
2.33735549e-06	5.659329e-09
2.33737419e-06	4.809012e-09
2.33739289e-06	1.930918e-09
2.33741159e-06	2.676421e-10
2.33743029e-06	1.016383e-09
2.33744899e-06	4.315920e-09
2.33746769e-06	5.216128e-09
2.33748639e-06	4.574882e-09
2.33750509e-06	5.109978e-09
2.33752379e-06	5.776488e-09
2.33754249e-06	5.913984e-09
2.33756119e-06	6.011708e-09
2.33757989e-06	7.187226e-09
2.33759859e-06	7.251698e-09
2.33761729e-06	6.327588e-09
2.33763599e-06	4.715178e-09
2.33765469e-06	6.240879e-09
2.33767339e-06	6.162718e-09
2.33769209e-06	5.927231e-09
2.33771079e-06	5.288067e-09
2.33772950e-06	3.768838e-09
2.33774820e-06	1.622033e-09
2.33776690e-06	3.976313e-09
2.33778560e-06	5.929305e-09
2.33780431e-06	6.222192e-09
2.33782301e-06	6.333033e-09
2.33784171e-06	5.706413e-09
2.33786041e-06	5.852362e-09
2.33787912e-06	6.024630e-09
2.33789782e-06	5.102169e-09
2.33791652e-06	2.904002e-09
2.33793523e-06	4.023071e-10
2.33795393e-06	1.006706e-09
2.33797263e-06	3.387394e-09
2.33799134e-06	4.988958e-09
2.33801004e-06	5.747044e-09
2.33802874e-06	5.183327e-09
2.33804745e-06	4.255644e-09
2.33806615e-06	5.682862e-09
2.33808486e-06	5.671263e-09
2.33810356e-06	6.270311e-09
2.33812227e-06	5.285866e-09
2.33814097e-06	5.680173e-09
2.33815968e-06	5.879134e-09
2.33817838e-06	4.942362e-09
2.33819709e-06	3.891924e-09
2.33821579e-06	4.511931e-09
2.33823450e-06	2.017016e-09
2.33825321e-06	4.913036e-09
2.33827191e-06	5.438135e-09
2.33829062e-06	5.394439e-09
2.33830932e-06	5.113215e-09
2.33832803e-06	3.029115e-09
2.33834674e-06	3.083806e-09
2.33836544e-06	5.945305e-09
2.33838415e-06	5.696962e-09
2.33840286e-06	6.513043e-09
2.33842156e-06	6.298277e-09
2.33844027e-06	4.785428e-09
2.33845898e-06	2.650585e-09
2.33847769e-06	4.287433e-09
2.33849639e-06	5.405703e-09
2.33851510e-06	5.375588e-09
2.33853381e-06	4.189184e-09
2.33855252e-06	4.883725e-09
2.33857123e-06	4.907066e-09
2.33858994e-06	3.947076e-09
2.33860864e-06	4.505037e-09
2.33862735e-06	5.981217e-09
2.33864606e-06	5.805770e-09
2.33866477e-06	5.489181e-09
2.33868348e-06	4.159155e-09
2.33870219e-06	3.937658e-09
2.33872090e-06	1.955023e-09
2.33873961e-06	1.423864e-09
2.33875832e-06	3.478177e-09
2.33877703e-06	4.132241e-09
2.33879574e-06	6.019232e-09
2.33881445e-06	6.434349e-09
2.33883316e-06	6.937777e-09
2.33885187e-06	7.073881e-09
2.33887058e-06	5.204636e-09
2.33888929e-06	5.645733e-09
2.33890800e-06	5.593806e-09
2.33892672e-06	5.021889e-09
2.33894543e-06	2.939886e-09
2.33896414e-06	2.568876e-09
2.33898285e-06	5.276359e-09
2.33900156e-06	5.470263e-09
2.33902027e-06	5.066380e-09
2.33903899e-06	4.768423e-09
2.33905770e-06	3.298751e-09
2.33907641e-06	3.791256e-10
2.33909512e-06	7.417384e-10
2.33911384e-06	3.917080e-09
2.33913255e-06	5.262689e-09
2.33915126e-06	5.271294e-09
2.33916998e-06	5.146069e-09
2.33918869e-06	3.513337e-09
2.33920740e-06	4.027638e-09
2.33922612e-06	4.760226e-09
2.33924483e-06	5.565496e-09
2.33926354e-06	5.925756e-09
2.33928226e-06	4.458030e-09
2.33930097e-06	2.094873e-09
2.33931969e-06	2.825529e-10
2.33933840e-06	9.050720e-10
2.33935712e-06	4.446899e-09
2.33937583e-06	5.573008e-09
2.33939455e-06	5.803143e-09
2.33941326e-06	6.180748e-09
2.33943198e-06	6.177801e-09
2.33945069e-06	5.109027e-09
2.33946941e-06	2.710060e-09
2.33948812e-06	3.762120e-09
2.33950684e-06	6.066541e-09
2.33952556e-06	6.722765e-09
2.33954427e-06	6.705733e-09
2.33956299e-06	5.857589e-09
2.33958171e-06	5.306700e-09
2.33960042e-06	2.779563e-09
2.33961914e-06	2.217674e-09
2.33963785e-06	4.772233e-09
2.33965657e-06	3.558158e-09
2.33967529e-06	2.883723e-09
2.33969401e-06	6.196094e-09
2.33971272e-06	6.257170e-09
2.33973144e-06	5.021171e-09
2.33975016e-06	3.729509e-09
2.33976888e-06	5.325958e-09
2.33978760e-06	5.713802e-09
2.33980631e-06	5.662284e-09
2.33982503e-06	6.538304e-09
2.33984375e-06	5.752158e-09
2.33986247e-06	2.594730e-09
2.33988119e-06	4.682179e-10
2.33989991e-06	5.895764e-10
2.33991863e-06	3.535532e-09
2.33993735e-06	6.033692e-09
2.33995607e-06	5.258340e-09
2.33997479e-06	6.517657e-09
2.33999351e-06	6.796681e-09
2.34001223e-06	5.286268e-09
2.34003095e-06	2.758720e-09
2.34004967e-06	3.058025e-09
2.34006839e-06	3.101361e-09
2.34008711e-06	4.107231e-09
2.34010583e-06	5.698314e-09
2.34012455e-06	3.739590e-09
2.34014327e-06	4.881734e-09
2.34016199e-06	4.119951e-09
2.34018071e-06	4.317292e-09
2.34019943e-06	5.150213e-09
2.34021815e-06	5.521944e-09
2.34023688e-06	4.266786e-09
2.34025560e-06	5.539037e-10
2.34027432e-06	4.144672e-10
2.34029304e-06	2.163660e-09
2.34031177e-06	4.421337e-09
2.34033049e-06	5.240393e-09
2.34034921e-06	3.396605e-09
2.34036793e-06	1.943953e-09
2.34038666e-06	2.151861e-09
2.34040538e-06	2.045107e-09
2.34042410e-06	2.174501e-09
2.34044283e-06	1.767688e-09
2.34046155e-06	4.807180e-09
2.34048027e-06	6.231533e-09
2.34049900e-06	5.786707e-09
2.34051772e-06	2.197116e-09
2.34053644e-06	2.795707e-09
2.34055517e-06	4.555600e-09
2.34057389e-06	3.194609e-09
2.34059262e-06	4.238146e-09
2.34061134e-06	3.371711e-09
2.34063007e-06	2.787393e-09
2.34064879e-06	5.039034e-09
2.34066752e-06	3.758805e-09
2.34068624e-06	4.992343e-09
2.34070497e-06	7.150154e-09
2.34072369e-06	7.117345e-09
2.34074242e-06	7.053197e-09
2.34076115e-06	7.210557e-09
2.34077987e-06	5.930433e-09
2.34079860e-06	6.723181e-09
2.34081733e-06	6.170166e-09
2.34083605e-06	5.321809e-09
2.34085478e-06	6.296655e-09
2.34087350e-06	5.988831e-09
2.34089223e-06	5.878523e-09
2.34091096e-06	6.284620e-09
2.34092969e-06	6.038204e-09
2.34094841e-06	7.193534e-09
2.34096714e-06	6.574706e-09
2.34098587e-06	6.083567e-09
2.34100460e-06	6.073164e-09
2.34102333e-06	5.925452e-09
2.34104205e-06	5.073311e-09
2.34106078e-06	2.080665e-09
2.34107951e-06	5.895419e-10
2.34109824e-06	2.759955e-09
2.34111697e-06	4.368188e-09
2.34113570e-06	2.478539e-09
2.34115443e-06	4.486631e-10
2.34117315e-06	3.413261e-09
2.34119188e-06	5.481332e-09
2.34121061e-06	5.533516e-09
2.34122934e-06	5.066733e-09
2.34124807e-06	3.967331e-09
2.34126680e-06	3.961536e-10
2.34128553e-06	4.249544e-10
2.34130426e-06	4.498528e-09
2.34132299e-06	5.506992e-09
2.34134172e-06	3.651900e-09
2.34136045e-06	1.202409e-09
2.34137919e-06	4.535692e-09
2.34139792e-06	5.749698e-09
2.34141665e-06	5.177849e-09
2.34143538e-06	4.779518e-09
2.34145411e-06	3.435478e-09
2.34147284e-06	2.054382e-09
2.34149158e-06	3.251073e-10
2.34151031e-06	1.879849e-09
2.34152904e-06	4.325670e-09
2.34154777e-06	3.866361e-09
2.34156650e-06	4.583237e-09
2.34158524e-06	5.249653e-09
2.34160397e-06	6.453304e-09
2.34162270e-06	6.591780e-09
2.34164143e-06	6.672880e-09
2.34166017e-06	6.304157e-09
2.34167890e-06	4.808249e-09
2.34169763e-06	1.845912e-09
2.34171637e-06	1.838525e-09
2.34173510e-06	4.293060e-09
2.34175384e-06	5.383691e-09
2.34177257e-06	6.615096e-09
2.34179130e-06	6.029214e-09
2.34181004e-06	6.700505e-09
2.34182877e-06	6.563374e-09
2.34184751e-06	4.742681e-09
2.34186624e-06	2.831591e-09
2.34188498e-06	1.964064e-09
2.34190371e-06	4.797800e-09
2.34192245e-06	4.371651e-09
2.34194118e-06	3.247226e-09
2.34195992e-06	4.063965e-09
2.34197865e-06	5.017545e-09
2.34199739e-06	5.550876e-09
2.34201613e-06	4.975462e-09
2.34203486e-06	1.565543e-09
2.34205360e-06	3.795076e-10
2.34207233e-06	2.896727e-09
2.34209107e-06	4.616298e-09
2.34210981e-06	6.200862e-09
2.34212855e-06	6.713805e-09
2.34214728e-06	5.870796e-09
2.34216602e-06	4.510772e-09
2.34218476e-06	4.993061e-09
2.34220349e-06	6.600715e-09
2.34222223e-06	7.322028e-09
2.34224097e-06	7.426379e-09
2.34225971e-06	7.542898e-09
2.34227844e-06	7.910346e-09
2.34229718e-06	8.172498e-09
2.34231592e-06	7.395910e-09
2.34233466e-06	6.702498e-09
2.34235340e-06	7.370252e-09
2.34237214e-06	6.291391e-09
2.34239088e-06	5.773957e-09
2.34240962e-06	6.075226e-09
2.34242835e-06	5.873372e-09
2.34244709e-06	3.137424e-09
2.34246583e-06	4.616594e-09
2.34248457e-06	6.628948e-09
2.34250331e-06	7.183689e-09
2.34252205e-06	7.210040e-09
2.34254079e-06	5.171270e-09
2.34255953e-06	3.758597e-09
2.34257827e-06	4.549354e-09
2.34259702e-06	4.399132e-09
2.34261576e-06	5.341639e-09
2.34263450e-06	6.546667e-09
2.34265324e-06	6.720636e-09
2.34267198e-06	5.709623e-09
2.34269072e-06	4.658854e-09
2.34270946e-06	5.547710e-09
2.34272820e-06	4.226706e-09
2.34274695e-06	5.155216e-10
2.34276569e-06	3.922009e-10
2.34278443e-06	3.073086e-09
2.34280317e-06	5.024809e-09
2.34282191e-06	5.657269e-09
2.34284066e-06	4.233106e-09
2.34285940e-06	3.952451e-09
2.34287814e-06	4.653976e-09
2.34289689e-06	5.305164e-09
2.34291563e-06	6.210325e-09
2.34293437e-06	6.654885e-09
2.34295312e-06	6.720446e-09
2.34297186e-06	6.078668e-09
2.34299060e-06	5.089643e-09
2.34300935e-06	6.144739e-09
2.34302809e-06	7.026476e-09
2.34304684e-06	6.117051e-09
2.34306558e-06	4.880958e-09
2.34308432e-06	6.178923e-09
2.34310307e-06	6.802507e-09
2.34312181e-06	6.578410e-09
2.34314056e-06	6.475822e-09
2.34315930e-06	4.343395e-09
2.34317805e-06	5.323062e-09
2.34319679e-06	6.160609e-09
2.34321554e-06	4.853620e-09
2.34323429e-06	2.605334e-09
2.34325303e-06	1.823927e-09
2.34327178e-06	3.057184e-10
2.34329052e-06	3.071872e-09
2.34330927e-06	4.614732e-09
2.34332802e-06	6.095094e-09
2.34334676e-06	7.098282e-09
2.34336551e-06	6.893831e-09
2.34338426e-06	5.314347e-09
2.34340300e-06	6.042236e-09
2.34342175e-06	5.223369e-09
2.34344050e-06	5.062144e-09
2.34345925e-06	4.988391e-09
2.34347799e-06	2.787211e-09
2.34349674e-06	1.955783e-09
2.34351549e-06	4.735526e-09
2.34353424e-06	5.829791e-09
2.34355299e-06	5.737029e-09
2.34357173e-06	5.737805e-09
2.34359048e-06	4.510576e-09
2.34360923e-06	1.884311e-09
2.34362798e-06	1.359252e-09
2.34364673e-06	4.444495e-09
2.34366548e-06	2.980214e-09
2.34368423e-06	7.275298e-10
2.34370298e-06	1.992372e-09
2.34372173e-06	3.926021e-09
2.34374048e-06	6.182322e-09
2.34375923e-06	5.633399e-09
2.34377798e-06	5.724223e-09
2.34379673e-06	6.089315e-09
2.34381548e-06	3.308795e-09
2.34383423e-06	1.932281e-09
2.34385298e-06	4.064838e-09
2.34387173e-06	4.826293e-09
2.34389048e-06	6.302774e-09
2.34390923e-06	5.653272e-09
2.34392798e-06	5.483895e-09
2.34394673e-06	6.740462e-09
2.34396549e-06	6.223021e-09
2.34398424e-06	4.429487e-09
2.34400299e-06	5.344189e-09
2.34402174e-06	4.113680e-09
2.34404049e-06	3.091376e-09
2.34405925e-06	3.973004e-10
2.34407800e-06	5.902062e-10
2.34409675e-06	3.769531e-09
2.34411550e-06	4.883813e-09
2.34413426e-06	4.713256e-09
2.34415301e-06	5.546588e-09
2.34417176e-06	6.392927e-09
2.34419052e-06	6.482192e-09
2.34420927e-06	6.073710e-09
2.34422802e-06	6.181991e-09
2.34424678e-06	6.423932e-09
2.34426553e-06	6.801370e-09
2.34428429e-06	5.135044e-09
2.34430304e-06	4.966155e-09
2.34432179e-06	3.906331e-09
2.34434055e-06	4.911503e-09
2.34435930e-06	6.151284e-09
2.34437806e-06	5.923250e-09
2.34439681e-06	5.239975e-09
2.34441557e-06	5.010066e-09
2.34443432e-06	4.765465e-09
2.34445308e-06	1.736522e-09
2.34447183e-06	2.259374e-09
2.34449059e-06	4.193776e-09
2.34450935e-06	3.053908e-09
2.34452810e-06	4.227667e-09
2.34454686e-06	5.087044e-09
2.34456562e-06	4.362396e-09
2.34458437e-06	4.645627e-09
2.34460313e-06	5.926102e-09
2.34462189e-06	6.286234e-09
2.34464064e-06	5.577762e-09
2.34465940e-06	4.959734e-09
2.34467816e-06	3.471902e-09
2.34469691e-06	4.607237e-10
2.34471567e-06	4.397957e-10
2.34473443e-06	3.387682e-09
2.34475319e-06	4.180123e-09
2.34477195e-06	2.764487e-09
2.34479070e-06	6.869416e-10
2.34480946e-06	1.376501e-09
2.34482822e-06	3.162595e-09
2.34484698e-06	5.712090e-09
2.34486574e-06	5.601321e-09
2.34488450e-06	3.568359e-09
2.34490326e-06	3.901027e-09
2.34492202e-06	4.178527e-09
2.34494077e-06	4.708676e-09
2.34495953e-06	2.584364e-09
2.34497829e-06	4.350725e-09
2.34499705e-06	5.135631e-09
2.34501581e-06	3.326165e-09
2.34503457e-06	4.108444e-10
2.34505333e-06	7.217151e-10
2.34507209e-06	3.562202e-09
2.34509086e-06	2.898213e-09
2.34510962e-06	5.066701e-09
2.34512838e-06	6.513027e-09
2.34514714e-06	6.853229e-09
2.34516590e-06	6.220270e-09
2.34518466e-06	5.477618e-09
2.34520342e-06	5.290609e-09
2.34522218e-06	3.545297e-09
2.34524094e-06	2.092045e-09
2.34525971e-06	4.079096e-09
2.34527847e-06	3.935106e-09
2.34529723e-06	4.970129e-10
2.34531599e-06	8.833583e-10
2.34533476e-06	4.361170e-09
2.34535352e-06	4.862134e-09
2.34537228e-06	3.396948e-09
2.34539104e-06	3.054969e-09
2.34540981e-06	3.747781e-10
2.34542857e-06	6.424357e-10
2.34544733e-06	1.784132e-09
2.34546610e-06	3.004632e-09
2.34548486e-06	1.573430e-09
2.34550363e-06	2.679646e-09
2.34552239e-06	5.604153e-09
2.34554115e-06	5.848981e-09
2.34555992e-06	4.554984e-09
2.34557868e-06	5.723904e-09
2.34559745e-06	6.071703e-09
2.34561621e-06	2.110620e-09
2.34563498e-06	2.662530e-09
2.34565374e-06	5.688229e-09
2.34567251e-06	7.084421e-09
2.34569127e-06	6.340554e-09
2.34571004e-06	5.660688e-09
2.34572880e-06	6.865757e-09
2.34574757e-06	5.522769e-09
2.34576634e-06	5.489962e-09
2.34578510e-06	7.553660e-09
2.34580387e-06	7.916224e-09
2.34582263e-06	6.975665e-09
2.34584140e-06	4.632893e-09
2.34586017e-06	5.244232e-09
2.34587894e-06	7.345805e-09
2.34589770e-06	7.301333e-09
2.34591647e-06	7.405509e-09
2.34593524e-06	7.209306e-09
2.34595400e-06	6.697987e-09
2.34597277e-06	5.113431e-09
2.34599154e-06	4.199340e-09
2.34601031e-06	6.982948e-09
2.34602908e-06	7.762088e-09
2.34604784e-06	5.867833e-09
2.34606661e-06	5.085244e-09
2.34608538e-06	6.158691e-09
2.34610415e-06	5.540776e-09
2.34612292e-06	5.453620e-09
2.34614169e-06	6.558280e-09
2.34616046e-06	5.730629e-09
2.34617923e-06	4.015808e-09
2.34619800e-06	6.254930e-09
2.34621676e-06	7.146208e-09
2.34623553e-06	6.761374e-09
2.34625430e-06	6.438546e-09
2.34627307e-06	6.743668e-09
2.34629184e-06	6.999000e-09
2.34631061e-06	5.369633e-09
2.34632938e-06	5.191259e-09
2.34634816e-06	4.906489e-09
2.34636693e-06	5.119724e-09
2.34638570e-06	5.685256e-09
2.34640447e-06	5.239538e-09
2.34642324e-06	4.343624e-09
2.34644201e-06	1.157687e-09
2.34646078e-06	3.815993e-10
2.34647955e-06	2.928255e-09
2.34649833e-06	4.904170e-09
2.34651710e-06	5.855629e-09
2.34653587e-06	5.432210e-09
2.34655464e-06	6.406190e-09
2.34657341e-06	7.019302e-09
2.34659219e-06	6.372121e-09
2.34661096e-06	5.712233e-09
2.34662973e-06	5.864681e-09
2.34664851e-06	5.160447e-09
2.34666728e-06	5.323418e-09
2.34668605e-06	6.584762e-09
2.34670483e-06	6.997581e-09
2.34672360e-06	6.445202e-09
2.34674237e-06	6.151180e-09
2.34676115e-06	5.207008e-09
2.34677992e-06	3.576854e-09
2.34679870e-06	4.628178e-10
2.34681747e-06	5.253773e-10
2.34683625e-06	3.968604e-09
2.34685502e-06	5.144052e-09
2.34687379e-06	4.993856e-09
2.34689257e-06	2.425272e-09
2.34691134e-06	1.393351e-09
2.34693012e-06	2.636371e-09
2.34694889e-06	4.478371e-09
2.34696767e-06	5.530979e-09
2.34698645e-06	6.523052e-09
2.34700522e-06	6.245807e-09
2.34702400e-06	6.147521e-09
2.34704277e-06	6.738203e-09
2.34706155e-06	6.730097e-09
2.34708033e-06	7.115136e-09
2.34709910e-06	7.600812e-09
2.34711788e-06	7.214997e-09
2.34713666e-06	6.596840e-09
2.34715543e-06	4.635775e-09
2.34717421e-06	3.613344e-09
2.34719299e-06	1.941326e-09
2.34721177e-06	4.776559e-09
2.34723054e-06	5.091629e-09
2.34724932e-06	5.128771e-09
2.34726810e-06	5.556629e-09
2.34728688e-06	4.633932e-09
2.34730566e-06	4.562758e-09
2.34732444e-06	2.235604e-09
2.34734321e-06	5.612832e-09
2.34736199e-06	6.601214e-09
2.34738077e-06	6.504012e-09
2.34739955e-06	4.864568e-09
2.34741833e-06	2.767714e-09
2.34743711e-06	3.708155e-09
2.34745589e-06	5.968102e-09
2.34747467e-06	6.229086e-09
2.34749345e-06	4.171258e-09
2.34751223e-06	1.272775e-09
2.34753101e-06	3.148854e-09
2.34754979e-06	2.475120e-09
2.34756857e-06	3.095779e-09
2.34758735e-06	4.578585e-09
2.34760613e-06	6.081491e-09
2.34762491e-06	6.477194e-09
2.34764369e-06	4.722852e-09
2.34766247e-06	2.061908e-09
2.34768125e-06	3.715019e-09
2.34770004e-06	4.240279e-09
2.34771882e-06	3.856705e-09
2.34773760e-06	3.638077e-09
2.34775638e-06	4.677153e-09
2.34777516e-06	3.730863e-09
2.34779395e-06	4.895562e-09
2.34781273e-06	5.419378e-09
2.34783151e-06	5.771629e-09
2.34785029e-06	7.331955e-09
2.34786908e-06	6.655831e-09
2.34788786e-06	6.397497e-09
2.34790664e-06	7.420513e-09
2.34792542e-06	7.492737e-09
2.34794421e-06	6.966094e-09
2.34796299e-06	6.350806e-09
2.34798178e-06	6.841768e-09
2.34800056e-06	7.048789e-09
2.34801934e-06	5.904186e-09
2.34803813e-06	6.776009e-09
2.34805691e-06	6.837385e-09
2.34807570e-06	6.385324e-09
2.34809448e-06	5.751421e-09
2.34811327e-06	4.807863e-09
2.34813205e-06	4.065887e-09
2.34815084e-06	4.237320e-09
2.34816962e-06	5.761309e-09
2.34818841e-06	5.565127e-09
2.34820719e-06	4.398066e-09
2.34822598e-06	9.621180e-10
2.34824476e-06	3.487679e-10
2.34826355e-06	2.936789e-09
2.34828234e-06	4.874115e-09
2.34830112e-06	5.840728e-09
2.34831991e-06	6.551266e-09
2.34833869e-06	5.939467e-09
2.34835748e-06	6.174409e-09
2.34837627e-06	5.898322e-09
2.34839506e-06	6.586742e-09
2.34841384e-06	5.807895e-09
2.34843263e-06	5.388093e-09
2.34845142e-06	5.375678e-09
2.34847021e-06	6.721816e-09
2.34848899e-06	6.442836e-09
2.34850778e-06	6.396760e-09
2.34852657e-06	4.789845e-09
2.34854536e-06	4.675740e-09
2.34856415e-06	5.670952e-09
2.34858293e-06	5.995772e-09
2.34860172e-06	5.838950e-09
2.34862051e-06	7.264951e-09
2.34863930e-06	7.096730e-09
2.34865809e-06	5.846501e-09
2.34867688e-06	2.687309e-09
2.34869567e-06	3.058861e-09
2.34871446e-06	5.122393e-09
2.34873325e-06	4.993960e-09
2.34875204e-06	6.939221e-09
2.34877083e-06	7.390132e-09
2.34878962e-06	6.106779e-09
2.34880841e-06	5.149903e-09
2.34882720e-06	4.569169e-09
2.34884599e-06	4.667848e-09
2.34886478e-06	6.364989e-09
2.34888357e-06	6.198092e-09
2.34890236e-06	6.656744e-09
2.34892115e-06	7.413837e-09
2.34893994e-06	7.257243e-09
2.34895873e-06	4.408319e-09
2.34897753e-06	5.556301e-09
2.34899632e-06	4.673630e-09
2.34901511e-06	3.901484e-09
2.34903390e-06	6.460694e-09
2.34905269e-06	6.650155e-09
2.34907149e-06	6.663816e-09
2.34909028e-06	6.056052e-09
2.34910907e-06	5.374865e-09
2.34912787e-06	6.199588e-09
2.34914666e-06	5.915690e-09
2.34916545e-06	4.872629e-09
2.34918425e-06	5.582581e-09
2.34920304e-06	4.571423e-09
2.34922183e-06	5.138870e-09
2.34924063e-06	4.774717e-09
2.34925942e-06	6.266474e-09
2.34927821e-06	6.767476e-09
2.34929701e-06	3.743802e-09
2.34931580e-06	4.413928e-09
2.34933460e-06	4.847238e-09
2.34935339e-06	3.342259e-09
2.34937219e-06	2.103188e-09
2.34939098e-06	4.096296e-09
2.34940978e-06	4.678670e-09
2.34942857e-06	1.851012e-09
2.34944737e-06	4.663232e-09
2.34946616e-06	5.231642e-09
2.34948496e-06	3.345082e-09
2.34950375e-06	3.477636e-10
2.34952255e-06	2.877541e-09
2.34954135e-06	5.660867e-09
2.34956014e-06	6.232395e-09
2.34957894e-06	5.347102e-09
2.34959774e-06	6.364951e-09
2.34961653e-06	4.433940e-09
2.34963533e-06	3.525402e-09
2.34965413e-06	4.613950e-09
2.34967292e-06	3.199025e-09
2.34969172e-06	2.714063e-09
2.34971052e-06	3.569632e-10
2.34972932e-06	1.106958e-09
2.34974812e-06	3.357419e-09
2.34976691e-06	1.001935e-09
2.34978571e-06	3.634439e-09
2.34980451e-06	4.321363e-09
2.34982331e-06	3.249757e-09
2.34984211e-06	7.540733e-10
2.34986090e-06	2.756623e-09
2.34987970e-06	3.916206e-09
2.34989850e-06	4.622368e-09
2.34991730e-06	6.500203e-09
2.34993610e-06	6.305648e-09
2.34995490e-06	6.717715e-09
2.34997370e-06	5.370328e-09
