2.30001633e-06	7.634543e-09
2.30003473e-06	5.584204e-09
2.30005313e-06	7.246780e-09
2.30007153e-06	6.009826e-09
2.30008993e-06	5.650262e-09
2.30010833e-06	8.048681e-09
2.30012673e-06	8.386657e-09
2.30014513e-06	8.227564e-09
2.30016353e-06	7.772349e-09
2.30018194e-06	8.056325e-09
2.30020034e-06	8.179625e-09
2.30021874e-06	8.785386e-09
2.30023714e-06	8.194661e-09
2.30025554e-06	7.402870e-09
2.30027395e-06	7.221870e-09
2.30029235e-06	6.543464e-09
2.30031075e-06	7.228727e-09
2.30032915e-06	7.761088e-09
2.30034756e-06	8.309664e-09
2.30036596e-06	7.077725e-09
2.30038436e-06	6.207351e-09
2.30040276e-06	6.854835e-09
2.30042117e-06	6.771550e-09
2.30043957e-06	7.245769e-09
2.30045797e-06	7.365401e-09
2.30047638e-06	6.237632e-09
2.30049478e-06	4.530037e-09
2.30051319e-06	4.065951e-09
2.30053159e-06	2.073401e-09
2.30054999e-06	1.344104e-09
2.30056840e-06	4.869216e-09
2.30058680e-06	5.464826e-09
2.30060521e-06	2.377960e-09
2.30062361e-06	4.398663e-09
2.30064202e-06	6.211868e-09
2.30066042e-06	6.443542e-09
2.30067883e-06	6.998915e-09
2.30069723e-06	7.037758e-09
2.30071564e-06	6.005083e-09
2.30073404e-06	1.900605e-09
2.30075245e-06	2.345973e-09
2.30077086e-06	6.413558e-09
2.30078926e-06	7.082208e-09
2.30080767e-06	7.334482e-09
2.30082608e-06	7.279682e-09
2.30084448e-06	7.420379e-09
2.30086289e-06	7.409738e-09
2.30088129e-06	7.401869e-09
2.30089970e-06	7.302599e-09
2.30091811e-06	7.499603e-09
2.30093652e-06	7.591372e-09
2.30095492e-06	7.649047e-09
2.30097333e-06	6.021536e-09
2.30099174e-06	5.715397e-09
2.30101015e-06	6.086691e-09
2.30102856e-06	6.047481e-09
2.30104696e-06	7.106059e-09
2.30106537e-06	6.925500e-09
2.30108378e-06	4.075988e-09
2.30110219e-06	2.366743e-09
2.30112060e-06	6.086403e-09
2.30113901e-06	7.480507e-09
2.30115742e-06	8.007793e-09
2.30117583e-06	7.776743e-09
2.30119423e-06	6.406158e-09
2.30121265e-06	5.599313e-09
2.30123105e-06	6.908515e-09
2.30124946e-06	6.894627e-09
2.30126787e-06	6.541240e-09
2.30128628e-06	4.266823e-09
2.30130469e-06	1.543720e-09
2.30132310e-06	1.355764e-09
2.30134152e-06	3.050567e-09
2.30135993e-06	4.657651e-09
2.30137834e-06	5.250820e-09
2.30139675e-06	2.139847e-09
2.30141516e-06	4.035923e-09
2.30143357e-06	7.437022e-09
2.30145198e-06	7.790400e-09
2.30147039e-06	6.322203e-09
2.30148881e-06	2.716195e-09
2.30150722e-06	2.016808e-09
2.30152563e-06	6.060967e-09
2.30154404e-06	7.424250e-09
2.30156245e-06	7.523403e-09
2.30158087e-06	7.229606e-09
2.30159928e-06	7.900961e-09
2.30161769e-06	7.947911e-09
2.30163611e-06	6.696464e-09
2.30165452e-06	6.247324e-09
2.30167293e-06	6.476719e-09
2.30169135e-06	7.400453e-09
2.30170976e-06	7.896206e-09
2.30172817e-06	8.357379e-09
2.30174659e-06	7.940523e-09
2.30176500e-06	6.860878e-09
2.30178341e-06	8.155390e-09
2.30180183e-06	7.783937e-09
2.30182024e-06	6.757277e-09
2.30183866e-06	7.644098e-09
2.30185707e-06	7.146042e-09
2.30187549e-06	6.619480e-09
2.30189390e-06	7.250620e-09
2.30191232e-06	8.160831e-09
2.30193073e-06	7.825904e-09
2.30194915e-06	7.692390e-09
2.30196756e-06	8.281853e-09
2.30198598e-06	8.010485e-09
2.30200440e-06	7.344143e-09
2.30202281e-06	5.852680e-09
2.30204123e-06	6.041169e-09
2.30205964e-06	6.784770e-09
2.30207806e-06	6.868493e-09
2.30209648e-06	5.789695e-09
2.30211489e-06	1.685037e-09
2.30213331e-06	1.352653e-09
2.30215173e-06	4.683585e-09
2.30217014e-06	6.801034e-09
2.30218856e-06	7.401830e-09
2.30220698e-06	7.759363e-09
2.30222540e-06	7.524384e-09
2.30224381e-06	7.618858e-09
2.30226223e-06	6.445254e-09
2.30228065e-06	5.707822e-09
2.30229907e-06	7.230227e-09
2.30231749e-06	7.452363e-09
2.30233591e-06	7.739852e-09
2.30235433e-06	8.255452e-09
2.30237274e-06	8.425912e-09
2.30239116e-06	8.557812e-09
2.30240958e-06	7.907916e-09
2.30242800e-06	7.551485e-09
2.30244642e-06	7.948704e-09
2.30246484e-06	8.054913e-09
2.30248326e-06	8.089454e-09
2.30250168e-06	7.948306e-09
2.30252010e-06	7.743453e-09
2.30253852e-06	7.130393e-09
2.30255694e-06	7.729339e-09
2.30257536e-06	8.091644e-09
2.30259378e-06	8.066103e-09
2.30261220e-06	7.722855e-09
2.30263062e-06	7.740371e-09
2.30264904e-06	7.540750e-09
2.30266747e-06	7.556772e-09
2.30268589e-06	8.330999e-09
2.30270431e-06	7.992099e-09
2.30272273e-06	7.372611e-09
2.30274115e-06	6.379516e-09
2.30275957e-06	2.431532e-09
2.30277800e-06	3.139032e-09
2.30279642e-06	5.134878e-09
2.30281484e-06	4.984237e-09
2.30283326e-06	7.119767e-09
2.30285168e-06	7.293169e-09
2.30287011e-06	7.732238e-09
2.30288853e-06	7.595934e-09
2.30290695e-06	6.819789e-09
2.30292538e-06	6.112103e-09
2.30294380e-06	6.069739e-09
2.30296222e-06	2.856345e-09
2.30298065e-06	1.335393e-09
2.30299907e-06	2.079580e-09
2.30301750e-06	4.374450e-09
2.30303592e-06	5.472985e-09
2.30305434e-06	7.171562e-09
2.30307277e-06	7.416591e-09
2.30309119e-06	7.462909e-09
2.30310962e-06	7.044850e-09
2.30312804e-06	5.906846e-09
2.30314647e-06	7.549538e-09
2.30316489e-06	8.084261e-09
2.30318332e-06	7.289951e-09
2.30320174e-06	4.600834e-09
2.30322017e-06	5.542301e-09
2.30323860e-06	8.283257e-09
2.30325702e-06	8.330033e-09
2.30327545e-06	7.763192e-09
2.30329387e-06	6.754592e-09
2.30331230e-06	4.414423e-09
2.30333073e-06	3.926922e-09
2.30334915e-06	4.807322e-09
2.30336758e-06	6.413793e-09
2.30338601e-06	8.087111e-09
2.30340443e-06	8.505461e-09
2.30342286e-06	9.161351e-09
2.30344129e-06	8.714600e-09
2.30345972e-06	8.027893e-09
2.30347814e-06	8.097870e-09
2.30349657e-06	8.332806e-09
2.30351500e-06	8.385963e-09
2.30353343e-06	7.498039e-09
2.30355186e-06	7.090969e-09
2.30357028e-06	6.533419e-09
2.30358871e-06	4.962075e-09
2.30360714e-06	5.323570e-09
2.30362557e-06	6.644166e-09
2.30364400e-06	7.137895e-09
2.30366243e-06	8.084741e-09
2.30368086e-06	7.781102e-09
2.30369929e-06	7.705520e-09
2.30371772e-06	7.097699e-09
2.30373615e-06	5.680065e-09
2.30375458e-06	5.388797e-09
2.30377301e-06	4.870575e-09
2.30379144e-06	5.920646e-09
2.30380987e-06	5.264512e-09
2.30382830e-06	5.203596e-09
2.30384673e-06	4.585508e-09
2.30386516e-06	1.341098e-09
2.30388359e-06	1.468341e-09
2.30390202e-06	4.453690e-09
2.30392045e-06	4.637310e-09
2.30393888e-06	6.303919e-09
2.30395731e-06	6.190703e-09
2.30397575e-06	6.901258e-09
2.30399418e-06	7.606401e-09
2.30401261e-06	7.633027e-09
2.30403104e-06	8.248097e-09
2.30404947e-06	7.930137e-09
2.30406791e-06	7.366216e-09
2.30408634e-06	7.318403e-09
2.30410477e-06	7.530482e-09
2.30412321e-06	8.315092e-09
2.30414164e-06	8.483394e-09
2.30416007e-06	7.858346e-09
2.30417850e-06	7.701705e-09
2.30419694e-06	7.731519e-09
2.30421537e-06	6.833000e-09
2.30423381e-06	6.936614e-09
2.30425224e-06	8.024285e-09
2.30427067e-06	7.472393e-09
2.30428911e-06	7.454706e-09
2.30430754e-06	7.635863e-09
2.30432598e-06	6.852848e-09
2.30434441e-06	7.608521e-09
2.30436285e-06	8.426693e-09
2.30438128e-06	9.244652e-09
2.30439971e-06	8.867419e-09
2.30441815e-06	8.855235e-09
2.30443659e-06	8.668965e-09
2.30445502e-06	7.560528e-09
2.30447346e-06	7.614794e-09
2.30449189e-06	7.462604e-09
2.30451033e-06	7.828912e-09
2.30452877e-06	7.858196e-09
2.30454720e-06	8.414070e-09
2.30456564e-06	8.042346e-09
2.30458407e-06	8.191481e-09
2.30460251e-06	8.180380e-09
2.30462095e-06	7.419986e-09
2.30463938e-06	6.819602e-09
2.30465782e-06	7.498173e-09
2.30467626e-06	8.102767e-09
2.30469470e-06	7.426644e-09
2.30471313e-06	6.411545e-09
2.30473157e-06	4.439467e-09
2.30475001e-06	5.065079e-09
2.30476845e-06	5.943335e-09
2.30478688e-06	2.487812e-09
2.30480532e-06	1.329518e-09
2.30482376e-06	3.314675e-09
2.30484220e-06	6.131923e-09
2.30486064e-06	5.890011e-09
2.30487908e-06	5.991938e-09
2.30489752e-06	6.719371e-09
2.30491596e-06	6.432612e-09
2.30493440e-06	3.333142e-09
2.30495284e-06	4.858918e-09
2.30497128e-06	4.567409e-09
2.30498972e-06	3.799405e-09
2.30500815e-06	5.822969e-09
2.30502660e-06	7.403951e-09
2.30504504e-06	6.371045e-09
2.30506347e-06	6.635940e-09
2.30508192e-06	6.806633e-09
2.30510036e-06	6.915855e-09
2.30511880e-06	7.195153e-09
2.30513724e-06	7.672488e-09
2.30515568e-06	7.295317e-09
2.30517412e-06	7.408755e-09
2.30519256e-06	7.766595e-09
2.30521100e-06	6.843042e-09
2.30522944e-06	7.256030e-09
2.30524789e-06	7.376307e-09
2.30526633e-06	7.371220e-09
2.30528477e-06	7.627988e-09
2.30530321e-06	7.803869e-09
2.30532166e-06	6.475295e-09
2.30534010e-06	6.820987e-09
2.30535854e-06	7.395453e-09
2.30537698e-06	7.194660e-09
2.30539543e-06	5.896047e-09
2.30541387e-06	1.986332e-09
2.30543231e-06	4.549439e-09
2.30545076e-06	6.533296e-09
2.30546920e-06	5.514359e-09
2.30548764e-06	3.095289e-09
2.30550609e-06	5.643736e-09
2.30552453e-06	7.668882e-09
2.30554298e-06	8.147567e-09
2.30556142e-06	7.895403e-09
2.30557987e-06	7.536776e-09
2.30559831e-06	7.466407e-09
2.30561675e-06	6.813293e-09
2.30563520e-06	2.618179e-09
2.30565365e-06	1.450229e-09
2.30567209e-06	5.022634e-09
2.30569054e-06	6.157098e-09
2.30570898e-06	6.858620e-09
2.30572743e-06	6.107971e-09
2.30574587e-06	5.381244e-09
2.30576432e-06	1.437896e-09
2.30578276e-06	1.324432e-09
2.30580121e-06	4.169024e-09
2.30581966e-06	6.602543e-09
2.30583810e-06	7.293919e-09
2.30585655e-06	6.376000e-09
2.30587500e-06	4.833960e-09
2.30589344e-06	4.291266e-09
2.30591189e-06	6.179655e-09
2.30593034e-06	7.087685e-09
2.30594879e-06	6.477946e-09
2.30596723e-06	6.567625e-09
2.30598568e-06	6.229094e-09
2.30600413e-06	7.373083e-09
2.30602258e-06	8.110013e-09
2.30604102e-06	8.397463e-09
2.30605947e-06	8.562957e-09
2.30607792e-06	8.268712e-09
2.30609637e-06	8.008744e-09
2.30611482e-06	7.672354e-09
2.30613327e-06	6.371732e-09
2.30615172e-06	6.274185e-09
2.30617017e-06	7.426020e-09
2.30618862e-06	6.730296e-09
2.30620707e-06	6.100639e-09
2.30622551e-06	6.816970e-09
2.30624396e-06	7.835666e-09
2.30626241e-06	7.787966e-09
2.30628087e-06	7.638177e-09
2.30629932e-06	8.052114e-09
2.30631777e-06	8.721677e-09
2.30633622e-06	8.076887e-09
2.30635467e-06	7.149612e-09
2.30637312e-06	7.680782e-09
2.30639157e-06	7.459116e-09
2.30641002e-06	7.073908e-09
2.30642847e-06	7.897961e-09
2.30644692e-06	6.420410e-09
2.30646537e-06	5.948871e-09
2.30648383e-06	6.302715e-09
2.30650228e-06	5.434630e-09
2.30652073e-06	5.174827e-09
2.30653918e-06	5.506850e-09
2.30655763e-06	6.174799e-09
2.30657609e-06	6.652088e-09
2.30659454e-06	7.090366e-09
2.30661299e-06	7.426557e-09
2.30663144e-06	5.578046e-09
2.30664990e-06	4.101503e-09
2.30666835e-06	2.045290e-09
2.30668681e-06	5.108301e-09
2.30670526e-06	6.267765e-09
2.30672371e-06	6.032827e-09
2.30674217e-06	6.340969e-09
2.30676062e-06	3.861287e-09
2.30677907e-06	1.337020e-09
2.30679753e-06	1.342954e-09
2.30681598e-06	5.055655e-09
2.30683444e-06	5.973799e-09
2.30685289e-06	5.217978e-09
2.30687135e-06	6.796287e-09
2.30688980e-06	7.071419e-09
2.30690826e-06	5.983134e-09
2.30692671e-06	5.604893e-09
2.30694517e-06	7.065918e-09
2.30696362e-06	7.367668e-09
2.30698208e-06	7.732955e-09
2.30700053e-06	8.112042e-09
2.30701899e-06	8.433055e-09
2.30703745e-06	7.873605e-09
2.30705590e-06	7.245194e-09
2.30707436e-06	8.167714e-09
2.30709282e-06	8.168445e-09
2.30711127e-06	8.371866e-09
2.30712973e-06	8.494722e-09
2.30714819e-06	8.574010e-09
2.30716664e-06	8.420832e-09
2.30718510e-06	8.512043e-09
2.30720356e-06	8.519374e-09
2.30722202e-06	7.855382e-09
2.30724047e-06	7.150964e-09
2.30725893e-06	7.293780e-09
2.30727739e-06	7.812689e-09
2.30729585e-06	6.189710e-09
2.30731431e-06	5.600347e-09
2.30733277e-06	7.486166e-09
2.30735122e-06	8.131974e-09
2.30736968e-06	7.643764e-09
2.30738814e-06	6.042476e-09
2.30740660e-06	6.655861e-09
2.30742506e-06	7.873575e-09
2.30744352e-06	8.433925e-09
2.30746198e-06	8.312678e-09
2.30748044e-06	7.566994e-09
2.30749890e-06	7.125158e-09
2.30751736e-06	5.795298e-09
2.30753582e-06	6.653561e-09
2.30755428e-06	7.317848e-09
2.30757274e-06	6.998437e-09
2.30759120e-06	6.391409e-09
2.30760966e-06	5.067665e-09
2.30762812e-06	2.498606e-09
2.30764658e-06	1.296964e-09
2.30766504e-06	4.126354e-09
2.30768351e-06	5.324712e-09
2.30770197e-06	6.987592e-09
2.30772043e-06	8.014796e-09
2.30773889e-06	7.932093e-09
2.30775735e-06	7.802698e-09
2.30777581e-06	7.328447e-09
2.30779428e-06	5.654502e-09
2.30781274e-06	4.592550e-09
2.30783120e-06	1.349182e-09
2.30784966e-06	1.311747e-09
2.30786813e-06	4.701781e-09
2.30788659e-06	6.522032e-09
2.30790505e-06	7.326099e-09
2.30792352e-06	7.337716e-09
2.30794198e-06	7.230323e-09
2.30796044e-06	7.845978e-09
2.30797891e-06	7.986507e-09
2.30799737e-06	7.622125e-09
2.30801583e-06	6.402963e-09
2.30803430e-06	6.040544e-09
2.30805276e-06	4.190527e-09
2.30807123e-06	6.017131e-09
2.30808969e-06	7.633112e-09
2.30810816e-06	7.755930e-09
2.30812662e-06	7.609125e-09
2.30814509e-06	8.153192e-09
2.30816355e-06	8.569187e-09
2.30818202e-06	8.144263e-09
2.30820048e-06	6.930597e-09
2.30821895e-06	7.193333e-09
2.30823741e-06	7.941497e-09
2.30825588e-06	8.180698e-09
2.30827434e-06	7.006977e-09
2.30829281e-06	6.353935e-09
2.30831128e-06	7.509182e-09
2.30832974e-06	7.832237e-09
2.30834821e-06	7.542436e-09
2.30836668e-06	7.212333e-09
2.30838514e-06	7.374706e-09
2.30840361e-06	8.007748e-09
2.30842208e-06	8.268908e-09
2.30844055e-06	8.402248e-09
2.30845901e-06	7.940160e-09
2.30847748e-06	7.054007e-09
2.30849595e-06	6.244390e-09
2.30851442e-06	5.473198e-09
2.30853288e-06	6.702623e-09
2.30855135e-06	7.569940e-09
2.30856982e-06	7.706069e-09
2.30858829e-06	7.790251e-09
2.30860676e-06	8.158794e-09
2.30862523e-06	8.475909e-09
2.30864370e-06	7.933038e-09
2.30866217e-06	8.031299e-09
2.30868063e-06	8.522739e-09
2.30869911e-06	7.971954e-09
2.30871757e-06	7.429678e-09
2.30873604e-06	7.003971e-09
2.30875451e-06	7.225465e-09
2.30877298e-06	8.036331e-09
2.30879145e-06	7.438105e-09
2.30880992e-06	6.303678e-09
2.30882840e-06	6.431945e-09
2.30884687e-06	7.483842e-09
2.30886534e-06	7.402694e-09
2.30888381e-06	6.162965e-09
2.30890228e-06	4.235086e-09
2.30892075e-06	1.438587e-09
2.30893922e-06	1.318805e-09
2.30895769e-06	3.793251e-09
2.30897616e-06	5.343097e-09
2.30899464e-06	4.009431e-09
2.30901311e-06	5.621261e-09
2.30903158e-06	7.143560e-09
2.30905005e-06	7.182806e-09
2.30906852e-06	6.431815e-09
2.30908700e-06	4.998585e-09
2.30910547e-06	5.076737e-09
2.30912394e-06	5.440609e-09
2.30914242e-06	6.737636e-09
2.30916089e-06	6.151311e-09
2.30917936e-06	6.859917e-09
2.30919784e-06	4.615750e-09
2.30921631e-06	4.934029e-09
2.30923478e-06	6.788993e-09
2.30925326e-06	7.526127e-09
2.30927173e-06	8.132896e-09
2.30929021e-06	7.934908e-09
2.30930868e-06	8.368319e-09
2.30932715e-06	7.934773e-09
2.30934563e-06	6.965211e-09
2.30936410e-06	4.122277e-09
2.30938258e-06	5.887921e-09
2.30940105e-06	7.810503e-09
2.30941953e-06	7.534383e-09
2.30943800e-06	7.129230e-09
2.30945648e-06	6.545069e-09
2.30947495e-06	6.139810e-09
2.30949343e-06	6.896819e-09
2.30951191e-06	6.722411e-09
2.30953038e-06	6.056474e-09
2.30954886e-06	6.687949e-09
2.30956733e-06	7.515298e-09
2.30958581e-06	7.847559e-09
2.30960429e-06	7.443761e-09
2.30962277e-06	7.345690e-09
2.30964124e-06	6.933142e-09
2.30965972e-06	3.205317e-09
2.30967820e-06	1.229403e-09
2.30969667e-06	3.828608e-09
2.30971515e-06	7.032226e-09
2.30973363e-06	7.754396e-09
2.30975211e-06	6.032328e-09
2.30977059e-06	2.548404e-09
2.30978906e-06	3.496692e-09
2.30980754e-06	3.768723e-09
2.30982602e-06	4.061987e-09
2.30984450e-06	2.861133e-09
2.30986298e-06	6.882772e-09
2.30988146e-06	7.518346e-09
2.30989994e-06	7.024004e-09
2.30991842e-06	6.713622e-09
2.30993689e-06	4.906537e-09
2.30995537e-06	6.098300e-09
2.30997385e-06	7.242865e-09
2.30999233e-06	6.462054e-09
2.31001081e-06	5.806281e-09
2.31002929e-06	6.133011e-09
2.31004777e-06	2.928538e-09
2.31006625e-06	1.325431e-09
2.31008473e-06	2.060769e-09
2.31010321e-06	5.716510e-09
2.31012170e-06	5.867343e-09
2.31014018e-06	3.029349e-09
2.31015866e-06	5.509447e-09
2.31017714e-06	7.525814e-09
2.31019562e-06	7.885587e-09
2.31021410e-06	6.502394e-09
2.31023258e-06	6.996347e-09
2.31025107e-06	8.335276e-09
2.31026955e-06	8.678409e-09
2.31028803e-06	8.355702e-09
2.31030651e-06	8.204714e-09
2.31032499e-06	7.273969e-09
2.31034348e-06	6.325060e-09
2.31036196e-06	7.025483e-09
2.31038044e-06	5.804370e-09
2.31039893e-06	5.206826e-09
2.31041741e-06	6.325618e-09
2.31043589e-06	7.153847e-09
2.31045438e-06	5.688591e-09
2.31047286e-06	5.212422e-09
2.31049134e-06	6.223960e-09
2.31050983e-06	5.212665e-09
2.31052831e-06	6.850928e-09
2.31054680e-06	7.607553e-09
2.31056528e-06	7.306429e-09
2.31058377e-06	6.287728e-09
2.31060225e-06	7.390531e-09
2.31062073e-06	8.675115e-09
2.31063922e-06	8.184666e-09
2.31065770e-06	7.568817e-09
2.31067619e-06	8.044076e-09
2.31069467e-06	7.261755e-09
2.31071316e-06	7.117680e-09
2.31073165e-06	6.400059e-09
2.31075013e-06	6.648570e-09
2.31076862e-06	6.401570e-09
2.31078710e-06	6.904430e-09
2.31080559e-06	6.391909e-09
2.31082408e-06	7.087753e-09
2.31084256e-06	7.619629e-09
2.31086105e-06	7.284228e-09
2.31087954e-06	7.433487e-09
2.31089802e-06	6.314505e-09
2.31091651e-06	4.947388e-09
2.31093500e-06	5.849908e-09
2.31095349e-06	6.553876e-09
2.31097197e-06	4.764619e-09
2.31099046e-06	4.711426e-09
2.31100895e-06	5.448060e-09
2.31102744e-06	5.577532e-09
2.31104593e-06	7.701236e-09
2.31106441e-06	8.129900e-09
2.31108290e-06	7.280810e-09
2.31110139e-06	7.455477e-09
2.31111988e-06	7.718235e-09
2.31113837e-06	7.754844e-09
2.31115686e-06	7.030566e-09
2.31117535e-06	3.962301e-09
2.31119384e-06	1.354066e-09
2.31121233e-06	2.583722e-09
2.31123082e-06	1.282379e-09
2.31124931e-06	1.309620e-09
2.31126780e-06	4.545724e-09
2.31128629e-06	5.427516e-09
2.31130478e-06	5.909404e-09
2.31132327e-06	5.297219e-09
2.31134176e-06	5.253447e-09
2.31136025e-06	6.393904e-09
2.31137874e-06	7.215220e-09
2.31139723e-06	7.634875e-09
2.31141572e-06	6.761357e-09
2.31143421e-06	6.143564e-09
2.31145270e-06	6.714530e-09
2.31147120e-06	5.187230e-09
2.31148969e-06	6.401154e-09
2.31150818e-06	6.906806e-09
2.31152667e-06	5.983344e-09
2.31154516e-06	5.104007e-09
2.31156366e-06	1.879315e-09
2.31158215e-06	5.064050e-09
2.31160064e-06	7.530897e-09
2.31161913e-06	5.514623e-09
2.31163763e-06	2.723493e-09
2.31165612e-06	1.913317e-09
2.31167461e-06	4.189930e-09
2.31169311e-06	6.741319e-09
2.31171160e-06	7.490521e-09
2.31173009e-06	6.359501e-09
2.31174859e-06	6.618311e-09
2.31176708e-06	7.291893e-09
2.31178558e-06	6.045764e-09
2.31180407e-06	7.129524e-09
2.31182257e-06	7.382750e-09
2.31184106e-06	6.474640e-09
2.31185955e-06	6.754898e-09
2.31187805e-06	7.654292e-09
2.31189654e-06	4.453291e-09
2.31191504e-06	4.111532e-09
2.31193353e-06	6.801855e-09
2.31195203e-06	5.839389e-09
2.31197052e-06	7.135895e-09
2.31198902e-06	8.009587e-09
2.31200752e-06	7.356160e-09
2.31202601e-06	6.709969e-09
2.31204451e-06	4.864513e-09
2.31206301e-06	5.738930e-09
2.31208150e-06	6.473513e-09
2.31210000e-06	7.659639e-09
2.31211850e-06	7.608949e-09
2.31213699e-06	6.622540e-09
2.31215549e-06	7.573982e-09
2.31217399e-06	7.388329e-09
2.31219248e-06	5.936354e-09
2.31221098e-06	6.001829e-09
2.31222948e-06	6.236210e-09
2.31224798e-06	6.682447e-09
2.31226648e-06	6.927745e-09
2.31228497e-06	5.931847e-09
2.31230347e-06	5.097459e-09
2.31232197e-06	7.451461e-09
2.31234047e-06	6.748837e-09
2.31235897e-06	5.765610e-09
2.31237747e-06	5.457645e-09
2.31239596e-06	5.758260e-09
2.31241446e-06	5.969295e-09
2.31243296e-06	3.404826e-09
2.31245146e-06	1.319771e-09
2.31246996e-06	1.769183e-09
2.31248846e-06	5.183907e-09
2.31250696e-06	6.308563e-09
2.31252546e-06	6.890854e-09
2.31254396e-06	5.803942e-09
2.31256246e-06	6.814273e-09
2.31258096e-06	6.720641e-09
2.31259946e-06	6.131972e-09
2.31261796e-06	7.644204e-09
2.31263647e-06	7.650917e-09
2.31265497e-06	7.531442e-09
2.31267347e-06	8.279799e-09
2.31269197e-06	8.025604e-09
2.31271047e-06	6.739971e-09
2.31272897e-06	7.037345e-09
2.31274748e-06	7.125634e-09
2.31276598e-06	7.063175e-09
2.31278448e-06	8.165156e-09
2.31280298e-06	7.942106e-09
2.31282148e-06	7.650832e-09
2.31283999e-06	5.902076e-09
2.31285849e-06	4.908347e-09
2.31287699e-06	7.000170e-09
2.31289550e-06	7.414861e-09
2.31291400e-06	6.642848e-09
2.31293250e-06	6.371605e-09
2.31295100e-06	7.155368e-09
2.31296951e-06	6.639652e-09
2.31298801e-06	8.004845e-09
2.31300652e-06	7.257636e-09
2.31302502e-06	6.675805e-09
2.31304352e-06	6.833367e-09
2.31306203e-06	6.074730e-09
2.31308053e-06	6.149591e-09
2.31309904e-06	5.332507e-09
2.31311754e-06	3.689118e-09
2.31313605e-06	4.094808e-09
2.31315455e-06	6.087758e-09
2.31317306e-06	5.126919e-09
2.31319156e-06	6.474901e-09
2.31321007e-06	6.793399e-09
2.31322857e-06	4.815285e-09
2.31324708e-06	3.962338e-09
2.31326559e-06	7.225682e-09
2.31328409e-06	7.519855e-09
2.31330260e-06	7.170588e-09
2.31332111e-06	7.907234e-09
2.31333961e-06	8.509052e-09
2.31335812e-06	7.666318e-09
2.31337662e-06	7.115786e-09
2.31339513e-06	6.728363e-09
2.31341364e-06	6.786384e-09
2.31343215e-06	8.000876e-09
2.31345065e-06	8.475247e-09
2.31346916e-06	7.551913e-09
2.31348767e-06	7.536165e-09
2.31350618e-06	7.886404e-09
2.31352469e-06	7.708440e-09
2.31354319e-06	7.844161e-09
2.31356170e-06	7.296322e-09
2.31358021e-06	7.355146e-09
2.31359872e-06	5.808501e-09
2.31361723e-06	5.868405e-09
2.31363574e-06	6.818662e-09
2.31365425e-06	6.351869e-09
2.31367275e-06	5.458460e-09
2.31369127e-06	2.124235e-09
2.31370977e-06	1.315318e-09
2.31372828e-06	3.079026e-09
2.31374679e-06	6.130209e-09
2.31376530e-06	6.266414e-09
2.31378381e-06	5.943605e-09
2.31380232e-06	6.549239e-09
2.31382083e-06	4.984417e-09
2.31383935e-06	5.193170e-09
2.31385786e-06	6.546840e-09
2.31387637e-06	6.994389e-09
2.31389488e-06	6.565872e-09
2.31391339e-06	7.160621e-09
2.31393190e-06	7.249496e-09
2.31395041e-06	5.682348e-09
2.31396892e-06	6.249328e-09
2.31398744e-06	6.646088e-09
2.31400595e-06	5.428223e-09
2.31402446e-06	6.177854e-09
2.31404297e-06	2.526676e-09
2.31406148e-06	2.462358e-09
2.31408000e-06	6.029227e-09
2.31409851e-06	7.542859e-09
2.31411702e-06	7.191216e-09
2.31413553e-06	7.822534e-09
2.31415405e-06	7.347583e-09
2.31417256e-06	7.902552e-09
2.31419107e-06	7.592542e-09
2.31420959e-06	8.208077e-09
2.31422810e-06	7.893600e-09
2.31424662e-06	6.660677e-09
2.31426513e-06	7.220983e-09
2.31428364e-06	7.788520e-09
2.31430216e-06	8.382929e-09
2.31432067e-06	7.079096e-09
2.31433919e-06	7.087816e-09
2.31435770e-06	7.275737e-09
2.31437622e-06	5.695081e-09
2.31439473e-06	4.820925e-09
2.31441325e-06	6.926585e-09
2.31443176e-06	6.667131e-09
2.31445028e-06	7.278648e-09
2.31446879e-06	6.399974e-09
2.31448731e-06	6.304233e-09
2.31450582e-06	7.189410e-09
2.31452434e-06	6.582858e-09
2.31454286e-06	5.152263e-09
2.31456137e-06	6.799749e-09
2.31457989e-06	7.904681e-09
2.31459841e-06	7.833415e-09
2.31461692e-06	7.685795e-09
2.31463544e-06	7.892833e-09
2.31465396e-06	6.375922e-09
2.31467247e-06	1.868159e-09
2.31469099e-06	1.412680e-09
2.31470951e-06	4.713119e-09
2.31472803e-06	5.112472e-09
2.31474654e-06	4.460851e-09
2.31476506e-06	6.193707e-09
2.31478358e-06	7.087571e-09
2.31480210e-06	5.299847e-09
2.31482062e-06	5.222988e-09
2.31483913e-06	7.051586e-09
2.31485765e-06	5.642471e-09
2.31487617e-06	4.267961e-09
2.31489469e-06	6.438385e-09
2.31491321e-06	5.365954e-09
2.31493173e-06	5.497233e-09
2.31495025e-06	5.472446e-09
2.31496877e-06	2.379665e-09
2.31498729e-06	1.229494e-09
2.31500581e-06	1.309927e-09
2.31502433e-06	3.363409e-09
2.31504285e-06	5.887024e-09
2.31506137e-06	4.981855e-09
2.31507989e-06	5.640197e-09
2.31509841e-06	6.820186e-09
2.31511693e-06	5.561714e-09
2.31513545e-06	5.950192e-09
2.31515397e-06	7.260456e-09
2.31517250e-06	7.512492e-09
2.31519102e-06	8.102994e-09
2.31520954e-06	7.679148e-09
2.31522806e-06	6.595490e-09
2.31524658e-06	6.631296e-09
2.31526510e-06	7.219349e-09
2.31528362e-06	5.154752e-09
2.31530215e-06	1.904803e-09
2.31532067e-06	4.212590e-09
2.31533919e-06	6.738653e-09
2.31535771e-06	7.819743e-09
2.31537624e-06	8.154893e-09
2.31539476e-06	8.293891e-09
2.31541328e-06	7.265655e-09
2.31543181e-06	6.349897e-09
2.31545033e-06	6.804940e-09
2.31546885e-06	7.236038e-09
2.31548738e-06	6.942932e-09
2.31550590e-06	7.364679e-09
2.31552443e-06	7.156157e-09
2.31554295e-06	7.257720e-09
2.31556148e-06	7.393124e-09
2.31558000e-06	8.608371e-09
2.31559852e-06	7.030409e-09
2.31561705e-06	7.070429e-09
2.31563557e-06	8.256969e-09
2.31565410e-06	8.324952e-09
2.31567262e-06	8.136883e-09
2.31569115e-06	6.021889e-09
2.31570967e-06	5.269898e-09
2.31572820e-06	6.462949e-09
2.31574673e-06	6.536829e-09
2.31576525e-06	5.558867e-09
2.31578378e-06	6.034740e-09
2.31580231e-06	6.505282e-09
2.31582083e-06	5.263628e-09
2.31583936e-06	7.155062e-09
2.31585788e-06	6.158345e-09
2.31587641e-06	4.949571e-09
2.31589494e-06	7.243852e-09
2.31591347e-06	8.117249e-09
2.31593199e-06	8.362838e-09
2.31595052e-06	7.558510e-09
2.31596905e-06	6.756408e-09
2.31598758e-06	7.036447e-09
2.31600610e-06	6.199217e-09
2.31602463e-06	7.342333e-09
2.31604316e-06	8.372452e-09
2.31606169e-06	8.587112e-09
2.31608022e-06	7.761591e-09
2.31609875e-06	7.095087e-09
2.31611727e-06	6.140421e-09
2.31613580e-06	5.797005e-09
2.31615433e-06	5.738973e-09
2.31617286e-06	4.737606e-09
2.31619139e-06	6.796745e-09
2.31620992e-06	7.237673e-09
2.31622845e-06	6.064464e-09
2.31624698e-06	3.181147e-09
2.31626551e-06	3.841478e-09
2.31628404e-06	3.204412e-09
2.31630257e-06	3.664956e-09
2.31632110e-06	2.071098e-09
2.31633963e-06	1.317269e-09
2.31635816e-06	2.938891e-09
2.31637669e-06	5.621372e-09
2.31639522e-06	5.960874e-09
2.31641375e-06	4.690002e-09
2.31643229e-06	4.093141e-09
2.31645082e-06	5.827507e-09
2.31646935e-06	5.661683e-09
2.31648788e-06	6.854230e-09
2.31650641e-06	7.371751e-09
2.31652494e-06	7.321181e-09
2.31654348e-06	7.137017e-09
2.31656201e-06	2.882250e-09
2.31658054e-06	3.265297e-09
2.31659908e-06	6.281573e-09
2.31661761e-06	5.704994e-09
2.31663614e-06	6.333831e-09
2.31665467e-06	7.074884e-09
2.31667321e-06	6.950538e-09
2.31669174e-06	5.711082e-09
2.31671027e-06	7.178811e-09
2.31672881e-06	7.654923e-09
2.31674734e-06	7.707186e-09
2.31676587e-06	6.352386e-09
2.31678441e-06	7.600842e-09
2.31680294e-06	8.315091e-09
2.31682148e-06	6.265651e-09
2.31684001e-06	3.757460e-09
2.31685855e-06	6.330309e-09
2.31687708e-06	7.482696e-09
2.31689562e-06	7.457595e-09
2.31691415e-06	7.887843e-09
2.31693269e-06	7.293032e-09
2.31695122e-06	8.049793e-09
2.31696976e-06	8.300466e-09
2.31698830e-06	6.088499e-09
2.31700683e-06	5.474375e-09
2.31702537e-06	5.939335e-09
2.31704390e-06	4.761245e-09
2.31706244e-06	6.357257e-09
2.31708098e-06	7.439906e-09
2.31709951e-06	8.254387e-09
2.31711805e-06	7.957511e-09
2.31713659e-06	7.075524e-09
2.31715512e-06	2.693859e-09
2.31717366e-06	3.433236e-09
2.31719220e-06	7.176130e-09
2.31721073e-06	7.738449e-09
2.31722927e-06	7.214932e-09
2.31724781e-06	7.566608e-09
2.31726635e-06	8.009075e-09
2.31728489e-06	7.462560e-09
2.31730342e-06	7.741664e-09
2.31732196e-06	7.235008e-09
2.31734050e-06	7.018038e-09
2.31735904e-06	7.910124e-09
2.31737758e-06	7.926304e-09
2.31739612e-06	6.835706e-09
2.31741466e-06	6.427860e-09
2.31743320e-06	6.870751e-09
2.31745174e-06	5.039663e-09
2.31747028e-06	6.446468e-09
2.31748882e-06	4.850639e-09
2.31750736e-06	2.554836e-09
2.31752590e-06	5.881025e-09
2.31754444e-06	6.763382e-09
2.31756298e-06	6.909819e-09
2.31758152e-06	5.634773e-09
2.31760006e-06	1.500355e-09
2.31761860e-06	1.360591e-09
2.31763714e-06	5.340099e-09
2.31765568e-06	6.459073e-09
2.31767422e-06	5.691633e-09
2.31769276e-06	3.246539e-09
2.31771131e-06	1.303325e-09
2.31772985e-06	1.758678e-09
2.31774839e-06	4.628976e-09
2.31776693e-06	5.836937e-09
2.31778547e-06	3.567513e-09
2.31780401e-06	5.363443e-09
2.31782256e-06	6.814678e-09
2.31784110e-06	7.731345e-09
2.31785964e-06	7.852567e-09
2.31787819e-06	6.352598e-09
2.31789673e-06	5.796358e-09
2.31791527e-06	7.694659e-09
2.31793381e-06	7.640050e-09
2.31795236e-06	6.789984e-09
2.31797090e-06	7.378075e-09
2.31798945e-06	7.777467e-09
2.31800799e-06	6.101856e-09
2.31802653e-06	5.625395e-09
2.31804508e-06	6.506280e-09
2.31806362e-06	6.897820e-09
2.31808217e-06	6.915654e-09
2.31810071e-06	6.022065e-09
2.31811926e-06	7.575376e-09
2.31813780e-06	7.049617e-09
2.31815635e-06	4.787373e-09
2.31817489e-06	5.441933e-09
2.31819344e-06	8.057232e-09
2.31821198e-06	7.792418e-09
2.31823053e-06	5.856898e-09
2.31824907e-06	5.452431e-09
2.31826762e-06	3.534866e-09
2.31828617e-06	5.596388e-09
2.31830471e-06	7.642023e-09
2.31832326e-06	8.506163e-09
2.31834181e-06	7.873141e-09
2.31836035e-06	7.036294e-09
2.31837890e-06	7.196676e-09
2.31839745e-06	7.804372e-09
2.31841599e-06	8.269375e-09
2.31843454e-06	8.327646e-09
2.31845309e-06	6.402162e-09
2.31847164e-06	3.622106e-09
2.31849018e-06	1.709226e-09
2.31850873e-06	4.703011e-09
2.31852728e-06	6.530612e-09
2.31854583e-06	7.372710e-09
2.31856438e-06	8.002181e-09
2.31858292e-06	7.618047e-09
2.31860147e-06	6.820604e-09
2.31862002e-06	6.931869e-09
2.31863857e-06	6.356248e-09
2.31865712e-06	7.544991e-09
2.31867567e-06	7.349000e-09
2.31869422e-06	6.772322e-09
2.31871277e-06	7.074534e-09
2.31873132e-06	7.636751e-09
2.31874987e-06	7.613082e-09
2.31876842e-06	8.097138e-09
2.31878697e-06	8.560827e-09
2.31880552e-06	8.326063e-09
2.31882407e-06	7.266316e-09
2.31884262e-06	7.531485e-09
2.31886117e-06	6.665013e-09
2.31887972e-06	5.929066e-09
2.31889827e-06	6.619057e-09
2.31891682e-06	7.317418e-09
2.31893538e-06	6.990837e-09
2.31895393e-06	7.123558e-09
2.31897248e-06	7.450315e-09
2.31899103e-06	6.887298e-09
2.31900958e-06	6.823444e-09
2.31902813e-06	6.501143e-09
2.31904669e-06	6.607258e-09
2.31906524e-06	5.639615e-09
2.31908379e-06	6.115715e-09
2.31910234e-06	4.791150e-09
2.31912090e-06	1.284866e-09
2.31913945e-06	1.299750e-09
2.31915800e-06	4.823681e-09
2.31917656e-06	6.243807e-09
2.31919511e-06	7.108270e-09
2.31921366e-06	7.453321e-09
2.31923222e-06	7.340076e-09
2.31925077e-06	6.718259e-09
2.31926932e-06	6.993006e-09
2.31928788e-06	6.926510e-09
2.31930643e-06	6.439397e-09
2.31932499e-06	7.030010e-09
2.31934354e-06	5.608090e-09
2.31936210e-06	6.371418e-09
2.31938065e-06	7.043608e-09
2.31939921e-06	7.832355e-09
2.31941776e-06	7.931913e-09
2.31943632e-06	8.318849e-09
2.31945487e-06	7.324742e-09
2.31947343e-06	5.115672e-09
2.31949198e-06	5.716470e-09
2.31951054e-06	4.912168e-09
2.31952910e-06	4.219335e-09
2.31954765e-06	4.388715e-09
2.31956621e-06	3.426898e-09
2.31958477e-06	4.945432e-09
2.31960332e-06	7.760252e-09
2.31962188e-06	8.621612e-09
2.31964044e-06	8.637833e-09
2.31965899e-06	8.386963e-09
2.31967755e-06	7.067919e-09
2.31969611e-06	4.035672e-09
2.31971466e-06	5.647310e-09
2.31973322e-06	6.971375e-09
2.31975178e-06	8.140924e-09
2.31977034e-06	8.508318e-09
2.31978890e-06	8.326721e-09
2.31980746e-06	8.672741e-09
2.31982601e-06	8.461982e-09
2.31984457e-06	8.336956e-09
2.31986313e-06	7.781414e-09
2.31988169e-06	6.999942e-09
2.31990025e-06	7.765770e-09
2.31991881e-06	8.399792e-09
2.31993737e-06	8.555347e-09
2.31995593e-06	7.352240e-09
2.31997449e-06	6.929235e-09
2.31999305e-06	5.538090e-09
2.32001161e-06	2.723386e-09
2.32003017e-06	6.234358e-09
2.32004873e-06	7.951068e-09
2.32006729e-06	6.713587e-09
2.32008585e-06	6.354053e-09
2.32010441e-06	7.388014e-09
2.32012297e-06	8.135422e-09
2.32014153e-06	7.701073e-09
2.32016009e-06	8.083333e-09
2.32017865e-06	7.530939e-09
2.32019721e-06	7.612124e-09
2.32021577e-06	7.181300e-09
2.32023434e-06	7.332210e-09
2.32025290e-06	6.555595e-09
2.32027146e-06	3.336042e-09
2.32029002e-06	6.698525e-09
2.32030858e-06	8.334243e-09
2.32032715e-06	8.639205e-09
2.32034571e-06	7.607398e-09
2.32036427e-06	5.128739e-09
2.32038284e-06	4.664828e-09
2.32040140e-06	6.343161e-09
2.32041996e-06	3.206075e-09
2.32043853e-06	2.097778e-09
2.32045709e-06	6.442948e-09
2.32047565e-06	7.208474e-09
2.32049422e-06	6.344533e-09
2.32051278e-06	6.011211e-09
2.32053135e-06	4.831579e-09
2.32054991e-06	4.411272e-09
2.32056847e-06	2.291929e-09
2.32058704e-06	1.311527e-09
2.32060560e-06	2.256977e-09
2.32062417e-06	3.608400e-09
2.32064273e-06	5.618098e-09
2.32066130e-06	5.985876e-09
2.32067986e-06	6.140313e-09
2.32069843e-06	6.549130e-09
2.32071699e-06	6.840567e-09
2.32073556e-06	4.536828e-09
2.32075413e-06	5.060743e-09
2.32077269e-06	5.718440e-09
2.32079126e-06	7.450833e-09
2.32080982e-06	8.018196e-09
2.32082839e-06	8.138992e-09
2.32084696e-06	7.737540e-09
2.32086552e-06	6.672836e-09
2.32088409e-06	4.300507e-09
2.32090266e-06	5.265511e-09
2.32092123e-06	5.945846e-09
2.32093979e-06	4.875136e-09
2.32095836e-06	4.981318e-09
2.32097693e-06	6.996368e-09
2.32099550e-06	7.074012e-09
2.32101406e-06	6.242805e-09
2.32103263e-06	6.080717e-09
2.32105120e-06	5.338508e-09
2.32106977e-06	7.267888e-09
2.32108834e-06	8.410461e-09
2.32110691e-06	8.376136e-09
2.32112547e-06	6.877266e-09
2.32114404e-06	5.286364e-09
2.32116261e-06	6.569512e-09
2.32118118e-06	4.709268e-09
2.32119975e-06	1.844169e-09
2.32121832e-06	4.989156e-09
2.32123689e-06	7.232351e-09
2.32125546e-06	7.976994e-09
2.32127403e-06	7.122508e-09
2.32129260e-06	7.141319e-09
2.32131117e-06	5.629655e-09
2.32132974e-06	3.396431e-09
2.32134831e-06	4.233475e-09
2.32136688e-06	5.978492e-09
2.32138545e-06	8.161877e-09
2.32140403e-06	8.418722e-09
2.32142260e-06	8.234012e-09
2.32144117e-06	8.023658e-09
2.32145974e-06	8.279099e-09
2.32147831e-06	7.989427e-09
2.32149688e-06	6.038064e-09
2.32151545e-06	5.796352e-09
2.32153403e-06	6.608182e-09
2.32155260e-06	7.522355e-09
2.32157117e-06	8.308316e-09
2.32158974e-06	8.353482e-09
2.32160832e-06	8.058422e-09
2.32162689e-06	6.827686e-09
2.32164546e-06	3.858370e-09
2.32166404e-06	5.271802e-09
2.32168261e-06	7.475335e-09
2.32170118e-06	8.262185e-09
2.32171976e-06	8.206717e-09
2.32173833e-06	7.969449e-09
2.32175690e-06	7.827144e-09
2.32177548e-06	6.817973e-09
2.32179405e-06	5.195110e-09
2.32181263e-06	7.048266e-09
2.32183120e-06	6.663376e-09
2.32184978e-06	6.453048e-09
2.32186835e-06	6.584128e-09
2.32188692e-06	6.996609e-09
2.32190550e-06	6.562571e-09
2.32192408e-06	6.983168e-09
2.32194265e-06	3.015844e-09
2.32196123e-06	1.934774e-09
2.32197980e-06	6.255137e-09
2.32199838e-06	6.735011e-09
2.32201695e-06	6.462752e-09
2.32203553e-06	6.355716e-09
2.32205411e-06	5.282542e-09
2.32207268e-06	1.313394e-09
2.32209126e-06	1.284031e-09
2.32210984e-06	4.344656e-09
2.32212841e-06	6.360228e-09
2.32214699e-06	6.864029e-09
2.32216557e-06	6.413824e-09
2.32218414e-06	3.709332e-09
2.32220272e-06	3.748407e-09
2.32222130e-06	6.443494e-09
2.32223988e-06	6.285271e-09
2.32225846e-06	5.944615e-09
2.32227703e-06	7.705672e-09
2.32229561e-06	7.515382e-09
2.32231419e-06	6.263230e-09
2.32233277e-06	6.723715e-09
2.32235135e-06	6.378815e-09
2.32236993e-06	3.541499e-09
2.32238850e-06	4.293352e-09
2.32240708e-06	6.794015e-09
2.32242566e-06	7.200723e-09
2.32244424e-06	7.456236e-09
2.32246282e-06	5.226963e-09
2.32248140e-06	5.030184e-09
2.32249998e-06	5.855926e-09
2.32251856e-06	7.655833e-09
2.32253714e-06	6.860446e-09
2.32255572e-06	5.383881e-09
2.32257430e-06	5.483136e-09
2.32259288e-06	7.508286e-09
2.32261146e-06	7.207020e-09
2.32263005e-06	5.691326e-09
2.32264863e-06	1.842295e-09
2.32266721e-06	1.602281e-09
2.32268579e-06	2.104005e-09
2.32270437e-06	4.310366e-09
2.32272295e-06	2.895121e-09
2.32274153e-06	3.019897e-09
2.32276012e-06	2.427308e-09
2.32277870e-06	6.332079e-09
2.32279728e-06	6.826980e-09
2.32281586e-06	3.137452e-09
2.32283444e-06	4.548554e-09
2.32285303e-06	4.253064e-09
2.32287161e-06	2.285228e-09
2.32289019e-06	5.483272e-09
2.32290878e-06	4.658613e-09
2.32292736e-06	2.693404e-09
2.32294594e-06	4.949222e-09
2.32296453e-06	3.472054e-09
2.32298311e-06	6.674235e-09
2.32300169e-06	5.624419e-09
2.32302028e-06	1.971031e-09
2.32303886e-06	5.062143e-09
2.32305745e-06	7.362125e-09
2.32307603e-06	5.182648e-09
2.32309462e-06	3.093437e-09
2.32311320e-06	4.962012e-09
2.32313179e-06	4.041948e-09
2.32315037e-06	2.333292e-09
2.32316896e-06	1.782830e-09
2.32318754e-06	2.698357e-09
2.32320613e-06	2.965735e-09
2.32322471e-06	2.763926e-09
2.32324330e-06	6.646004e-09
2.32326188e-06	5.020232e-09
2.32328047e-06	3.705590e-09
2.32329906e-06	7.515356e-09
2.32331764e-06	7.655373e-09
2.32333623e-06	5.008989e-09
2.32335482e-06	3.589462e-09
2.32337340e-06	4.154661e-09
2.32339199e-06	6.577927e-09
2.32341058e-06	7.191682e-09
2.32342916e-06	6.223923e-09
2.32344775e-06	1.966233e-09
2.32346634e-06	3.921132e-09
2.32348493e-06	7.260368e-09
2.32350352e-06	7.783138e-09
2.32352210e-06	7.686943e-09
2.32354069e-06	5.572510e-09
2.32355928e-06	3.446820e-09
2.32357787e-06	5.614091e-09
2.32359646e-06	4.682243e-09
2.32361504e-06	1.281888e-09
2.32363363e-06	1.321905e-09
2.32365222e-06	4.632983e-09
2.32367081e-06	6.236062e-09
2.32368940e-06	6.944061e-09
2.32370799e-06	5.517113e-09
2.32372658e-06	2.032777e-09
2.32374517e-06	3.107120e-09
2.32376376e-06	5.406977e-09
2.32378235e-06	6.827173e-09
2.32380094e-06	4.068895e-09
2.32381953e-06	4.271140e-09
2.32383812e-06	7.160765e-09
2.32385671e-06	7.606661e-09
2.32387530e-06	7.662628e-09
2.32389389e-06	6.794115e-09
2.32391249e-06	6.742535e-09
2.32393108e-06	4.232618e-09
2.32394967e-06	4.779035e-09
2.32396826e-06	7.045010e-09
2.32398685e-06	6.486879e-09
2.32400544e-06	3.217215e-09
2.32402404e-06	1.271431e-09
2.32404263e-06	1.964726e-09
2.32406122e-06	3.074896e-09
2.32407981e-06	6.695078e-09
2.32409840e-06	6.330092e-09
2.32411700e-06	7.267258e-09
2.32413559e-06	7.952318e-09
2.32415418e-06	8.378868e-09
2.32417278e-06	8.063759e-09
2.32419137e-06	7.382227e-09
2.32420996e-06	7.625293e-09
2.32422856e-06	7.812158e-09
2.32424715e-06	7.925061e-09
2.32426575e-06	6.700744e-09
2.32428434e-06	3.718162e-09
2.32430293e-06	5.587441e-09
2.32432153e-06	7.540319e-09
2.32434012e-06	5.814141e-09
2.32435872e-06	5.661979e-09
2.32437731e-06	6.461156e-09
2.32439591e-06	3.840224e-09
2.32441450e-06	1.931854e-09
2.32443310e-06	6.079584e-09
2.32445169e-06	7.406099e-09
2.32447029e-06	6.202772e-09
2.32448888e-06	7.442156e-09
2.32450748e-06	8.170198e-09
2.32452608e-06	6.571741e-09
2.32454467e-06	5.859592e-09
2.32456327e-06	6.675543e-09
2.32458187e-06	7.800715e-09
2.32460046e-06	8.023562e-09
2.32461906e-06	7.221053e-09
2.32463766e-06	7.861147e-09
2.32465625e-06	7.290473e-09
2.32467485e-06	4.502535e-09
2.32469345e-06	5.236040e-09
2.32471205e-06	7.468086e-09
2.32473064e-06	4.821726e-09
2.32474924e-06	3.803967e-09
2.32476784e-06	6.513234e-09
2.32478644e-06	6.155481e-09
2.32480504e-06	1.859956e-09
2.32482363e-06	2.754410e-09
2.32484223e-06	5.402039e-09
2.32486083e-06	3.747988e-09
2.32487943e-06	4.787928e-09
2.32489803e-06	4.900710e-09
2.32491663e-06	5.831843e-09
2.32493523e-06	7.448078e-09
2.32495383e-06	7.387663e-09
2.32497243e-06	7.488473e-09
2.32499103e-06	6.211786e-09
2.32500963e-06	6.897799e-09
2.32502823e-06	7.529573e-09
2.32504683e-06	8.132648e-09
2.32506543e-06	8.086482e-09
2.32508403e-06	7.576741e-09
2.32510263e-06	5.957817e-09
2.32512123e-06	3.937684e-09
2.32513983e-06	6.169227e-09
2.32515843e-06	5.744585e-09
2.32517703e-06	4.285427e-09
2.32519563e-06	1.253338e-09
2.32521424e-06	1.304802e-09
2.32523284e-06	3.753150e-09
2.32525144e-06	1.702955e-09
2.32527004e-06	3.484648e-09
2.32528864e-06	6.501063e-09
2.32530725e-06	6.364281e-09
2.32532585e-06	6.105531e-09
2.32534445e-06	6.738770e-09
2.32536305e-06	7.933022e-09
2.32538166e-06	8.182261e-09
2.32540026e-06	7.767652e-09
2.32541886e-06	7.262092e-09
2.32543747e-06	7.162597e-09
2.32545607e-06	6.797933e-09
2.32547467e-06	7.880909e-09
2.32549328e-06	6.942649e-09
2.32551188e-06	6.409237e-09
2.32553048e-06	6.514280e-09
2.32554909e-06	6.904067e-09
2.32556769e-06	7.087567e-09
2.32558630e-06	5.718982e-09
2.32560490e-06	4.612671e-09
2.32562351e-06	6.101382e-09
2.32564211e-06	6.880383e-09
2.32566072e-06	5.255056e-09
2.32567932e-06	6.528361e-09
2.32569793e-06	7.426426e-09
2.32571654e-06	5.940669e-09
2.32573514e-06	1.604487e-09
2.32575375e-06	3.300062e-09
2.32577235e-06	6.882910e-09
2.32579096e-06	7.379025e-09
2.32580956e-06	7.960524e-09
2.32582817e-06	7.438220e-09
2.32584678e-06	4.254444e-09
2.32586538e-06	3.496937e-09
2.32588399e-06	3.408232e-09
2.32590260e-06	5.678038e-09
2.32592121e-06	6.367239e-09
2.32593981e-06	6.106178e-09
2.32595842e-06	4.559999e-09
2.32597703e-06	3.830200e-09
2.32599564e-06	3.668696e-09
2.32601424e-06	6.537117e-09
2.32603285e-06	6.783823e-09
2.32605146e-06	6.045310e-09
2.32607007e-06	6.501596e-09
2.32608868e-06	4.689664e-09
2.32610729e-06	4.441436e-09
2.32612590e-06	4.888882e-09
2.32614450e-06	7.597007e-09
2.32616311e-06	7.252997e-09
2.32618172e-06	6.442704e-09
2.32620033e-06	7.138137e-09
2.32621894e-06	6.972663e-09
2.32623755e-06	6.414862e-09
2.32625616e-06	1.996102e-09
2.32627477e-06	2.342285e-09
2.32629338e-06	4.150253e-09
2.32631199e-06	2.854504e-09
2.32633060e-06	4.829683e-09
2.32634921e-06	4.889237e-09
2.32636782e-06	6.064920e-09
2.32638643e-06	6.474079e-09
2.32640505e-06	6.300237e-09
2.32642366e-06	6.252415e-09
2.32644227e-06	5.779698e-09
2.32646088e-06	6.839529e-09
2.32647949e-06	7.116866e-09
2.32649810e-06	7.405326e-09
2.32651671e-06	7.493990e-09
2.32653533e-06	8.462003e-09
2.32655394e-06	7.576472e-09
2.32657255e-06	7.748560e-09
2.32659116e-06	7.793701e-09
2.32660978e-06	7.119493e-09
2.32662839e-06	5.715151e-09
2.32664700e-06	5.588448e-09
2.32666562e-06	6.317664e-09
2.32668423e-06	4.546485e-09
2.32670284e-06	6.688273e-09
2.32672146e-06	5.939098e-09
2.32674007e-06	6.095720e-09
2.32675869e-06	7.104654e-09
2.32677730e-06	6.518383e-09
2.32679591e-06	4.720670e-09
2.32681453e-06	1.307371e-09
2.32683314e-06	1.368712e-09
2.32685176e-06	3.954206e-09
2.32687037e-06	6.100335e-09
2.32688899e-06	6.273181e-09
2.32690760e-06	6.273420e-09
2.32692622e-06	6.750874e-09
2.32694483e-06	5.946719e-09
2.32696345e-06	6.292870e-09
2.32698206e-06	6.974358e-09
2.32700068e-06	7.033086e-09
2.32701930e-06	6.300961e-09
2.32703791e-06	7.228548e-09
2.32705653e-06	8.180954e-09
2.32707514e-06	7.214230e-09
2.32709376e-06	5.921870e-09
2.32711238e-06	4.811877e-09
2.32713099e-06	3.355349e-09
2.32714961e-06	4.985118e-09
2.32716823e-06	6.675490e-09
2.32718685e-06	6.008345e-09
2.32720546e-06	7.158535e-09
2.32722408e-06	7.380463e-09
2.32724270e-06	6.449497e-09
2.32726132e-06	8.086256e-09
2.32727993e-06	7.171040e-09
2.32729855e-06	4.847352e-09
2.32731717e-06	5.904483e-09
2.32733579e-06	7.780302e-09
2.32735441e-06	8.286324e-09
2.32737303e-06	7.239559e-09
2.32739165e-06	6.593267e-09
2.32741027e-06	5.780296e-09
2.32742888e-06	2.148956e-09
2.32744750e-06	1.948890e-09
2.32746612e-06	5.695851e-09
2.32748474e-06	7.103969e-09
2.32750336e-06	7.672853e-09
2.32752198e-06	7.319101e-09
2.32754060e-06	7.537439e-09
2.32755922e-06	7.471167e-09
2.32757784e-06	8.150840e-09
2.32759646e-06	6.514435e-09
2.32761509e-06	4.039567e-09
2.32763371e-06	6.765746e-09
2.32765233e-06	8.125210e-09
2.32767095e-06	7.568513e-09
2.32768957e-06	7.286564e-09
2.32770819e-06	7.682104e-09
2.32772681e-06	7.493700e-09
2.32774544e-06	7.862517e-09
2.32776406e-06	8.038262e-09
2.32778268e-06	8.046453e-09
2.32780130e-06	7.752801e-09
2.32781992e-06	6.806341e-09
2.32783855e-06	2.919208e-09
2.32785717e-06	2.263416e-09
2.32787579e-06	4.383979e-09
2.32789442e-06	5.977802e-09
2.32791304e-06	4.028972e-09
2.32793166e-06	4.456181e-09
2.32795028e-06	2.481528e-09
2.32796891e-06	2.290963e-09
2.32798753e-06	6.534040e-09
2.32800616e-06	7.534996e-09
2.32802478e-06	7.797600e-09
2.32804340e-06	7.205522e-09
2.32806203e-06	5.611341e-09
2.32808065e-06	1.694118e-09
2.32809928e-06	2.124670e-09
2.32811790e-06	5.704058e-09
2.32813653e-06	6.015408e-09
2.32815515e-06	6.419583e-09
2.32817378e-06	7.709766e-09
2.32819240e-06	6.978714e-09
2.32821103e-06	6.691998e-09
2.32822965e-06	5.880203e-09
2.32824828e-06	6.959507e-09
2.32826691e-06	7.629616e-09
2.32828553e-06	7.071047e-09
2.32830416e-06	4.673222e-09
2.32832279e-06	4.911120e-09
2.32834141e-06	6.941348e-09
2.32836004e-06	7.420755e-09
2.32837867e-06	7.038944e-09
2.32839729e-06	4.721707e-09
2.32841592e-06	2.700493e-09
2.32843455e-06	5.659736e-09
2.32845317e-06	5.151425e-09
2.32847180e-06	1.292920e-09
2.32849043e-06	1.269020e-09
2.32850906e-06	4.075288e-09
2.32852769e-06	5.656118e-09
2.32854631e-06	6.039432e-09
2.32856494e-06	7.262374e-09
2.32858357e-06	8.004497e-09
2.32860220e-06	7.705628e-09
2.32862083e-06	6.959911e-09
2.32863946e-06	4.950839e-09
2.32865809e-06	4.865224e-09
2.32867672e-06	5.431831e-09
2.32869535e-06	5.980192e-09
2.32871397e-06	2.934302e-09
2.32873260e-06	4.318367e-09
2.32875123e-06	5.957134e-09
2.32876987e-06	1.721144e-09
2.32878849e-06	2.143108e-09
2.32880712e-06	4.511619e-09
2.32882576e-06	5.425467e-09
2.32884439e-06	7.344390e-09
2.32886302e-06	7.659836e-09
2.32888165e-06	6.515482e-09
2.32890028e-06	6.128745e-09
2.32891891e-06	5.988085e-09
2.32893754e-06	5.719983e-09
2.32895617e-06	6.258745e-09
2.32897481e-06	7.170961e-09
2.32899344e-06	5.910929e-09
2.32901207e-06	5.934716e-09
2.32903070e-06	7.428910e-09
2.32904933e-06	7.374271e-09
2.32906797e-06	6.456824e-09
2.32908660e-06	3.653858e-09
2.32910523e-06	5.407270e-09
2.32912386e-06	8.019015e-09
2.32914250e-06	7.907109e-09
2.32916113e-06	7.444382e-09
2.32917976e-06	6.262964e-09
2.32919840e-06	2.649176e-09
2.32921703e-06	2.845228e-09
2.32923566e-06	7.094532e-09
2.32925430e-06	7.992521e-09
2.32927293e-06	7.349924e-09
2.32929157e-06	7.750824e-09
2.32931020e-06	8.452690e-09
2.32932883e-06	8.254824e-09
2.32934747e-06	7.151165e-09
2.32936610e-06	6.155431e-09
2.32938474e-06	5.204877e-09
2.32940337e-06	6.858711e-09
2.32942201e-06	5.993678e-09
2.32944065e-06	6.966604e-09
2.32945928e-06	5.902720e-09
2.32947792e-06	4.087803e-09
2.32949655e-06	2.521365e-09
2.32951519e-06	1.531911e-09
2.32953382e-06	5.558850e-09
2.32955246e-06	6.694023e-09
2.32957110e-06	7.457747e-09
2.32958973e-06	8.005634e-09
2.32960837e-06	8.448574e-09
2.32962701e-06	8.265664e-09
2.32964564e-06	7.338436e-09
2.32966428e-06	8.267907e-09
2.32968292e-06	8.733025e-09
2.32970156e-06	9.104679e-09
2.32972019e-06	9.031541e-09
2.32973883e-06	8.630741e-09
2.32975747e-06	7.777324e-09
2.32977611e-06	7.676442e-09
2.32979475e-06	5.590712e-09
2.32981338e-06	5.915393e-09
2.32983202e-06	8.111623e-09
2.32985066e-06	7.731200e-09
2.32986930e-06	6.530851e-09
2.32988794e-06	7.748960e-09
2.32990658e-06	7.665365e-09
2.32992522e-06	6.631919e-09
2.32994386e-06	6.587246e-09
2.32996250e-06	6.288750e-09
2.32998113e-06	7.152217e-09
2.32999977e-06	7.252961e-09
2.33001842e-06	3.934798e-09
2.33003706e-06	3.041112e-09
2.33005570e-06	6.801260e-09
2.33007434e-06	7.084713e-09
2.33009298e-06	5.429663e-09
2.33011162e-06	5.244825e-09
2.33013026e-06	5.865108e-09
2.33014890e-06	5.909542e-09
2.33016754e-06	2.705005e-09
2.33018618e-06	1.277920e-09
2.33020482e-06	2.150843e-09
2.33022347e-06	5.260489e-09
2.33024211e-06	5.564949e-09
2.33026075e-06	4.179626e-09
2.33027939e-06	1.455835e-09
2.33029803e-06	2.898372e-09
2.33031667e-06	6.500905e-09
2.33033532e-06	7.095230e-09
2.33035396e-06	7.289981e-09
2.33037260e-06	6.863522e-09
2.33039125e-06	4.009747e-09
2.33040989e-06	5.181198e-09
2.33042853e-06	7.244945e-09
2.33044718e-06	5.017571e-09
2.33046582e-06	3.259875e-09
2.33048446e-06	5.485027e-09
2.33050311e-06	5.942907e-09
2.33052175e-06	1.765423e-09
2.33054040e-06	2.396120e-09
2.33055904e-06	6.355840e-09
2.33057768e-06	4.969620e-09
2.33059633e-06	1.529928e-09
2.33061497e-06	3.819475e-09
2.33063362e-06	4.017718e-09
2.33065226e-06	3.531475e-09
2.33067091e-06	3.552078e-09
2.33068955e-06	4.439678e-09
2.33070820e-06	3.121351e-09
2.33072685e-06	5.130982e-09
2.33074549e-06	3.507679e-09
2.33076414e-06	5.416082e-09
2.33078278e-06	6.091191e-09
2.33080143e-06	4.990306e-09
2.33082008e-06	6.590705e-09
2.33083872e-06	7.338588e-09
2.33085737e-06	7.556515e-09
2.33087602e-06	6.976735e-09
2.33089466e-06	6.439160e-09
2.33091331e-06	7.277361e-09
2.33093196e-06	6.893320e-09
2.33095061e-06	6.253135e-09
2.33096925e-06	6.839997e-09
2.33098790e-06	5.822046e-09
2.33100655e-06	5.993808e-09
2.33102520e-06	4.454199e-09
2.33104384e-06	5.934315e-09
2.33106249e-06	6.744670e-09
2.33108114e-06	2.631232e-09
2.33109979e-06	1.526999e-09
2.33111844e-06	5.079270e-09
2.33113709e-06	6.324119e-09
2.33115574e-06	5.296613e-09
2.33117439e-06	5.393521e-09
2.33119304e-06	4.857804e-09
2.33121169e-06	1.565725e-09
2.33123033e-06	3.357931e-09
2.33124898e-06	5.242711e-09
2.33126763e-06	5.422426e-09
2.33128629e-06	7.405340e-09
2.33130493e-06	6.860754e-09
2.33132359e-06	6.640129e-09
2.33134224e-06	7.793877e-09
2.33136089e-06	7.199518e-09
2.33137954e-06	4.638381e-09
2.33139819e-06	5.920339e-09
2.33141684e-06	6.979983e-09
2.33143549e-06	6.664526e-09
2.33145414e-06	6.574598e-09
2.33147280e-06	7.565440e-09
2.33149145e-06	7.194782e-09
2.33151010e-06	7.158714e-09
2.33152875e-06	6.500477e-09
2.33154740e-06	4.456854e-09
2.33156606e-06	5.918659e-09
2.33158471e-06	5.614501e-09
2.33160336e-06	3.264552e-09
2.33162201e-06	4.768432e-09
2.33164067e-06	3.766469e-09
2.33165932e-06	3.075901e-09
2.33167797e-06	7.268909e-09
2.33169663e-06	7.392537e-09
2.33171528e-06	5.313249e-09
2.33173393e-06	3.465105e-09
2.33175259e-06	6.780989e-09
2.33177124e-06	6.202066e-09
2.33178990e-06	4.772285e-09
2.33180855e-06	6.607890e-09
2.33182720e-06	6.677056e-09
2.33184586e-06	7.034237e-09
2.33186451e-06	5.327050e-09
2.33188317e-06	5.425230e-09
2.33190182e-06	4.362725e-09
2.33192048e-06	1.307383e-09
2.33193913e-06	1.330323e-09
2.33195779e-06	1.529733e-09
2.33197644e-06	4.306240e-09
2.33199510e-06	5.240895e-09
2.33201376e-06	5.887288e-09
2.33203241e-06	7.413240e-09
2.33205107e-06	7.693900e-09
2.33206973e-06	7.462918e-09
2.33208838e-06	7.522923e-09
2.33210704e-06	5.756488e-09
2.33212570e-06	6.912409e-09
2.33214435e-06	7.802212e-09
2.33216301e-06	7.250931e-09
2.33218167e-06	7.471932e-09
2.33220033e-06	7.822887e-09
2.33221898e-06	5.814147e-09
2.33223764e-06	5.460914e-09
2.33225630e-06	4.522048e-09
2.33227496e-06	6.453994e-09
2.33229361e-06	7.977099e-09
2.33231227e-06	8.529485e-09
2.33233093e-06	7.981507e-09
2.33234959e-06	8.052508e-09
2.33236825e-06	7.965388e-09
2.33238691e-06	6.285914e-09
2.33240557e-06	5.959125e-09
2.33242423e-06	7.635525e-09
2.33244288e-06	7.776021e-09
2.33246154e-06	6.586430e-09
2.33248020e-06	5.676853e-09
2.33249886e-06	6.391639e-09
2.33251752e-06	7.701422e-09
2.33253618e-06	7.743103e-09
2.33255485e-06	4.902938e-09
2.33257350e-06	4.448140e-09
2.33259217e-06	6.513828e-09
2.33261083e-06	6.865555e-09
2.33262949e-06	8.109505e-09
2.33264815e-06	8.100462e-09
2.33266681e-06	7.507540e-09
2.33268547e-06	8.342856e-09
2.33270413e-06	8.235944e-09
2.33272279e-06	7.130543e-09
2.33274146e-06	5.890810e-09
2.33276012e-06	6.549753e-09
2.33277878e-06	5.378418e-09
2.33279744e-06	5.820430e-09
2.33281610e-06	5.662994e-09
2.33283477e-06	1.728156e-09
2.33285343e-06	1.546568e-09
2.33287209e-06	5.343200e-09
2.33289075e-06	2.746020e-09
2.33290942e-06	1.501567e-09
2.33292808e-06	5.845217e-09
2.33294675e-06	7.083962e-09
2.33296541e-06	7.428499e-09
2.33298407e-06	6.791845e-09
2.33300274e-06	7.028118e-09
2.33302140e-06	7.998950e-09
2.33304006e-06	7.544235e-09
2.33305873e-06	7.312993e-09
2.33307739e-06	7.469910e-09
2.33309606e-06	7.296314e-09
2.33311472e-06	6.424284e-09
2.33313339e-06	6.764557e-09
2.33315205e-06	5.390007e-09
2.33317072e-06	4.484764e-09
2.33318938e-06	6.915659e-09
2.33320805e-06	7.339079e-09
2.33322671e-06	5.214214e-09
2.33324538e-06	4.610839e-09
2.33326405e-06	6.276847e-09
2.33328271e-06	4.875823e-09
2.33330138e-06	7.043551e-09
2.33332004e-06	7.593465e-09
2.33333871e-06	7.510229e-09
2.33335738e-06	6.749600e-09
2.33337604e-06	5.867748e-09
2.33339471e-06	6.459637e-09
2.33341338e-06	6.332169e-09
2.33343205e-06	8.009981e-09
2.33345071e-06	8.162627e-09
2.33346938e-06	8.138634e-09
2.33348805e-06	7.527126e-09
2.33350672e-06	6.194220e-09
2.33352538e-06	4.736986e-09
2.33354405e-06	5.461465e-09
2.33356272e-06	4.614025e-09
2.33358139e-06	2.836716e-09
2.33360006e-06	6.584757e-09
2.33361873e-06	7.448471e-09
2.33363740e-06	6.560894e-09
2.33365607e-06	6.495222e-09
2.33367473e-06	6.369865e-09
2.33369340e-06	4.037508e-09
2.33371207e-06	1.239022e-09
2.33373074e-06	1.488291e-09
2.33374941e-06	4.451174e-09
2.33376808e-06	2.432593e-09
2.33378675e-06	1.451433e-09
2.33380542e-06	5.106941e-09
2.33382410e-06	7.008559e-09
2.33384277e-06	6.713449e-09
2.33386144e-06	7.200067e-09
2.33388011e-06	7.989409e-09
2.33389878e-06	7.530555e-09
2.33391745e-06	7.625716e-09
2.33393612e-06	6.894360e-09
2.33395479e-06	5.368364e-09
2.33397346e-06	7.305634e-09
2.33399213e-06	8.568147e-09
2.33401081e-06	8.228644e-09
2.33402948e-06	7.636120e-09
2.33404815e-06	7.169197e-09
2.33406682e-06	7.699668e-09
2.33408550e-06	8.563590e-09
2.33410417e-06	8.595898e-09
2.33412284e-06	7.199788e-09
2.33414152e-06	3.564852e-09
2.33416019e-06	1.995810e-09
2.33417886e-06	4.959048e-09
2.33419754e-06	4.276645e-09
2.33421621e-06	3.912348e-09
2.33423488e-06	6.046871e-09
2.33425356e-06	6.947334e-09
2.33427223e-06	6.716969e-09
2.33429090e-06	5.204384e-09
2.33430958e-06	3.016216e-09
2.33432825e-06	4.493695e-09
2.33434693e-06	5.209022e-09
2.33436560e-06	5.849663e-09
2.33438428e-06	7.124049e-09
2.33440295e-06	7.732647e-09
2.33442163e-06	5.979386e-09
2.33444030e-06	3.816992e-09
2.33445898e-06	5.319884e-09
2.33447765e-06	6.040803e-09
2.33449633e-06	6.470690e-09
2.33451501e-06	5.294814e-09
2.33453368e-06	6.374798e-09
2.33455236e-06	7.049899e-09
2.33457104e-06	5.897167e-09
2.33458971e-06	7.241147e-09
2.33460839e-06	7.774294e-09
2.33462706e-06	5.429038e-09
2.33464574e-06	5.044121e-09
2.33466442e-06	6.770020e-09
2.33468310e-06	7.786838e-09
2.33470177e-06	7.269872e-09
2.33472045e-06	6.539009e-09
2.33473913e-06	3.923782e-09
2.33475781e-06	1.438068e-09
2.33477648e-06	1.545874e-09
2.33479516e-06	4.006751e-09
2.33481384e-06	5.325664e-09
2.33483252e-06	4.696420e-09
2.33485120e-06	4.692060e-09
2.33486988e-06	4.432046e-09
2.33488856e-06	5.578651e-09
2.33490724e-06	7.937962e-09
2.33492591e-06	8.418969e-09
2.33494460e-06	8.058321e-09
2.33496327e-06	7.421497e-09
2.33498195e-06	4.699344e-09
2.33500063e-06	5.282153e-09
2.33501931e-06	7.972653e-09
2.33503799e-06	8.268633e-09
2.33505667e-06	8.421318e-09
2.33507535e-06	8.152215e-09
2.33509404e-06	6.293142e-09
2.33511272e-06	2.478948e-09
2.33513140e-06	2.582608e-09
2.33515008e-06	6.553357e-09
2.33516876e-06	6.697377e-09
2.33518744e-06	4.915942e-09
2.33520612e-06	5.443136e-09
2.33522480e-06	6.509254e-09
2.33524348e-06	5.220730e-09
2.33526217e-06	5.063221e-09
2.33528085e-06	6.375892e-09
2.33529953e-06	6.710955e-09
2.33531821e-06	6.248313e-09
2.33533690e-06	5.823277e-09
2.33535558e-06	6.120451e-09
2.33537426e-06	4.242647e-09
2.33539294e-06	3.868385e-09
2.33541163e-06	6.578940e-09
2.33543031e-06	6.913039e-09
2.33544900e-06	6.926943e-09
2.33546768e-06	6.180980e-09
2.33548636e-06	5.873495e-09
2.33550505e-06	5.912175e-09
2.33552373e-06	3.735767e-09
2.33554242e-06	1.236945e-09
2.33556110e-06	2.452080e-09
2.33557978e-06	5.904595e-09
2.33559847e-06	6.565812e-09
2.33561715e-06	6.321566e-09
2.33563584e-06	5.979110e-09
2.33565452e-06	4.347682e-09
2.33567321e-06	2.139282e-09
2.33569189e-06	4.854333e-09
2.33571058e-06	4.912513e-09
2.33572927e-06	4.804133e-09
2.33574795e-06	4.877502e-09
2.33576664e-06	1.685576e-09
2.33578532e-06	1.467319e-09
2.33580401e-06	4.808953e-09
2.33582269e-06	6.303541e-09
2.33584138e-06	7.258067e-09
2.33586007e-06	7.737921e-09
2.33587876e-06	7.201216e-09
2.33589744e-06	5.579711e-09
2.33591613e-06	5.818637e-09
2.33593482e-06	7.623571e-09
2.33595350e-06	7.365615e-09
2.33597219e-06	5.461952e-09
2.33599088e-06	6.169269e-09
2.33600957e-06	6.999517e-09
2.33602826e-06	7.070134e-09
2.33604694e-06	7.403538e-09
2.33606563e-06	8.059919e-09
2.33608432e-06	8.585800e-09
2.33610301e-06	8.733184e-09
2.33612170e-06	8.818476e-09
2.33614039e-06	8.337267e-09
2.33615908e-06	7.712865e-09
2.33617777e-06	7.833894e-09
2.33619646e-06	6.946891e-09
2.33621514e-06	7.023947e-09
2.33623383e-06	8.016820e-09
2.33625253e-06	7.210479e-09
2.33627121e-06	6.930460e-09
2.33628990e-06	6.619089e-09
2.33630860e-06	7.124933e-09
2.33632729e-06	5.397692e-09
2.33634598e-06	3.149547e-09
2.33636467e-06	3.937062e-09
2.33638336e-06	6.993672e-09
2.33640205e-06	6.377537e-09
2.33642074e-06	6.362736e-09
2.33643943e-06	7.668455e-09
2.33645812e-06	6.350756e-09
2.33647681e-06	7.589855e-09
2.33649551e-06	7.632784e-09
2.33651420e-06	7.526063e-09
2.33653289e-06	8.500667e-09
2.33655158e-06	7.771847e-09
2.33657028e-06	6.644178e-09
2.33658897e-06	7.767622e-09
2.33660766e-06	7.162100e-09
2.33662635e-06	6.859925e-09
2.33664505e-06	7.172612e-09
2.33666374e-06	7.537601e-09
2.33668243e-06	6.940651e-09
2.33670113e-06	3.808367e-09
2.33671982e-06	2.963833e-09
2.33673851e-06	4.709745e-09
2.33675721e-06	4.813678e-09
2.33677590e-06	6.555162e-09
2.33679460e-06	6.894301e-09
2.33681329e-06	5.320062e-09
2.33683198e-06	1.459527e-09
2.33685068e-06	2.041763e-09
2.33686937e-06	5.107325e-09
2.33688807e-06	5.455091e-09
2.33690676e-06	5.360684e-09
2.33692546e-06	5.688223e-09
2.33694415e-06	5.706642e-09
2.33696285e-06	6.082890e-09
2.33698155e-06	3.281629e-09
2.33700024e-06	4.088859e-09
2.33701894e-06	5.894228e-09
2.33703763e-06	6.646111e-09
2.33705633e-06	6.387370e-09
2.33707503e-06	7.101238e-09
2.33709372e-06	7.376470e-09
2.33711242e-06	7.241837e-09
2.33713112e-06	7.448632e-09
2.33714981e-06	6.605177e-09
2.33716851e-06	7.195240e-09
2.33718721e-06	8.285887e-09
2.33720591e-06	6.742296e-09
2.33722460e-06	5.830678e-09
2.33724330e-06	6.709473e-09
2.33726200e-06	6.581248e-09
2.33728070e-06	4.646536e-09
2.33729940e-06	4.729262e-09
2.33731809e-06	7.000323e-09
2.33733679e-06	7.416859e-09
2.33735549e-06	7.282788e-09
2.33737419e-06	6.666254e-09
2.33739289e-06	3.773212e-09
2.33741159e-06	1.221123e-09
2.33743029e-06	2.638899e-09
2.33744899e-06	6.039147e-09
2.33746769e-06	6.731701e-09
2.33748639e-06	5.818748e-09
2.33750509e-06	6.305520e-09
2.33752379e-06	6.958872e-09
2.33754249e-06	7.140394e-09
2.33756119e-06	7.338363e-09
2.33757989e-06	8.396114e-09
2.33759859e-06	8.431198e-09
2.33761729e-06	7.557612e-09
2.33763599e-06	5.938669e-09
2.33765469e-06	7.381630e-09
2.33767339e-06	7.257397e-09
2.33769209e-06	7.097852e-09
2.33771079e-06	6.538232e-09
2.33772950e-06	4.955160e-09
2.33774820e-06	2.525665e-09
2.33776690e-06	5.213393e-09
2.33778560e-06	7.271205e-09
2.33780431e-06	7.470498e-09
2.33782301e-06	7.574590e-09
2.33784171e-06	6.907682e-09
2.33786041e-06	7.070216e-09
2.33787912e-06	7.457577e-09
2.33789782e-06	6.689182e-09
2.33791652e-06	4.433038e-09
2.33793523e-06	1.448534e-09
2.33795393e-06	2.191608e-09
2.33797263e-06	4.935102e-09
2.33799134e-06	6.481861e-09
2.33801004e-06	7.140273e-09
2.33802874e-06	6.398648e-09
2.33804745e-06	5.319079e-09
2.33806615e-06	6.829196e-09
2.33808486e-06	6.768770e-09
2.33810356e-06	7.408871e-09
2.33812227e-06	6.451865e-09
2.33814097e-06	6.967520e-09
2.33815968e-06	7.155080e-09
2.33817838e-06	6.141387e-09
2.33819709e-06	5.071556e-09
2.33821579e-06	5.902013e-09
2.33823450e-06	3.355769e-09
2.33825321e-06	6.320998e-09
2.33827191e-06	6.673067e-09
2.33829062e-06	6.583237e-09
2.33830932e-06	6.365917e-09
2.33832803e-06	4.053819e-09
2.33834674e-06	4.134547e-09
2.33836544e-06	7.203262e-09
2.33838415e-06	6.856137e-09
2.33840286e-06	7.651929e-09
2.33842156e-06	7.456707e-09
2.33844027e-06	6.048402e-09
2.33845898e-06	3.885623e-09
2.33847769e-06	5.558045e-09
2.33849639e-06	6.543140e-09
2.33851510e-06	6.385038e-09
2.33853381e-06	5.203344e-09
2.33855252e-06	5.724699e-09
2.33857123e-06	5.838250e-09
2.33858994e-06	5.003910e-09
2.33860864e-06	5.625348e-09
2.33862735e-06	7.097944e-09
2.33864606e-06	6.944094e-09
2.33866477e-06	6.666969e-09
2.33868348e-06	5.345594e-09
2.33870219e-06	5.245380e-09
2.33872090e-06	3.117206e-09
2.33873961e-06	2.389749e-09
2.33875832e-06	4.805948e-09
2.33877703e-06	5.473541e-09
2.33879574e-06	7.214068e-09
2.33881445e-06	7.589762e-09
2.33883316e-06	8.100470e-09
2.33885187e-06	8.271740e-09
2.33887058e-06	6.726262e-09
2.33888929e-06	6.919411e-09
2.33890800e-06	6.772048e-09
2.33892672e-06	6.257930e-09
2.33894543e-06	3.993593e-09
2.33896414e-06	3.582766e-09
2.33898285e-06	6.592033e-09
2.33900156e-06	6.819873e-09
2.33902027e-06	6.452152e-09
2.33903899e-06	6.318680e-09
2.33905770e-06	4.879291e-09
2.33907641e-06	1.425404e-09
2.33909512e-06	1.859392e-09
2.33911384e-06	5.440358e-09
2.33913255e-06	6.735789e-09
2.33915126e-06	6.528765e-09
2.33916998e-06	6.423788e-09
2.33918869e-06	4.778578e-09
2.33920740e-06	5.344606e-09
2.33922612e-06	6.007014e-09
2.33924483e-06	6.977209e-09
2.33926354e-06	7.510430e-09
2.33928226e-06	6.092126e-09
2.33930097e-06	3.512104e-09
2.33931969e-06	1.201951e-09
2.33933840e-06	2.229020e-09
2.33935712e-06	6.256994e-09
2.33937583e-06	7.190818e-09
2.33939455e-06	7.249002e-09
2.33941326e-06	7.500489e-09
2.33943198e-06	7.505657e-09
2.33945069e-06	6.432823e-09
2.33946941e-06	3.784242e-09
2.33948812e-06	4.919637e-09
2.33950684e-06	7.279260e-09
2.33952556e-06	7.850573e-09
2.33954427e-06	7.861696e-09
2.33956299e-06	7.090757e-09
2.33958171e-06	6.633501e-09
2.33960042e-06	4.009269e-09
2.33961914e-06	3.313864e-09
2.33963785e-06	6.033561e-09
2.33965657e-06	4.794520e-09
2.33967529e-06	4.086014e-09
2.33969401e-06	7.528450e-09
2.33971272e-06	7.490541e-09
2.33973144e-06	6.303158e-09
2.33975016e-06	4.901532e-09
2.33976888e-06	6.556942e-09
2.33978760e-06	6.947423e-09
2.33980631e-06	6.963498e-09
2.33982503e-06	7.903846e-09
2.33984375e-06	7.226871e-09
2.33986247e-06	3.957044e-09
2.33988119e-06	1.325240e-09
2.33989991e-06	1.580796e-09
2.33991863e-06	5.248407e-09
2.33993735e-06	7.496693e-09
2.33995607e-06	6.523640e-09
2.33997479e-06	7.730497e-09
2.33999351e-06	8.013658e-09
2.34001223e-06	6.466157e-09
2.34003095e-06	3.883397e-09
2.34004967e-06	4.310909e-09
2.34006839e-06	4.220454e-09
2.34008711e-06	5.310106e-09
2.34010583e-06	6.981623e-09
2.34012455e-06	4.900618e-09
2.34014327e-06	6.195067e-09
2.34016199e-06	5.619613e-09
2.34018071e-06	5.562645e-09
2.34019943e-06	6.403482e-09
2.34021815e-06	7.084456e-09
2.34023688e-06	6.015927e-09
2.34025560e-06	1.606513e-09
2.34027432e-06	1.450986e-09
2.34029304e-06	3.266106e-09
2.34031177e-06	5.881262e-09
2.34033049e-06	6.692708e-09
2.34034921e-06	4.615113e-09
2.34036793e-06	3.171152e-09
2.34038666e-06	3.201826e-09
2.34040538e-06	3.016642e-09
2.34042410e-06	3.328147e-09
2.34044283e-06	2.930428e-09
2.34046155e-06	6.062656e-09
2.34048027e-06	7.587280e-09
2.34049900e-06	7.194125e-09
2.34051772e-06	3.352920e-09
2.34053644e-06	4.011763e-09
2.34055517e-06	5.909766e-09
2.34057389e-06	4.452860e-09
2.34059262e-06	5.655424e-09
2.34061134e-06	4.511826e-09
2.34063007e-06	3.756839e-09
2.34064879e-06	6.285857e-09
2.34066752e-06	5.061201e-09
2.34068624e-06	6.309265e-09
2.34070497e-06	8.325144e-09
2.34072369e-06	8.194391e-09
2.34074242e-06	8.057551e-09
2.34076115e-06	8.297116e-09
2.34077987e-06	7.197630e-09
2.34079860e-06	7.917275e-09
2.34081733e-06	7.330862e-09
2.34083605e-06	6.479159e-09
2.34085478e-06	7.423776e-09
2.34087350e-06	7.096958e-09
2.34089223e-06	6.993534e-09
2.34091096e-06	7.440552e-09
2.34092969e-06	7.233603e-09
2.34094841e-06	8.326354e-09
2.34096714e-06	7.711820e-09
2.34098587e-06	7.217168e-09
2.34100460e-06	7.278914e-09
2.34102333e-06	7.252978e-09
2.34104205e-06	6.525970e-09
2.34106078e-06	3.210905e-09
2.34107951e-06	1.447949e-09
2.34109824e-06	3.929239e-09
2.34111697e-06	5.795229e-09
2.34113570e-06	3.965764e-09
2.34115443e-06	1.345027e-09
2.34117315e-06	4.982005e-09
2.34119188e-06	6.918363e-09
2.34121061e-06	7.140651e-09
2.34122934e-06	6.729805e-09
2.34124807e-06	5.811549e-09
2.34126680e-06	1.345531e-09
2.34128553e-06	1.425529e-09
2.34130426e-06	6.475429e-09
2.34132299e-06	7.196242e-09
2.34134172e-06	5.131830e-09
2.34136045e-06	2.274895e-09
2.34137919e-06	6.048258e-09
2.34139792e-06	7.177731e-09
2.34141665e-06	6.494556e-09
2.34143538e-06	6.123751e-09
2.34145411e-06	4.635937e-09
2.34147284e-06	3.501095e-09
2.34149158e-06	1.387009e-09
2.34151031e-06	3.305272e-09
2.34152904e-06	5.864945e-09
2.34154777e-06	5.105028e-09
2.34156650e-06	5.783929e-09
2.34158524e-06	6.442406e-09
2.34160397e-06	7.754099e-09
2.34162270e-06	7.891305e-09
2.34164143e-06	7.958779e-09
2.34166017e-06	7.670138e-09
2.34167890e-06	6.147804e-09
2.34169763e-06	2.803850e-09
2.34171637e-06	2.827549e-09
2.34173510e-06	5.502773e-09
2.34175384e-06	6.583360e-09
2.34177257e-06	7.876380e-09
2.34179130e-06	7.274430e-09
2.34181004e-06	7.868141e-09
2.34182877e-06	7.789073e-09
2.34184751e-06	6.091951e-09
2.34186624e-06	4.040610e-09
2.34188498e-06	3.018594e-09
2.34190371e-06	6.156980e-09
2.34192245e-06	5.751490e-09
2.34194118e-06	4.484140e-09
2.34195992e-06	5.276721e-09
2.34197865e-06	6.272829e-09
2.34199739e-06	6.918389e-09
2.34201613e-06	6.627247e-09
2.34203486e-06	2.971901e-09
2.34205360e-06	1.185491e-09
2.34207233e-06	4.261845e-09
2.34209107e-06	5.864331e-09
2.34210981e-06	7.460788e-09
2.34212855e-06	7.971626e-09
2.34214728e-06	7.175235e-09
2.34216602e-06	5.650085e-09
2.34218476e-06	6.067281e-09
2.34220349e-06	7.666248e-09
2.34222223e-06	8.348263e-09
2.34224097e-06	8.436854e-09
2.34225971e-06	8.548147e-09
2.34227844e-06	8.901615e-09
2.34229718e-06	9.189946e-09
2.34231592e-06	8.509806e-09
2.34233466e-06	7.859727e-09
2.34235340e-06	8.456758e-09
2.34237214e-06	7.435358e-09
2.34239088e-06	6.949382e-09
2.34240962e-06	7.219503e-09
2.34242835e-06	7.118017e-09
2.34244709e-06	4.624213e-09
2.34246583e-06	6.046091e-09
2.34248457e-06	7.750212e-09
2.34250331e-06	8.225884e-09
2.34252205e-06	8.356241e-09
2.34254079e-06	6.451670e-09
2.34255953e-06	4.899471e-09
2.34257827e-06	5.603980e-09
2.34259702e-06	5.449925e-09
2.34261576e-06	6.477811e-09
2.34263450e-06	7.771429e-09
2.34265324e-06	8.003582e-09
2.34267198e-06	7.070246e-09
2.34269072e-06	5.985023e-09
2.34270946e-06	7.150857e-09
2.34272820e-06	5.998048e-09
2.34274695e-06	1.538778e-09
2.34276569e-06	1.426044e-09
2.34278443e-06	4.615276e-09
2.34280317e-06	6.603740e-09
2.34282191e-06	7.106189e-09
2.34284066e-06	5.509445e-09
2.34285940e-06	5.228971e-09
2.34287814e-06	5.831374e-09
2.34289689e-06	6.458963e-09
2.34291563e-06	7.341432e-09
2.34293437e-06	7.812324e-09
2.34295312e-06	7.862228e-09
2.34297186e-06	7.217811e-09
2.34299060e-06	6.199957e-09
2.34300935e-06	7.268326e-09
2.34302809e-06	8.112966e-09
2.34304684e-06	7.256610e-09
2.34306558e-06	6.009200e-09
2.34308432e-06	7.348474e-09
2.34310307e-06	8.017184e-09
2.34312181e-06	7.768577e-09
2.34314056e-06	7.686480e-09
2.34315930e-06	5.589630e-09
2.34317805e-06	6.622408e-09
2.34319679e-06	7.546628e-09
2.34321554e-06	6.283016e-09
2.34323429e-06	3.852957e-09
2.34325303e-06	3.588149e-09
2.34327178e-06	1.163985e-09
2.34329052e-06	4.795969e-09
2.34330927e-06	6.051766e-09
2.34332802e-06	7.519171e-09
2.34334676e-06	8.406351e-09
2.34336551e-06	8.117616e-09
2.34338426e-06	6.534279e-09
2.34340300e-06	7.268192e-09
2.34342175e-06	6.439149e-09
2.34344050e-06	6.241804e-09
2.34345925e-06	6.250061e-09
2.34347799e-06	3.835280e-09
2.34349674e-06	2.897060e-09
2.34351549e-06	6.030608e-09
2.34353424e-06	7.091359e-09
2.34355299e-06	6.893931e-09
2.34357173e-06	6.972312e-09
2.34359048e-06	5.760176e-09
2.34360923e-06	2.899438e-09
2.34362798e-06	2.405502e-09
2.34364673e-06	5.879251e-09
2.34366548e-06	4.373346e-09
2.34368423e-06	1.681754e-09
2.34370298e-06	3.003226e-09
2.34372173e-06	5.080574e-09
2.34374048e-06	7.483488e-09
2.34375923e-06	6.874839e-09
2.34377798e-06	7.031027e-09
2.34379673e-06	7.443989e-09
2.34381548e-06	4.421962e-09
2.34383423e-06	2.857439e-09
2.34385298e-06	5.246818e-09
2.34387173e-06	6.017050e-09
2.34389048e-06	7.516608e-09
2.34390923e-06	6.809493e-09
2.34392798e-06	6.641464e-09
2.34394673e-06	7.985974e-09
2.34396549e-06	7.537268e-09
2.34398424e-06	5.736877e-09
2.34400299e-06	6.769958e-09
2.34402174e-06	5.629261e-09
2.34404049e-06	4.563719e-09
2.34405925e-06	1.419116e-09
2.34407800e-06	1.645443e-09
2.34409675e-06	5.425377e-09
2.34411550e-06	6.403654e-09
2.34413426e-06	6.039101e-09
2.34415301e-06	6.851807e-09
2.34417176e-06	7.666309e-09
2.34419052e-06	7.678374e-09
2.34420927e-06	7.239352e-09
2.34422802e-06	7.376647e-09
2.34424678e-06	7.602832e-09
2.34426553e-06	7.954767e-09
2.34428429e-06	6.350956e-09
2.34430304e-06	6.204212e-09
2.34432179e-06	5.117167e-09
2.34434055e-06	6.075818e-09
2.34435930e-06	7.312460e-09
2.34437806e-06	7.022821e-09
2.34439681e-06	6.384845e-09
2.34441557e-06	6.234847e-09
2.34443432e-06	6.072454e-09
2.34445308e-06	2.663495e-09
2.34447183e-06	3.210541e-09
2.34449059e-06	5.398757e-09
2.34450935e-06	4.126662e-09
2.34452810e-06	5.371953e-09
2.34454686e-06	6.373269e-09
2.34456562e-06	5.634207e-09
2.34458437e-06	5.818192e-09
2.34460313e-06	7.193577e-09
2.34462189e-06	7.682247e-09
2.34464064e-06	6.986399e-09
2.34465940e-06	6.469054e-09
2.34467816e-06	5.067172e-09
2.34469691e-06	1.300529e-09
2.34471567e-06	1.266728e-09
2.34473443e-06	5.074478e-09
2.34475319e-06	5.719831e-09
2.34477195e-06	4.081665e-09
2.34479070e-06	1.595778e-09
2.34480946e-06	2.543186e-09
2.34482822e-06	4.510435e-09
2.34484698e-06	7.097739e-09
2.34486574e-06	6.906300e-09
2.34488450e-06	4.627912e-09
2.34490326e-06	4.989776e-09
2.34492202e-06	5.427992e-09
2.34494077e-06	6.028680e-09
2.34495953e-06	3.658593e-09
2.34497829e-06	5.654838e-09
2.34499705e-06	6.627546e-09
2.34501581e-06	4.882865e-09
2.34503457e-06	1.233531e-09
2.34505333e-06	1.733577e-09
2.34507209e-06	5.031705e-09
2.34509086e-06	4.253124e-09
2.34510962e-06	6.478587e-09
2.34512838e-06	7.819309e-09
2.34514714e-06	8.125501e-09
2.34516590e-06	7.456930e-09
2.34518466e-06	6.771698e-09
2.34520342e-06	6.656952e-09
2.34522218e-06	4.692830e-09
2.34524094e-06	3.038449e-09
2.34525971e-06	5.351128e-09
2.34527847e-06	5.405692e-09
2.34529723e-06	1.575084e-09
2.34531599e-06	2.292916e-09
2.34533476e-06	5.871250e-09
2.34535352e-06	6.320813e-09
2.34537228e-06	4.581853e-09
2.34539104e-06	4.565755e-09
2.34540981e-06	1.408844e-09
2.34542857e-06	1.706052e-09
2.34544733e-06	2.776263e-09
2.34546610e-06	4.185003e-09
2.34548486e-06	2.497543e-09
2.34550363e-06	3.767236e-09
2.34552239e-06	7.033191e-09
2.34554115e-06	7.222550e-09
2.34555992e-06	5.913061e-09
2.34557868e-06	7.055455e-09
2.34559745e-06	7.527972e-09
2.34561621e-06	3.679986e-09
2.34563498e-06	4.132415e-09
2.34565374e-06	6.969797e-09
2.34567251e-06	8.250453e-09
2.34569127e-06	7.555827e-09
2.34571004e-06	6.951674e-09
2.34572880e-06	8.033525e-09
2.34574757e-06	6.653944e-09
2.34576634e-06	6.610642e-09
2.34578510e-06	8.640246e-09
2.34580387e-06	8.967873e-09
2.34582263e-06	8.111268e-09
2.34584140e-06	5.908986e-09
2.34586017e-06	6.411590e-09
2.34587894e-06	8.421329e-09
2.34589770e-06	8.265049e-09
2.34591647e-06	8.379863e-09
2.34593524e-06	8.243088e-09
2.34595400e-06	7.773040e-09
2.34597277e-06	6.254379e-09
2.34599154e-06	5.359254e-09
2.34601031e-06	8.146696e-09
2.34602908e-06	8.871163e-09
2.34604784e-06	7.003804e-09
2.34606661e-06	6.128306e-09
2.34608538e-06	7.260806e-09
2.34610415e-06	6.658870e-09
2.34612292e-06	6.614806e-09
2.34614169e-06	7.678987e-09
2.34616046e-06	6.932335e-09
2.34617923e-06	5.263954e-09
2.34619800e-06	7.415182e-09
2.34621676e-06	8.257506e-09
2.34623553e-06	7.863290e-09
2.34625430e-06	7.545158e-09
2.34627307e-06	7.865265e-09
2.34629184e-06	8.129210e-09
2.34631061e-06	6.535948e-09
2.34632938e-06	6.370604e-09
2.34634816e-06	6.312689e-09
2.34636693e-06	6.565280e-09
2.34638570e-06	7.108646e-09
2.34640447e-06	6.663019e-09
2.34642324e-06	5.937548e-09
2.34644201e-06	2.252247e-09
2.34646078e-06	1.187700e-09
2.34647955e-06	4.437414e-09
2.34649833e-06	6.454402e-09
2.34651710e-06	7.259545e-09
2.34653587e-06	6.700116e-09
2.34655464e-06	7.666098e-09
2.34657341e-06	8.218026e-09
2.34659219e-06	7.568215e-09
2.34661096e-06	6.917456e-09
2.34662973e-06	7.041367e-09
2.34664851e-06	6.252928e-09
2.34666728e-06	6.461534e-09
2.34668605e-06	7.856959e-09
2.34670483e-06	8.297948e-09
2.34672360e-06	7.781829e-09
2.34674237e-06	7.606452e-09
2.34676115e-06	6.766263e-09
2.34677992e-06	5.199906e-09
2.34679870e-06	1.491052e-09
2.34681747e-06	1.570232e-09
2.34683625e-06	5.721629e-09
2.34685502e-06	6.727716e-09
2.34687379e-06	6.461787e-09
2.34689257e-06	3.488589e-09
2.34691134e-06	2.292916e-09
2.34693012e-06	3.705387e-09
2.34694889e-06	5.641030e-09
2.34696767e-06	6.707486e-09
2.34698645e-06	7.705109e-09
2.34700522e-06	7.337632e-09
2.34702400e-06	7.200261e-09
2.34704277e-06	7.843319e-09
2.34706155e-06	7.765065e-09
2.34708033e-06	8.205089e-09
2.34709910e-06	8.680543e-09
2.34711788e-06	8.293651e-09
2.34713666e-06	7.741948e-09
2.34715543e-06	5.802086e-09
2.34717421e-06	4.903070e-09
2.34719299e-06	3.521070e-09
2.34721177e-06	6.134799e-09
2.34723054e-06	6.219229e-09
2.34724932e-06	6.229402e-09
2.34726810e-06	6.764761e-09
2.34728688e-06	5.965155e-09
2.34730566e-06	5.999387e-09
2.34732444e-06	3.640048e-09
2.34734321e-06	6.887649e-09
2.34736199e-06	7.723141e-09
2.34738077e-06	7.657630e-09
2.34739955e-06	6.031390e-09
2.34741833e-06	3.732008e-09
2.34743711e-06	4.803254e-09
2.34745589e-06	7.242951e-09
2.34747467e-06	7.477169e-09
2.34749345e-06	5.395028e-09
2.34751223e-06	2.371898e-09
2.34753101e-06	4.372518e-09
2.34754979e-06	3.455876e-09
2.34756857e-06	4.181714e-09
2.34758735e-06	5.918155e-09
2.34760613e-06	7.387747e-09
2.34762491e-06	7.689703e-09
2.34764369e-06	6.184653e-09
2.34766247e-06	3.654773e-09
2.34768125e-06	4.882908e-09
2.34770004e-06	5.377203e-09
2.34771882e-06	4.938369e-09
2.34773760e-06	4.655158e-09
2.34775638e-06	5.861204e-09
2.34777516e-06	5.109740e-09
2.34779395e-06	6.147301e-09
2.34781273e-06	6.556789e-09
2.34783151e-06	6.832614e-09
2.34785029e-06	8.379331e-09
2.34786908e-06	7.751183e-09
2.34788786e-06	7.459308e-09
2.34790664e-06	8.411521e-09
2.34792542e-06	8.518138e-09
2.34794421e-06	8.020754e-09
2.34796299e-06	7.496452e-09
2.34798178e-06	7.965668e-09
2.34800056e-06	8.144027e-09
2.34801934e-06	7.106616e-09
2.34803813e-06	7.894810e-09
2.34805691e-06	7.896340e-09
2.34807570e-06	7.491302e-09
2.34809448e-06	6.941545e-09
2.34811327e-06	6.092656e-09
2.34813205e-06	5.258477e-09
2.34815084e-06	5.338000e-09
2.34816962e-06	7.120724e-09
2.34818841e-06	7.146717e-09
2.34820719e-06	6.182138e-09
2.34822598e-06	2.126651e-09
2.34824476e-06	1.381324e-09
2.34826355e-06	4.567761e-09
2.34828234e-06	6.425983e-09
2.34830112e-06	7.288777e-09
2.34831991e-06	7.913746e-09
2.34833869e-06	7.143181e-09
2.34835748e-06	7.314538e-09
2.34837627e-06	7.036214e-09
2.34839506e-06	7.704392e-09
2.34841384e-06	6.859504e-09
2.34843263e-06	6.572553e-09
2.34845142e-06	6.616379e-09
2.34847021e-06	7.811546e-09
2.34848899e-06	7.550669e-09
2.34850778e-06	7.499589e-09
2.34852657e-06	5.870416e-09
2.34854536e-06	5.715490e-09
2.34856415e-06	6.731377e-09
2.34858293e-06	7.153239e-09
2.34860172e-06	7.039487e-09
2.34862051e-06	8.367786e-09
2.34863930e-06	8.208442e-09
2.34865809e-06	7.068750e-09
2.34867688e-06	4.012130e-09
2.34869567e-06	4.491467e-09
2.34871446e-06	6.315586e-09
2.34873325e-06	6.144492e-09
2.34875204e-06	8.052357e-09
2.34877083e-06	8.459173e-09
2.34878962e-06	7.178520e-09
2.34880841e-06	6.215321e-09
2.34882720e-06	5.634668e-09
2.34884599e-06	5.701491e-09
2.34886478e-06	7.412150e-09
2.34888357e-06	7.275147e-09
2.34890236e-06	7.701269e-09
2.34892115e-06	8.459922e-09
2.34893994e-06	8.459534e-09
2.34895873e-06	5.819844e-09
2.34897753e-06	6.736270e-09
2.34899632e-06	5.811358e-09
2.34901511e-06	5.025049e-09
2.34903390e-06	7.558113e-09
2.34905269e-06	7.636424e-09
2.34907149e-06	7.664247e-09
2.34909028e-06	7.079528e-09
2.34910907e-06	6.557349e-09
2.34912787e-06	7.374047e-09
2.34914666e-06	7.079622e-09
2.34916545e-06	6.065507e-09
2.34918425e-06	6.734237e-09
2.34920304e-06	5.728996e-09
2.34922183e-06	6.294824e-09
2.34924063e-06	5.867186e-09
2.34925942e-06	7.406184e-09
2.34927821e-06	8.002169e-09
2.34929701e-06	5.142722e-09
2.34931580e-06	5.758710e-09
2.34933460e-06	6.032018e-09
2.34935339e-06	4.551608e-09
2.34937219e-06	3.170898e-09
2.34939098e-06	5.307024e-09
2.34940978e-06	6.052020e-09
2.34942857e-06	3.139845e-09
2.34944737e-06	6.124032e-09
2.34946616e-06	6.603149e-09
2.34948496e-06	5.074047e-09
2.34950375e-06	1.213883e-09
2.34952255e-06	4.508457e-09
2.34954135e-06	7.159357e-09
2.34956014e-06	7.629005e-09
2.34957894e-06	6.666467e-09
2.34959774e-06	7.753684e-09
2.34961653e-06	5.726883e-09
2.34963533e-06	4.722802e-09
2.34965413e-06	5.995326e-09
2.34967292e-06	4.432613e-09
2.34969172e-06	4.253677e-09
2.34971052e-06	1.391019e-09
2.34972932e-06	2.303429e-09
2.34974812e-06	5.029253e-09
2.34976691e-06	2.407242e-09
2.34978571e-06	4.992707e-09
2.34980451e-06	5.633392e-09
2.34982331e-06	4.484512e-09
2.34984211e-06	1.626993e-09
2.34986090e-06	4.017697e-09
2.34987970e-06	5.088961e-09
2.34989850e-06	5.786755e-09
2.34991730e-06	7.762541e-09
2.34993610e-06	7.456699e-09
2.34995490e-06	7.853280e-09
2.34997370e-06	6.413454e-09
