2.30001633e-06	5.580737e-09
2.30003473e-06	3.513349e-09
2.30005313e-06	5.336654e-09
2.30007153e-06	4.311692e-09
2.30008993e-06	3.752685e-09
2.30010833e-06	6.055137e-09
2.30012673e-06	6.516408e-09
2.30014513e-06	6.510566e-09
2.30016353e-06	6.109742e-09
2.30018194e-06	6.372109e-09
2.30020034e-06	6.528435e-09
2.30021874e-06	7.096234e-09
2.30023714e-06	6.410874e-09
2.30025554e-06	5.648865e-09
2.30027395e-06	5.637813e-09
2.30029235e-06	5.034763e-09
2.30031075e-06	5.538045e-09
2.30032915e-06	5.933161e-09
2.30034756e-06	6.419523e-09
2.30036596e-06	5.258618e-09
2.30038436e-06	4.638182e-09
2.30040276e-06	5.188904e-09
2.30042117e-06	4.987506e-09
2.30043957e-06	5.324245e-09
2.30045797e-06	5.284704e-09
2.30047638e-06	4.263882e-09
2.30049478e-06	3.065581e-09
2.30051319e-06	2.319666e-09
2.30053159e-06	1.335425e-09
2.30054999e-06	1.505719e-09
2.30056840e-06	2.480670e-09
2.30058680e-06	3.262071e-09
2.30060521e-06	1.590845e-09
2.30062361e-06	2.737973e-09
2.30064202e-06	4.237672e-09
2.30066042e-06	4.469651e-09
2.30067883e-06	4.947406e-09
2.30069723e-06	4.882757e-09
2.30071564e-06	3.770134e-09
2.30073404e-06	1.288228e-09
2.30075245e-06	1.389475e-09
2.30077086e-06	4.256211e-09
2.30078926e-06	5.003874e-09
2.30080767e-06	5.465345e-09
2.30082608e-06	5.487213e-09
2.30084448e-06	5.699309e-09
2.30086289e-06	5.709481e-09
2.30088129e-06	5.666784e-09
2.30089970e-06	5.603454e-09
2.30091811e-06	5.655821e-09
2.30093652e-06	5.734392e-09
2.30095492e-06	5.834007e-09
2.30097333e-06	4.330622e-09
2.30099174e-06	3.786765e-09
2.30101015e-06	3.984782e-09
2.30102856e-06	4.317860e-09
2.30104696e-06	5.181525e-09
2.30106537e-06	4.919449e-09
2.30108378e-06	2.553803e-09
2.30110219e-06	1.503278e-09
2.30112060e-06	4.047827e-09
2.30113901e-06	5.396270e-09
2.30115742e-06	5.908979e-09
2.30117583e-06	5.749944e-09
2.30119423e-06	4.518526e-09
2.30121265e-06	3.795395e-09
2.30123105e-06	4.771016e-09
2.30124946e-06	4.640306e-09
2.30126787e-06	4.122727e-09
2.30128628e-06	2.706896e-09
2.30130469e-06	1.349796e-09
2.30132310e-06	1.473618e-09
2.30134152e-06	1.883095e-09
2.30135993e-06	2.908497e-09
2.30137834e-06	3.318543e-09
2.30139675e-06	1.421241e-09
2.30141516e-06	2.361639e-09
2.30143357e-06	4.989567e-09
2.30145198e-06	5.420206e-09
2.30147039e-06	4.139462e-09
2.30148881e-06	1.520218e-09
2.30150722e-06	1.220991e-09
2.30152563e-06	3.963930e-09
2.30154404e-06	5.389986e-09
2.30156245e-06	5.639336e-09
2.30158087e-06	5.547130e-09
2.30159928e-06	6.186012e-09
2.30161769e-06	6.157270e-09
2.30163611e-06	4.955935e-09
2.30165452e-06	4.520619e-09
2.30167293e-06	4.659602e-09
2.30169135e-06	5.533555e-09
2.30170976e-06	6.113589e-09
2.30172817e-06	6.637054e-09
2.30174659e-06	6.231860e-09
2.30176500e-06	5.061429e-09
2.30178341e-06	6.274775e-09
2.30180183e-06	5.903728e-09
2.30182024e-06	4.971415e-09
2.30183866e-06	5.883146e-09
2.30185707e-06	5.364828e-09
2.30187549e-06	4.994416e-09
2.30189390e-06	5.575677e-09
2.30191232e-06	6.419319e-09
2.30193073e-06	6.149885e-09
2.30194915e-06	5.982732e-09
2.30196756e-06	6.443975e-09
2.30198598e-06	6.143898e-09
2.30200440e-06	5.461025e-09
2.30202281e-06	4.141239e-09
2.30204123e-06	4.230164e-09
2.30205964e-06	4.676192e-09
2.30207806e-06	4.370453e-09
2.30209648e-06	3.267818e-09
2.30211489e-06	1.342181e-09
2.30213331e-06	1.477398e-09
2.30215173e-06	2.256620e-09
2.30217014e-06	4.179697e-09
2.30218856e-06	4.988154e-09
2.30220698e-06	5.552596e-09
2.30222540e-06	5.533502e-09
2.30224381e-06	5.710224e-09
2.30226223e-06	4.732751e-09
2.30228065e-06	4.012988e-09
2.30229907e-06	5.478451e-09
2.30231749e-06	5.688468e-09
2.30233591e-06	5.940994e-09
2.30235433e-06	6.495144e-09
2.30237274e-06	6.741669e-09
2.30239116e-06	6.914617e-09
2.30240958e-06	6.285508e-09
2.30242800e-06	5.955579e-09
2.30244642e-06	6.337584e-09
2.30246484e-06	6.351502e-09
2.30248326e-06	6.380456e-09
2.30250168e-06	6.330920e-09
2.30252010e-06	6.168857e-09
2.30253852e-06	5.550243e-09
2.30255694e-06	6.086965e-09
2.30257536e-06	6.289726e-09
2.30259378e-06	6.326540e-09
2.30261220e-06	5.962655e-09
2.30263062e-06	6.069169e-09
2.30264904e-06	5.820598e-09
2.30266747e-06	5.766922e-09
2.30268589e-06	6.424759e-09
2.30270431e-06	6.146056e-09
2.30272273e-06	5.463484e-09
2.30274115e-06	4.285162e-09
2.30275957e-06	1.564719e-09
2.30277800e-06	1.896914e-09
2.30279642e-06	3.217356e-09
2.30281484e-06	3.232740e-09
2.30283326e-06	5.164751e-09
2.30285168e-06	5.361984e-09
2.30287011e-06	5.626914e-09
2.30288853e-06	5.443345e-09
2.30290695e-06	4.738198e-09
2.30292538e-06	3.960490e-09
2.30294380e-06	3.487662e-09
2.30296222e-06	1.415080e-09
2.30298065e-06	1.587110e-09
2.30299907e-06	1.383260e-09
2.30301750e-06	2.633260e-09
2.30303592e-06	3.632082e-09
2.30305434e-06	4.942263e-09
2.30307277e-06	5.298435e-09
2.30309119e-06	5.441611e-09
2.30310962e-06	5.120747e-09
2.30312804e-06	4.165073e-09
2.30314647e-06	5.644133e-09
2.30316489e-06	6.219140e-09
2.30318332e-06	5.371778e-09
2.30320174e-06	2.845691e-09
2.30322017e-06	3.518358e-09
2.30323860e-06	6.246662e-09
2.30325702e-06	6.514452e-09
2.30327545e-06	6.007919e-09
2.30329387e-06	4.951546e-09
2.30331230e-06	2.902953e-09
2.30333073e-06	2.644080e-09
2.30334915e-06	3.431791e-09
2.30336758e-06	4.785641e-09
2.30338601e-06	6.239486e-09
2.30340443e-06	6.738026e-09
2.30342286e-06	7.444056e-09
2.30344129e-06	7.070966e-09
2.30345972e-06	6.384905e-09
2.30347814e-06	6.520181e-09
2.30349657e-06	6.743478e-09
2.30351500e-06	6.727905e-09
2.30353343e-06	5.805944e-09
2.30355186e-06	5.414161e-09
2.30357028e-06	4.886482e-09
2.30358871e-06	3.476338e-09
2.30360714e-06	3.854651e-09
2.30362557e-06	4.953962e-09
2.30364400e-06	5.332209e-09
2.30366243e-06	6.226785e-09
2.30368086e-06	5.923642e-09
2.30369929e-06	5.839638e-09
2.30371772e-06	5.178759e-09
2.30373615e-06	4.001917e-09
2.30375458e-06	3.735178e-09
2.30377301e-06	3.294883e-09
2.30379144e-06	4.053112e-09
2.30380987e-06	3.593670e-09
2.30382830e-06	3.334073e-09
2.30384673e-06	2.359047e-09
2.30386516e-06	1.475575e-09
2.30388359e-06	1.257838e-09
2.30390202e-06	2.632768e-09
2.30392045e-06	3.011215e-09
2.30393888e-06	4.258760e-09
2.30395731e-06	4.415477e-09
2.30397575e-06	5.043568e-09
2.30399418e-06	5.565913e-09
2.30401261e-06	5.683613e-09
2.30403104e-06	6.366250e-09
2.30404947e-06	6.105118e-09
2.30406791e-06	5.559622e-09
2.30408634e-06	5.540220e-09
2.30410477e-06	5.723964e-09
2.30412321e-06	6.504576e-09
2.30414164e-06	6.667390e-09
2.30416007e-06	5.974746e-09
2.30417850e-06	5.883398e-09
2.30419694e-06	5.997949e-09
2.30421537e-06	4.918875e-09
2.30423381e-06	5.075079e-09
2.30425224e-06	6.287852e-09
2.30427067e-06	5.732862e-09
2.30428911e-06	5.666571e-09
2.30430754e-06	5.861101e-09
2.30432598e-06	5.136766e-09
2.30434441e-06	5.997832e-09
2.30436285e-06	6.866684e-09
2.30438128e-06	7.680076e-09
2.30439971e-06	7.223792e-09
2.30441815e-06	7.287164e-09
2.30443659e-06	7.040760e-09
2.30445502e-06	5.824821e-09
2.30447346e-06	5.706099e-09
2.30449189e-06	5.426077e-09
2.30451033e-06	6.089049e-09
2.30452877e-06	6.133785e-09
2.30454720e-06	6.650192e-09
2.30456564e-06	6.331192e-09
2.30458407e-06	6.505705e-09
2.30460251e-06	6.441099e-09
2.30462095e-06	5.634818e-09
2.30463938e-06	5.043975e-09
2.30465782e-06	5.649996e-09
2.30467626e-06	6.069810e-09
2.30469470e-06	5.371681e-09
2.30471313e-06	4.343727e-09
2.30473157e-06	2.842777e-09
2.30475001e-06	3.165452e-09
2.30476845e-06	3.294147e-09
2.30478688e-06	1.295643e-09
2.30480532e-06	1.592899e-09
2.30482376e-06	1.561381e-09
2.30484220e-06	3.475534e-09
2.30486064e-06	3.799710e-09
2.30487908e-06	4.048189e-09
2.30489752e-06	4.596254e-09
2.30491596e-06	4.333092e-09
2.30493440e-06	2.111499e-09
2.30495284e-06	3.079024e-09
2.30497128e-06	2.713124e-09
2.30498972e-06	2.336549e-09
2.30500815e-06	4.175742e-09
2.30502660e-06	5.420300e-09
2.30504504e-06	4.496873e-09
2.30506347e-06	4.859438e-09
2.30508192e-06	5.124076e-09
2.30510036e-06	5.213362e-09
2.30511880e-06	5.427623e-09
2.30513724e-06	5.932622e-09
2.30515568e-06	5.689053e-09
2.30517412e-06	5.749251e-09
2.30519256e-06	6.081110e-09
2.30521100e-06	5.165778e-09
2.30522944e-06	5.535439e-09
2.30524789e-06	5.556814e-09
2.30526633e-06	5.633600e-09
2.30528477e-06	5.903203e-09
2.30530321e-06	5.975935e-09
2.30532166e-06	4.543768e-09
2.30534010e-06	4.900218e-09
2.30535854e-06	5.569734e-09
2.30537698e-06	5.184280e-09
2.30539543e-06	3.802704e-09
2.30541387e-06	1.335847e-09
2.30543231e-06	2.780478e-09
2.30545076e-06	4.455467e-09
2.30546920e-06	3.737456e-09
2.30548764e-06	2.139656e-09
2.30550609e-06	3.802864e-09
2.30552453e-06	5.640308e-09
2.30554298e-06	6.124089e-09
2.30556142e-06	5.893531e-09
2.30557987e-06	5.551005e-09
2.30559831e-06	5.273195e-09
2.30561675e-06	4.374704e-09
2.30563520e-06	1.483401e-09
2.30565365e-06	1.109243e-09
2.30567209e-06	2.938112e-09
2.30569054e-06	3.876091e-09
2.30570898e-06	4.422359e-09
2.30572743e-06	3.800552e-09
2.30574587e-06	2.831571e-09
2.30576432e-06	1.281252e-09
2.30578276e-06	1.497673e-09
2.30580121e-06	1.910308e-09
2.30581966e-06	3.871553e-09
2.30583810e-06	4.745824e-09
2.30585655e-06	4.332955e-09
2.30587500e-06	3.403170e-09
2.30589344e-06	2.828600e-09
2.30591189e-06	4.242422e-09
2.30593034e-06	5.174190e-09
2.30594879e-06	4.745549e-09
2.30596723e-06	4.799727e-09
2.30598568e-06	4.462671e-09
2.30600413e-06	5.568199e-09
2.30602258e-06	6.412390e-09
2.30604102e-06	6.713996e-09
2.30605947e-06	6.895542e-09
2.30607792e-06	6.615935e-09
2.30609637e-06	6.333797e-09
2.30611482e-06	5.945133e-09
2.30613327e-06	4.712727e-09
2.30615172e-06	4.603866e-09
2.30617017e-06	5.759285e-09
2.30618862e-06	5.218698e-09
2.30620707e-06	4.558357e-09
2.30622551e-06	5.179869e-09
2.30624396e-06	6.187845e-09
2.30626241e-06	6.161553e-09
2.30628087e-06	5.978469e-09
2.30629932e-06	6.386898e-09
2.30631777e-06	7.090968e-09
2.30633622e-06	6.331174e-09
2.30635467e-06	5.235948e-09
2.30637312e-06	5.884150e-09
2.30639157e-06	5.674999e-09
2.30641002e-06	5.376637e-09
2.30642847e-06	6.028179e-09
2.30644692e-06	4.416096e-09
2.30646537e-06	4.089527e-09
2.30648383e-06	4.556791e-09
2.30650228e-06	3.562166e-09
2.30652073e-06	3.195260e-09
2.30653918e-06	3.991764e-09
2.30655763e-06	4.525024e-09
2.30657609e-06	4.788576e-09
2.30659454e-06	5.036929e-09
2.30661299e-06	5.303784e-09
2.30663144e-06	3.580893e-09
2.30664990e-06	2.479926e-09
2.30666835e-06	1.421072e-09
2.30668681e-06	3.191841e-09
2.30670526e-06	4.172707e-09
2.30672371e-06	3.925084e-09
2.30674217e-06	3.705689e-09
2.30676062e-06	1.933650e-09
2.30677907e-06	1.396501e-09
2.30679753e-06	1.415177e-09
2.30681598e-06	2.389864e-09
2.30683444e-06	3.597260e-09
2.30685289e-06	3.466530e-09
2.30687135e-06	4.654897e-09
2.30688980e-06	4.899240e-09
2.30690826e-06	4.117065e-09
2.30692671e-06	4.073852e-09
2.30694517e-06	5.295394e-09
2.30696362e-06	5.580460e-09
2.30698208e-06	5.845883e-09
2.30700053e-06	6.175037e-09
2.30701899e-06	6.682265e-09
2.30703745e-06	6.136038e-09
2.30705590e-06	5.514279e-09
2.30707436e-06	6.454260e-09
2.30709282e-06	6.483166e-09
2.30711127e-06	6.699196e-09
2.30712973e-06	6.810556e-09
2.30714819e-06	6.945833e-09
2.30716664e-06	6.718049e-09
2.30718510e-06	6.856046e-09
2.30720356e-06	6.915768e-09
2.30722202e-06	6.225514e-09
2.30724047e-06	5.543475e-09
2.30725893e-06	5.601908e-09
2.30727739e-06	6.027821e-09
2.30729585e-06	4.526674e-09
2.30731431e-06	4.012297e-09
2.30733277e-06	5.694464e-09
2.30735122e-06	6.398162e-09
2.30736968e-06	5.821542e-09
2.30738814e-06	4.303389e-09
2.30740660e-06	5.032116e-09
2.30742506e-06	6.152059e-09
2.30744352e-06	6.653699e-09
2.30746198e-06	6.544252e-09
2.30748044e-06	5.870118e-09
2.30749890e-06	5.391927e-09
2.30751736e-06	4.301977e-09
2.30753582e-06	4.904079e-09
2.30755428e-06	5.377848e-09
2.30757274e-06	4.964191e-09
2.30759120e-06	4.317995e-09
2.30760966e-06	3.280710e-09
2.30762812e-06	1.603568e-09
2.30764658e-06	1.161163e-09
2.30766504e-06	2.464679e-09
2.30768351e-06	3.388746e-09
2.30770197e-06	4.693970e-09
2.30772043e-06	5.611952e-09
2.30773889e-06	5.543247e-09
2.30775735e-06	5.331715e-09
2.30777581e-06	4.740485e-09
2.30779428e-06	3.416455e-09
2.30781274e-06	2.408025e-09
2.30783120e-06	1.361165e-09
2.30784966e-06	1.428130e-09
2.30786813e-06	2.103874e-09
2.30788659e-06	3.830464e-09
2.30790505e-06	4.729430e-09
2.30792352e-06	4.978595e-09
2.30794198e-06	5.165639e-09
2.30796044e-06	5.767996e-09
2.30797891e-06	6.002721e-09
2.30799737e-06	5.707459e-09
2.30801583e-06	4.768473e-09
2.30803430e-06	4.044563e-09
2.30805276e-06	2.513196e-09
2.30807123e-06	4.010991e-09
2.30808969e-06	5.732688e-09
2.30810816e-06	6.053364e-09
2.30812662e-06	5.944337e-09
2.30814509e-06	6.507935e-09
2.30816355e-06	6.929409e-09
2.30818202e-06	6.420812e-09
2.30820048e-06	5.138026e-09
2.30821895e-06	5.315001e-09
2.30823741e-06	6.251806e-09
2.30825588e-06	6.501662e-09
2.30827434e-06	5.351264e-09
2.30829281e-06	4.841725e-09
2.30831128e-06	5.872282e-09
2.30832974e-06	6.129273e-09
2.30834821e-06	5.796107e-09
2.30836668e-06	5.491415e-09
2.30838514e-06	5.762599e-09
2.30840361e-06	6.429332e-09
2.30842208e-06	6.669096e-09
2.30844055e-06	6.773063e-09
2.30845901e-06	6.262179e-09
2.30847748e-06	5.290509e-09
2.30849595e-06	4.509263e-09
2.30851442e-06	3.889572e-09
2.30853288e-06	4.970212e-09
2.30855135e-06	5.820151e-09
2.30856982e-06	6.053840e-09
2.30858829e-06	6.202064e-09
2.30860676e-06	6.546276e-09
2.30862523e-06	6.764277e-09
2.30864370e-06	6.241130e-09
2.30866217e-06	6.336402e-09
2.30868063e-06	6.803368e-09
2.30869911e-06	6.282715e-09
2.30871757e-06	5.710443e-09
2.30873604e-06	5.273767e-09
2.30875451e-06	5.469653e-09
2.30877298e-06	6.130354e-09
2.30879145e-06	5.568678e-09
2.30880992e-06	4.625062e-09
2.30882840e-06	4.582520e-09
2.30884687e-06	5.196119e-09
2.30886534e-06	4.873578e-09
2.30888381e-06	3.718494e-09
2.30890228e-06	2.199429e-09
2.30892075e-06	1.222829e-09
2.30893922e-06	1.538647e-09
2.30895769e-06	1.814684e-09
2.30897616e-06	3.059682e-09
2.30899464e-06	2.521552e-09
2.30901311e-06	3.646301e-09
2.30903158e-06	4.938060e-09
2.30905005e-06	5.136528e-09
2.30906852e-06	4.422590e-09
2.30908700e-06	3.391130e-09
2.30910547e-06	3.584359e-09
2.30912394e-06	3.636208e-09
2.30914242e-06	4.905704e-09
2.30916089e-06	4.530523e-09
2.30917936e-06	4.901976e-09
2.30919784e-06	2.874303e-09
2.30921631e-06	3.145183e-09
2.30923478e-06	4.912994e-09
2.30925326e-06	5.659843e-09
2.30927173e-06	6.370059e-09
2.30929021e-06	6.259004e-09
2.30930868e-06	6.648551e-09
2.30932715e-06	6.207930e-09
2.30934563e-06	5.116296e-09
2.30936410e-06	2.777174e-09
2.30938258e-06	4.089349e-09
2.30940105e-06	5.910418e-09
2.30941953e-06	5.861864e-09
2.30943800e-06	5.483138e-09
2.30945648e-06	4.966545e-09
2.30947495e-06	4.613474e-09
2.30949343e-06	5.118549e-09
2.30951191e-06	4.898502e-09
2.30953038e-06	4.319774e-09
2.30954886e-06	4.909415e-09
2.30956733e-06	5.632740e-09
2.30958581e-06	5.953165e-09
2.30960429e-06	5.456874e-09
2.30962277e-06	5.209817e-09
2.30964124e-06	4.475750e-09
2.30965972e-06	1.727267e-09
2.30967820e-06	1.093992e-09
2.30969667e-06	2.205393e-09
2.30971515e-06	4.591129e-09
2.30973363e-06	5.327318e-09
2.30975211e-06	3.874158e-09
2.30977059e-06	1.672560e-09
2.30978906e-06	2.133715e-09
2.30980754e-06	2.108799e-09
2.30982602e-06	2.379337e-09
2.30984450e-06	1.709651e-09
2.30986298e-06	4.671257e-09
2.30988146e-06	5.453602e-09
2.30989994e-06	5.083622e-09
2.30991842e-06	4.756081e-09
2.30993689e-06	3.110709e-09
2.30995537e-06	4.046057e-09
2.30997385e-06	4.960017e-09
2.30999233e-06	4.302876e-09
2.31001081e-06	3.663830e-09
2.31002929e-06	3.300832e-09
2.31004777e-06	1.358724e-09
2.31006625e-06	1.606621e-09
2.31008473e-06	1.176842e-09
2.31010321e-06	3.020881e-09
2.31012170e-06	3.493527e-09
2.31014018e-06	1.547393e-09
2.31015866e-06	3.357484e-09
2.31017714e-06	5.307596e-09
2.31019562e-06	5.701869e-09
2.31021410e-06	4.466331e-09
2.31023258e-06	5.011180e-09
2.31025107e-06	6.358729e-09
2.31026955e-06	6.769269e-09
2.31028803e-06	6.573800e-09
2.31030651e-06	6.400731e-09
2.31032499e-06	5.373590e-09
2.31034348e-06	4.706576e-09
2.31036196e-06	5.374782e-09
2.31038044e-06	4.326000e-09
2.31039893e-06	3.818998e-09
2.31041741e-06	4.683442e-09
2.31043589e-06	5.367024e-09
2.31045438e-06	4.018417e-09
2.31047286e-06	3.633016e-09
2.31049134e-06	4.548683e-09
2.31050983e-06	3.845120e-09
2.31052831e-06	5.189593e-09
2.31054680e-06	5.876737e-09
2.31056528e-06	5.560350e-09
2.31058377e-06	4.706644e-09
2.31060225e-06	5.749414e-09
2.31062073e-06	7.028746e-09
2.31063922e-06	6.601476e-09
2.31065770e-06	6.080425e-09
2.31067619e-06	6.401868e-09
2.31069467e-06	5.419264e-09
2.31071316e-06	5.447479e-09
2.31073165e-06	4.697136e-09
2.31075013e-06	4.841601e-09
2.31076862e-06	4.489996e-09
2.31078710e-06	5.059868e-09
2.31080559e-06	4.787171e-09
2.31082408e-06	5.388600e-09
2.31084256e-06	5.887892e-09
2.31086105e-06	5.515580e-09
2.31087954e-06	5.659533e-09
2.31089802e-06	4.619445e-09
2.31091651e-06	3.320671e-09
2.31093500e-06	4.000691e-09
2.31095349e-06	4.651727e-09
2.31097197e-06	3.338676e-09
2.31099046e-06	3.223037e-09
2.31100895e-06	3.546424e-09
2.31102744e-06	3.465667e-09
2.31104593e-06	5.674716e-09
2.31106441e-06	6.056342e-09
2.31108290e-06	5.359405e-09
2.31110139e-06	5.466142e-09
2.31111988e-06	5.468474e-09
2.31113837e-06	5.261651e-09
2.31115686e-06	4.413102e-09
2.31117535e-06	2.198979e-09
2.31119384e-06	1.139296e-09
2.31121233e-06	1.490323e-09
2.31123082e-06	1.346853e-09
2.31124931e-06	1.416134e-09
2.31126780e-06	2.098298e-09
2.31128629e-06	3.097599e-09
2.31130478e-06	3.805155e-09
2.31132327e-06	3.559639e-09
2.31134176e-06	3.635373e-09
2.31136025e-06	4.518666e-09
2.31137874e-06	5.224969e-09
2.31139723e-06	5.626091e-09
2.31141572e-06	4.819629e-09
2.31143421e-06	4.272691e-09
2.31145270e-06	4.877281e-09
2.31147120e-06	3.798250e-09
2.31148969e-06	4.635554e-09
2.31150818e-06	4.969929e-09
2.31152667e-06	4.191007e-09
2.31154516e-06	3.202123e-09
2.31156366e-06	1.253589e-09
2.31158215e-06	2.955706e-09
2.31160064e-06	5.064240e-09
2.31161913e-06	3.333381e-09
2.31163763e-06	1.474775e-09
2.31165612e-06	1.181337e-09
2.31167461e-06	2.434898e-09
2.31169311e-06	4.663016e-09
2.31171160e-06	5.477205e-09
2.31173009e-06	4.525238e-09
2.31174859e-06	4.863804e-09
2.31176708e-06	5.471345e-09
2.31178558e-06	4.310070e-09
2.31180407e-06	5.303555e-09
2.31182257e-06	5.667584e-09
2.31184106e-06	4.884083e-09
2.31185955e-06	5.101660e-09
2.31187805e-06	5.616944e-09
2.31189654e-06	2.468365e-09
2.31191504e-06	2.298083e-09
2.31193353e-06	4.860515e-09
2.31195203e-06	4.136357e-09
2.31197052e-06	5.387451e-09
2.31198902e-06	6.268684e-09
2.31200752e-06	5.604131e-09
2.31202601e-06	4.997450e-09
2.31204451e-06	3.559213e-09
2.31206301e-06	4.202313e-09
2.31208150e-06	4.848886e-09
2.31210000e-06	5.948696e-09
2.31211850e-06	5.705636e-09
2.31213699e-06	4.686567e-09
2.31215549e-06	5.755431e-09
2.31217399e-06	5.510602e-09
2.31219248e-06	3.978352e-09
2.31221098e-06	4.284800e-09
2.31222948e-06	4.479799e-09
2.31224798e-06	4.835866e-09
2.31226648e-06	5.099031e-09
2.31228497e-06	4.129619e-09
2.31230347e-06	3.362661e-09
2.31232197e-06	5.283691e-09
2.31234047e-06	4.626587e-09
2.31235897e-06	3.789132e-09
2.31237747e-06	3.582730e-09
2.31239596e-06	3.628471e-09
2.31241446e-06	3.251030e-09
2.31243296e-06	1.448739e-09
2.31245146e-06	1.585895e-09
2.31246996e-06	1.138362e-09
2.31248846e-06	2.668129e-09
2.31250696e-06	3.780159e-09
2.31252546e-06	4.490813e-09
2.31254396e-06	3.938752e-09
2.31256246e-06	4.762190e-09
2.31258096e-06	4.873292e-09
2.31259946e-06	4.459915e-09
2.31261796e-06	5.744425e-09
2.31263647e-06	5.816777e-09
2.31265497e-06	5.702013e-09
2.31267347e-06	6.423070e-09
2.31269197e-06	6.226948e-09
2.31271047e-06	5.056641e-09
2.31272897e-06	5.266321e-09
2.31274748e-06	5.435438e-09
2.31276598e-06	5.322434e-09
2.31278448e-06	6.409378e-09
2.31280298e-06	6.254672e-09
2.31282148e-06	5.854063e-09
2.31283999e-06	4.157291e-09
2.31285849e-06	3.143398e-09
2.31287699e-06	5.180451e-09
2.31289550e-06	5.607715e-09
2.31291400e-06	4.947695e-09
2.31293250e-06	4.705105e-09
2.31295100e-06	5.455754e-09
2.31296951e-06	5.136293e-09
2.31298801e-06	6.308149e-09
2.31300652e-06	5.458349e-09
2.31302502e-06	5.021946e-09
2.31304352e-06	5.119911e-09
2.31306203e-06	4.338470e-09
2.31308053e-06	4.466703e-09
2.31309904e-06	3.716747e-09
2.31311754e-06	2.091446e-09
2.31313605e-06	2.364060e-09
2.31315455e-06	4.166947e-09
2.31317306e-06	3.521251e-09
2.31319156e-06	4.747891e-09
2.31321007e-06	4.956751e-09
2.31322857e-06	3.254041e-09
2.31324708e-06	2.659243e-09
2.31326559e-06	5.228773e-09
2.31328409e-06	5.674468e-09
2.31330260e-06	5.444446e-09
2.31332111e-06	6.146507e-09
2.31333961e-06	6.781873e-09
2.31335812e-06	6.018845e-09
2.31337662e-06	5.419789e-09
2.31339513e-06	5.087567e-09
2.31341364e-06	5.153527e-09
2.31343215e-06	6.155894e-09
2.31345065e-06	6.576074e-09
2.31346916e-06	5.691317e-09
2.31348767e-06	5.704501e-09
2.31350618e-06	6.060665e-09
2.31352469e-06	5.829893e-09
2.31354319e-06	5.857957e-09
2.31356170e-06	5.236583e-09
2.31358021e-06	5.300084e-09
2.31359872e-06	4.125524e-09
2.31361723e-06	4.060790e-09
2.31363574e-06	4.460631e-09
2.31365425e-06	3.834828e-09
2.31367275e-06	2.872147e-09
2.31369127e-06	1.155675e-09
2.31370977e-06	1.576327e-09
2.31372828e-06	1.339357e-09
2.31374679e-06	3.192886e-09
2.31376530e-06	3.864682e-09
2.31378381e-06	3.863466e-09
2.31380232e-06	4.322341e-09
2.31382083e-06	3.403844e-09
2.31383935e-06	3.657245e-09
2.31385786e-06	4.720718e-09
2.31387637e-06	5.072555e-09
2.31389488e-06	4.747289e-09
2.31391339e-06	5.271727e-09
2.31393190e-06	5.294627e-09
2.31395041e-06	3.858070e-09
2.31396892e-06	4.304706e-09
2.31398744e-06	4.694340e-09
2.31400595e-06	3.748928e-09
2.31402446e-06	4.106024e-09
2.31404297e-06	1.720143e-09
2.31406148e-06	1.690842e-09
2.31408000e-06	4.028783e-09
2.31409851e-06	5.429858e-09
2.31411702e-06	5.151791e-09
2.31413553e-06	5.942382e-09
2.31415405e-06	5.683990e-09
2.31417256e-06	6.130759e-09
2.31419107e-06	5.896255e-09
2.31420959e-06	6.530545e-09
2.31422810e-06	6.164588e-09
2.31424662e-06	4.918839e-09
2.31426513e-06	5.494510e-09
2.31428364e-06	6.107722e-09
2.31430216e-06	6.641716e-09
2.31432067e-06	5.339460e-09
2.31433919e-06	5.341678e-09
2.31435770e-06	5.503209e-09
2.31437622e-06	3.808324e-09
2.31439473e-06	3.022911e-09
2.31441325e-06	5.153099e-09
2.31443176e-06	5.067235e-09
2.31445028e-06	5.600691e-09
2.31446879e-06	4.722939e-09
2.31448731e-06	4.497763e-09
2.31450582e-06	5.389872e-09
2.31452434e-06	4.905418e-09
2.31454286e-06	3.796116e-09
2.31456137e-06	5.080607e-09
2.31457989e-06	6.015679e-09
2.31459841e-06	5.904242e-09
2.31461692e-06	5.613066e-09
2.31463544e-06	5.435761e-09
2.31465396e-06	3.911867e-09
2.31467247e-06	1.255598e-09
2.31469099e-06	1.148816e-09
2.31470951e-06	2.961905e-09
2.31472803e-06	3.488954e-09
2.31474654e-06	3.192114e-09
2.31476506e-06	4.392121e-09
2.31478358e-06	5.057646e-09
2.31480210e-06	3.746446e-09
2.31482062e-06	3.693709e-09
2.31483913e-06	4.912528e-09
2.31485765e-06	3.817999e-09
2.31487617e-06	2.932047e-09
2.31489469e-06	4.264280e-09
2.31491321e-06	3.283305e-09
2.31493173e-06	3.255308e-09
2.31495025e-06	3.065173e-09
2.31496877e-06	1.401345e-09
2.31498729e-06	1.207259e-09
2.31500581e-06	1.561598e-09
2.31502433e-06	1.404721e-09
2.31504285e-06	3.070189e-09
2.31506137e-06	2.959188e-09
2.31507989e-06	3.551851e-09
2.31509841e-06	4.545686e-09
2.31511693e-06	3.679908e-09
2.31513545e-06	4.039817e-09
2.31515397e-06	5.213659e-09
2.31517250e-06	5.566776e-09
2.31519102e-06	6.083826e-09
2.31520954e-06	5.706484e-09
2.31522806e-06	4.630978e-09
2.31524658e-06	4.603360e-09
2.31526510e-06	4.956926e-09
2.31528362e-06	3.108079e-09
2.31530215e-06	1.298843e-09
2.31532067e-06	2.647425e-09
2.31533919e-06	4.781379e-09
2.31535771e-06	5.856532e-09
2.31537624e-06	6.285513e-09
2.31539476e-06	6.445438e-09
2.31541328e-06	5.517795e-09
2.31543181e-06	4.763695e-09
2.31545033e-06	5.151601e-09
2.31546885e-06	5.388154e-09
2.31548738e-06	5.147652e-09
2.31550590e-06	5.674135e-09
2.31552443e-06	5.609123e-09
2.31554295e-06	5.537425e-09
2.31556148e-06	5.628939e-09
2.31558000e-06	6.836591e-09
2.31559852e-06	5.232182e-09
2.31561705e-06	5.289593e-09
2.31563557e-06	6.497111e-09
2.31565410e-06	6.470633e-09
2.31567262e-06	6.306711e-09
2.31569115e-06	4.240094e-09
2.31570967e-06	3.490311e-09
2.31572820e-06	4.656792e-09
2.31574673e-06	4.810809e-09
2.31576525e-06	3.878276e-09
2.31578378e-06	4.367822e-09
2.31580231e-06	4.521503e-09
2.31582083e-06	3.147855e-09
2.31583936e-06	5.154962e-09
2.31585788e-06	4.514836e-09
2.31587641e-06	3.642009e-09
2.31589494e-06	5.436905e-09
2.31591347e-06	6.203030e-09
2.31593199e-06	6.627173e-09
2.31595052e-06	5.845680e-09
2.31596905e-06	5.058487e-09
2.31598758e-06	5.295724e-09
2.31600610e-06	4.541575e-09
2.31602463e-06	5.562131e-09
2.31604316e-06	6.498205e-09
2.31606169e-06	6.699210e-09
2.31608022e-06	6.061643e-09
2.31609875e-06	5.381664e-09
2.31611727e-06	4.418889e-09
2.31613580e-06	4.159529e-09
2.31615433e-06	4.070431e-09
2.31617286e-06	3.073395e-09
2.31619139e-06	4.623713e-09
2.31620992e-06	5.105986e-09
2.31622845e-06	4.005039e-09
2.31624698e-06	1.990562e-09
2.31626551e-06	2.371082e-09
2.31628404e-06	1.808395e-09
2.31630257e-06	1.904388e-09
2.31632110e-06	1.075062e-09
2.31633963e-06	1.591008e-09
2.31635816e-06	1.279469e-09
2.31637669e-06	2.989023e-09
2.31639522e-06	3.651290e-09
2.31641375e-06	3.152583e-09
2.31643229e-06	2.809762e-09
2.31645082e-06	3.927163e-09
2.31646935e-06	3.844190e-09
2.31648788e-06	4.874965e-09
2.31650641e-06	5.396360e-09
2.31652494e-06	5.271910e-09
2.31654348e-06	4.808097e-09
2.31656201e-06	1.456360e-09
2.31658054e-06	1.706345e-09
2.31659908e-06	4.295142e-09
2.31661761e-06	4.133931e-09
2.31663614e-06	4.699612e-09
2.31665467e-06	5.351457e-09
2.31667321e-06	5.151680e-09
2.31669174e-06	3.988558e-09
2.31671027e-06	5.321483e-09
2.31672881e-06	5.843518e-09
2.31674734e-06	5.898585e-09
2.31676587e-06	4.733041e-09
2.31678441e-06	5.833831e-09
2.31680294e-06	6.366128e-09
2.31682148e-06	4.321319e-09
2.31684001e-06	2.483951e-09
2.31685855e-06	4.445023e-09
2.31687708e-06	5.677981e-09
2.31689562e-06	5.732585e-09
2.31691415e-06	6.196987e-09
2.31693269e-06	5.763222e-09
2.31695122e-06	6.365614e-09
2.31696976e-06	6.492438e-09
2.31698830e-06	4.134630e-09
2.31700683e-06	3.700624e-09
2.31702537e-06	4.259987e-09
2.31704390e-06	3.441830e-09
2.31706244e-06	4.666521e-09
2.31708098e-06	5.648458e-09
2.31709951e-06	6.420487e-09
2.31711805e-06	6.038126e-09
2.31713659e-06	4.893366e-09
2.31715512e-06	1.458892e-09
2.31717366e-06	1.853080e-09
2.31719220e-06	5.080130e-09
2.31721073e-06	5.837892e-09
2.31722927e-06	5.280553e-09
2.31724781e-06	5.612256e-09
2.31726635e-06	6.098428e-09
2.31728489e-06	5.543049e-09
2.31730342e-06	5.965841e-09
2.31732196e-06	5.490691e-09
2.31734050e-06	5.217736e-09
2.31735904e-06	6.094101e-09
2.31737758e-06	6.077860e-09
2.31739612e-06	4.920695e-09
2.31741466e-06	4.481647e-09
2.31743320e-06	4.941860e-09
2.31745174e-06	3.568039e-09
2.31747028e-06	4.526497e-09
2.31748882e-06	3.028631e-09
2.31750736e-06	1.443482e-09
2.31752590e-06	3.871069e-09
2.31754444e-06	4.565632e-09
2.31756298e-06	4.450192e-09
2.31758152e-06	3.232224e-09
2.31760006e-06	1.213244e-09
2.31761860e-06	1.185131e-09
2.31763714e-06	2.898221e-09
2.31765568e-06	3.668971e-09
2.31767422e-06	2.979689e-09
2.31769276e-06	1.398931e-09
2.31771131e-06	1.525219e-09
2.31772985e-06	1.127967e-09
2.31774839e-06	2.403308e-09
2.31776693e-06	3.371387e-09
2.31778547e-06	2.250540e-09
2.31780401e-06	3.393652e-09
2.31782256e-06	4.553873e-09
2.31784110e-06	5.492386e-09
2.31785964e-06	5.728799e-09
2.31787819e-06	4.656670e-09
2.31789673e-06	4.210187e-09
2.31791527e-06	5.744978e-09
2.31793381e-06	5.720303e-09
2.31795236e-06	5.017044e-09
2.31797090e-06	5.572927e-09
2.31798945e-06	5.920566e-09
2.31800799e-06	4.531812e-09
2.31802653e-06	4.130832e-09
2.31804508e-06	4.567928e-09
2.31806362e-06	5.093538e-09
2.31808217e-06	5.217423e-09
2.31810071e-06	4.389735e-09
2.31811926e-06	5.725322e-09
2.31813780e-06	5.219849e-09
2.31815635e-06	3.255480e-09
2.31817489e-06	3.709606e-09
2.31819344e-06	6.107342e-09
2.31821198e-06	5.833289e-09
2.31823053e-06	3.925225e-09
2.31824907e-06	3.414515e-09
2.31826762e-06	2.265529e-09
2.31828617e-06	3.824124e-09
2.31830471e-06	5.729654e-09
2.31832326e-06	6.664277e-09
2.31834181e-06	6.067626e-09
2.31836035e-06	5.034433e-09
2.31837890e-06	5.335707e-09
2.31839745e-06	6.106736e-09
2.31841599e-06	6.475806e-09
2.31843454e-06	6.339296e-09
2.31845309e-06	4.254959e-09
2.31847164e-06	2.023665e-09
2.31849018e-06	1.123441e-09
2.31850873e-06	2.793061e-09
2.31852728e-06	4.550936e-09
2.31854583e-06	5.401957e-09
2.31856438e-06	6.218949e-09
2.31858292e-06	5.854461e-09
2.31860147e-06	5.059268e-09
2.31862002e-06	5.142011e-09
2.31863857e-06	4.663152e-09
2.31865712e-06	5.783380e-09
2.31867567e-06	5.627037e-09
2.31869422e-06	5.032902e-09
2.31871277e-06	5.370335e-09
2.31873132e-06	6.019696e-09
2.31874987e-06	5.997388e-09
2.31876842e-06	6.440896e-09
2.31878697e-06	6.924258e-09
2.31880552e-06	6.582995e-09
2.31882407e-06	5.429759e-09
2.31884262e-06	5.763764e-09
2.31886117e-06	4.994003e-09
2.31887972e-06	4.298944e-09
2.31889827e-06	4.924826e-09
2.31891682e-06	5.581045e-09
2.31893538e-06	5.224556e-09
2.31895393e-06	5.264950e-09
2.31897248e-06	5.512223e-09
2.31899103e-06	5.015412e-09
2.31900958e-06	4.891129e-09
2.31902813e-06	4.528397e-09
2.31904669e-06	4.403641e-09
2.31906524e-06	3.591460e-09
2.31908379e-06	3.488357e-09
2.31910234e-06	2.183668e-09
2.31912090e-06	1.326053e-09
2.31913945e-06	1.374100e-09
2.31915800e-06	2.123129e-09
2.31917656e-06	3.495693e-09
2.31919511e-06	4.431936e-09
2.31921366e-06	4.993963e-09
2.31923222e-06	5.126695e-09
2.31925077e-06	4.740481e-09
2.31926932e-06	5.008075e-09
2.31928788e-06	4.928117e-09
2.31930643e-06	4.503390e-09
2.31932499e-06	5.181587e-09
2.31934354e-06	3.647135e-09
2.31936210e-06	4.406249e-09
2.31938065e-06	5.218735e-09
2.31939921e-06	6.015814e-09
2.31941776e-06	6.081104e-09
2.31943632e-06	6.402926e-09
2.31945487e-06	5.530865e-09
2.31947343e-06	3.444794e-09
2.31949198e-06	3.851587e-09
2.31951054e-06	3.493196e-09
2.31952910e-06	3.050320e-09
2.31954765e-06	3.156056e-09
2.31956621e-06	2.364989e-09
2.31958477e-06	3.185850e-09
2.31960332e-06	5.766850e-09
2.31962188e-06	6.713935e-09
2.31964044e-06	6.822273e-09
2.31965899e-06	6.538675e-09
2.31967755e-06	5.125553e-09
2.31969611e-06	2.518177e-09
2.31971466e-06	3.871040e-09
2.31973322e-06	5.329425e-09
2.31975178e-06	6.454115e-09
2.31977034e-06	6.864669e-09
2.31978890e-06	6.714249e-09
2.31980746e-06	7.084813e-09
2.31982601e-06	6.895485e-09
2.31984457e-06	6.728283e-09
2.31986313e-06	6.075447e-09
2.31988169e-06	5.314784e-09
2.31990025e-06	6.159976e-09
2.31991881e-06	6.788116e-09
2.31993737e-06	6.853147e-09
2.31995593e-06	5.614492e-09
2.31997449e-06	5.037359e-09
2.31999305e-06	3.635128e-09
2.32001161e-06	1.718019e-09
2.32003017e-06	4.179587e-09
2.32004873e-06	5.890636e-09
2.32006729e-06	4.846724e-09
2.32008585e-06	4.629347e-09
2.32010441e-06	5.711390e-09
2.32012297e-06	6.469399e-09
2.32014153e-06	6.099943e-09
2.32016009e-06	6.439425e-09
2.32017865e-06	5.900625e-09
2.32019721e-06	5.879404e-09
2.32021577e-06	5.353517e-09
2.32023434e-06	5.397124e-09
2.32025290e-06	4.376940e-09
2.32027146e-06	1.911333e-09
2.32029002e-06	4.600508e-09
2.32030858e-06	6.305316e-09
2.32032715e-06	6.559162e-09
2.32034571e-06	5.570700e-09
2.32036427e-06	3.608059e-09
2.32038284e-06	3.271263e-09
2.32040140e-06	4.201791e-09
2.32041996e-06	1.748610e-09
2.32043853e-06	1.265524e-09
2.32045709e-06	4.104032e-09
2.32047565e-06	4.817022e-09
2.32049422e-06	4.115378e-09
2.32051278e-06	3.808267e-09
2.32053135e-06	2.872750e-09
2.32054991e-06	2.298633e-09
2.32056847e-06	1.157919e-09
2.32058704e-06	1.578942e-09
2.32060560e-06	1.185397e-09
2.32062417e-06	2.098692e-09
2.32064273e-06	3.411863e-09
2.32066130e-06	3.872962e-09
2.32067986e-06	4.110112e-09
2.32069843e-06	4.503569e-09
2.32071699e-06	4.801650e-09
2.32073556e-06	3.225238e-09
2.32075413e-06	3.564293e-09
2.32077269e-06	3.949732e-09
2.32079126e-06	5.493834e-09
2.32080982e-06	6.173919e-09
2.32082839e-06	6.276956e-09
2.32084696e-06	5.895221e-09
2.32086552e-06	4.894136e-09
2.32088409e-06	3.101526e-09
2.32090266e-06	3.760847e-09
2.32092123e-06	4.308224e-09
2.32093979e-06	3.460455e-09
2.32095836e-06	3.545642e-09
2.32097693e-06	5.193780e-09
2.32099550e-06	5.381645e-09
2.32101406e-06	4.757266e-09
2.32103263e-06	4.546515e-09
2.32105120e-06	3.983976e-09
2.32106977e-06	5.526085e-09
2.32108834e-06	6.593291e-09
2.32110691e-06	6.503976e-09
2.32112547e-06	5.013663e-09
2.32114404e-06	3.703312e-09
2.32116261e-06	4.554400e-09
2.32118118e-06	2.958458e-09
2.32119975e-06	1.276177e-09
2.32121832e-06	3.101225e-09
2.32123689e-06	5.157518e-09
2.32125546e-06	6.006950e-09
2.32127403e-06	5.311814e-09
2.32129260e-06	5.222127e-09
2.32131117e-06	3.709545e-09
2.32132974e-06	2.167144e-09
2.32134831e-06	2.734940e-09
2.32136688e-06	4.138440e-09
2.32138545e-06	6.276610e-09
2.32140403e-06	6.691501e-09
2.32142260e-06	6.613712e-09
2.32144117e-06	6.482717e-09
2.32145974e-06	6.613124e-09
2.32147831e-06	6.216659e-09
2.32149688e-06	4.414012e-09
2.32151545e-06	4.249306e-09
2.32153403e-06	5.025355e-09
2.32155260e-06	5.841759e-09
2.32157117e-06	6.639307e-09
2.32158974e-06	6.684938e-09
2.32160832e-06	6.211316e-09
2.32162689e-06	4.856962e-09
2.32164546e-06	2.528146e-09
2.32166404e-06	3.580819e-09
2.32168261e-06	5.598779e-09
2.32170118e-06	6.431777e-09
2.32171976e-06	6.389138e-09
2.32173833e-06	6.202164e-09
2.32175690e-06	6.084480e-09
2.32177548e-06	4.947837e-09
2.32179405e-06	3.406327e-09
2.32181263e-06	5.227748e-09
2.32183120e-06	5.042810e-09
2.32184978e-06	4.652792e-09
2.32186835e-06	4.676377e-09
2.32188692e-06	5.069353e-09
2.32190550e-06	4.645227e-09
2.32192408e-06	4.681922e-09
2.32194265e-06	1.550068e-09
2.32196123e-06	1.112890e-09
2.32197980e-06	3.923478e-09
2.32199838e-06	4.478904e-09
2.32201695e-06	4.137773e-09
2.32203553e-06	3.685538e-09
2.32205411e-06	2.461039e-09
2.32207268e-06	1.226593e-09
2.32209126e-06	1.463705e-09
2.32210984e-06	1.841537e-09
2.32212841e-06	3.458505e-09
2.32214699e-06	4.223086e-09
2.32216557e-06	4.175597e-09
2.32218414e-06	2.452040e-09
2.32220272e-06	2.301900e-09
2.32222130e-06	4.298418e-09
2.32223988e-06	4.398499e-09
2.32225846e-06	4.195733e-09
2.32227703e-06	5.716709e-09
2.32229561e-06	5.626908e-09
2.32231419e-06	4.580283e-09
2.32233277e-06	4.897012e-09
2.32235135e-06	4.511327e-09
2.32236993e-06	2.452520e-09
2.32238850e-06	2.914146e-09
2.32240708e-06	4.887215e-09
2.32242566e-06	5.258531e-09
2.32244424e-06	5.458741e-09
2.32246282e-06	3.591385e-09
2.32248140e-06	3.509914e-09
2.32249998e-06	4.174712e-09
2.32251856e-06	5.708180e-09
2.32253714e-06	5.064249e-09
2.32255572e-06	3.406585e-09
2.32257430e-06	3.248682e-09
2.32259288e-06	5.252913e-09
2.32261146e-06	4.929628e-09
2.32263005e-06	3.500852e-09
2.32264863e-06	1.392638e-09
2.32266721e-06	1.529959e-09
2.32268579e-06	1.772449e-09
2.32270437e-06	2.935888e-09
2.32272295e-06	2.180349e-09
2.32274153e-06	2.253332e-09
2.32276012e-06	1.899038e-09
2.32277870e-06	4.201360e-09
2.32279728e-06	4.676810e-09
2.32281586e-06	2.241688e-09
2.32283444e-06	3.135855e-09
2.32285303e-06	2.857231e-09
2.32287161e-06	1.832758e-09
2.32289019e-06	3.645549e-09
2.32290878e-06	3.075011e-09
2.32292736e-06	1.572816e-09
2.32294594e-06	3.295540e-09
2.32296453e-06	2.520235e-09
2.32298311e-06	4.560133e-09
2.32300169e-06	3.655734e-09
2.32302028e-06	1.701037e-09
2.32303886e-06	3.224680e-09
2.32305745e-06	5.143140e-09
2.32307603e-06	2.979690e-09
2.32309462e-06	1.576126e-09
2.32311320e-06	2.859778e-09
2.32313179e-06	2.744267e-09
2.32315037e-06	1.463243e-09
2.32316896e-06	1.108004e-09
2.32318754e-06	1.461969e-09
2.32320613e-06	2.086160e-09
2.32322471e-06	2.001112e-09
2.32324330e-06	4.393820e-09
2.32326188e-06	2.774264e-09
2.32328047e-06	1.807639e-09
2.32329906e-06	5.215836e-09
2.32331764e-06	5.404659e-09
2.32333623e-06	3.084866e-09
2.32335482e-06	2.423423e-09
2.32337340e-06	2.892609e-09
2.32339199e-06	4.645253e-09
2.32341058e-06	5.104321e-09
2.32342916e-06	4.062747e-09
2.32344775e-06	1.669700e-09
2.32346634e-06	2.459738e-09
2.32348493e-06	4.871406e-09
2.32350352e-06	5.379368e-09
2.32352210e-06	5.203840e-09
2.32354069e-06	3.409598e-09
2.32355928e-06	1.994985e-09
2.32357787e-06	3.103440e-09
2.32359646e-06	2.111241e-09
2.32361504e-06	1.390798e-09
2.32363363e-06	1.406229e-09
2.32365222e-06	2.056290e-09
2.32367081e-06	3.516833e-09
2.32368940e-06	4.213095e-09
2.32370799e-06	3.262438e-09
2.32372658e-06	1.677250e-09
2.32374517e-06	2.118792e-09
2.32376376e-06	3.559180e-09
2.32378235e-06	4.633952e-09
2.32380094e-06	2.380823e-09
2.32381953e-06	2.538648e-09
2.32383812e-06	5.021480e-09
2.32385671e-06	5.617734e-09
2.32387530e-06	5.739320e-09
2.32389389e-06	5.027440e-09
2.32391249e-06	4.903633e-09
2.32393108e-06	3.026122e-09
2.32394967e-06	3.278405e-09
2.32396826e-06	4.890554e-09
2.32398685e-06	4.239748e-09
2.32400544e-06	1.852713e-09
2.32402404e-06	1.096297e-09
2.32404263e-06	1.605241e-09
2.32406122e-06	2.054347e-09
2.32407981e-06	4.286643e-09
2.32409840e-06	4.303441e-09
2.32411700e-06	5.254333e-09
2.32413559e-06	6.005317e-09
2.32415418e-06	6.465203e-09
2.32417278e-06	6.157065e-09
2.32419137e-06	5.394403e-09
2.32420996e-06	5.823017e-09
2.32422856e-06	6.029568e-09
2.32424715e-06	6.090014e-09
2.32426575e-06	4.885057e-09
2.32428434e-06	2.709696e-09
2.32430293e-06	3.869242e-09
2.32432153e-06	5.576460e-09
2.32434012e-06	4.161519e-09
2.32435872e-06	3.987400e-09
2.32437731e-06	4.413226e-09
2.32439591e-06	2.472592e-09
2.32441450e-06	1.642703e-09
2.32443310e-06	3.899668e-09
2.32445169e-06	5.267917e-09
2.32447029e-06	4.323822e-09
2.32448888e-06	5.529170e-09
2.32450748e-06	6.290952e-09
2.32452608e-06	4.742798e-09
2.32454467e-06	4.105680e-09
2.32456327e-06	4.789948e-09
2.32458187e-06	5.961106e-09
2.32460046e-06	6.156019e-09
2.32461906e-06	5.146416e-09
2.32463766e-06	6.041539e-09
2.32465625e-06	5.433206e-09
2.32467485e-06	3.255328e-09
2.32469345e-06	3.711867e-09
2.32471205e-06	5.435856e-09
2.32473064e-06	3.418491e-09
2.32474924e-06	2.751372e-09
2.32476784e-06	4.559859e-09
2.32478644e-06	4.002275e-09
2.32480504e-06	1.555889e-09
2.32482363e-06	1.876919e-09
2.32484223e-06	3.651592e-09
2.32486083e-06	2.719997e-09
2.32487943e-06	3.472799e-09
2.32489803e-06	3.435460e-09
2.32491663e-06	4.004967e-09
2.32493523e-06	5.525163e-09
2.32495383e-06	5.551084e-09
2.32497243e-06	5.680222e-09
2.32499103e-06	4.678297e-09
2.32500963e-06	5.140482e-09
2.32502823e-06	5.544330e-09
2.32504683e-06	6.049152e-09
2.32506543e-06	5.950968e-09
2.32508403e-06	5.388740e-09
2.32510263e-06	4.011089e-09
2.32512123e-06	2.764531e-09
2.32513983e-06	3.813901e-09
2.32515843e-06	3.299587e-09
2.32517703e-06	1.949295e-09
2.32519563e-06	1.366079e-09
2.32521424e-06	1.266623e-09
2.32523284e-06	1.919475e-09
2.32525144e-06	1.541191e-09
2.32527004e-06	2.082230e-09
2.32528864e-06	4.041882e-09
2.32530725e-06	4.287731e-09
2.32532585e-06	4.157927e-09
2.32534445e-06	4.679868e-09
2.32536305e-06	5.826904e-09
2.32538166e-06	6.165212e-09
2.32540026e-06	5.749003e-09
2.32541886e-06	5.205909e-09
2.32543747e-06	5.301453e-09
2.32545607e-06	4.956667e-09
2.32547467e-06	5.941193e-09
2.32549328e-06	5.230152e-09
2.32551188e-06	4.779545e-09
2.32553048e-06	4.874160e-09
2.32554909e-06	5.169578e-09
2.32556769e-06	5.260518e-09
2.32558630e-06	4.156620e-09
2.32560490e-06	3.338720e-09
2.32562351e-06	4.332433e-09
2.32564211e-06	4.995733e-09
2.32566072e-06	3.684558e-09
2.32567932e-06	4.702615e-09
2.32569793e-06	5.232507e-09
2.32571654e-06	3.684099e-09
2.32573514e-06	1.516938e-09
2.32575375e-06	2.105256e-09
2.32577235e-06	4.624496e-09
2.32579096e-06	5.293674e-09
2.32580956e-06	5.873961e-09
2.32582817e-06	5.314299e-09
2.32584678e-06	2.651706e-09
2.32586538e-06	2.205943e-09
2.32588399e-06	2.227977e-09
2.32590260e-06	3.977716e-09
2.32592121e-06	4.680120e-09
2.32593981e-06	4.406668e-09
2.32595842e-06	3.255061e-09
2.32597703e-06	2.780571e-09
2.32599564e-06	2.626248e-09
2.32601424e-06	4.651659e-09
2.32603285e-06	4.876535e-09
2.32605146e-06	4.404209e-09
2.32607007e-06	4.772494e-09
2.32608868e-06	3.388237e-09
2.32610729e-06	3.207477e-09
2.32612590e-06	3.566140e-09
2.32614450e-06	5.615989e-09
2.32616311e-06	5.435203e-09
2.32618172e-06	4.713109e-09
2.32620033e-06	5.209875e-09
2.32621894e-06	4.967550e-09
2.32623755e-06	4.209883e-09
2.32625616e-06	1.603686e-09
2.32627477e-06	1.727133e-09
2.32629338e-06	2.535849e-09
2.32631199e-06	1.857928e-09
2.32633060e-06	3.273427e-09
2.32634921e-06	3.447052e-09
2.32636782e-06	4.457875e-09
2.32638643e-06	4.748496e-09
2.32640505e-06	4.576017e-09
2.32642366e-06	4.543239e-09
2.32644227e-06	3.918551e-09
2.32646088e-06	4.878867e-09
2.32647949e-06	5.378437e-09
2.32649810e-06	5.654526e-09
2.32651671e-06	5.709502e-09
2.32653533e-06	6.626021e-09
2.32655394e-06	5.741070e-09
2.32657255e-06	5.906900e-09
2.32659116e-06	5.952598e-09
2.32660978e-06	5.168125e-09
2.32662839e-06	3.745697e-09
2.32664700e-06	3.550482e-09
2.32666562e-06	4.412155e-09
2.32668423e-06	3.307748e-09
2.32670284e-06	4.578718e-09
2.32672146e-06	4.010485e-09
2.32674007e-06	4.016939e-09
2.32675869e-06	4.465269e-09
2.32677730e-06	3.667909e-09
2.32679591e-06	2.136776e-09
2.32681453e-06	1.332297e-09
2.32683314e-06	1.607970e-09
2.32685176e-06	1.891511e-09
2.32687037e-06	3.420364e-09
2.32688899e-06	3.902664e-09
2.32690760e-06	4.120692e-09
2.32692622e-06	4.560639e-09
2.32694483e-06	3.839656e-09
2.32696345e-06	4.222274e-09
2.32698206e-06	4.971150e-09
2.32700068e-06	5.203439e-09
2.32701930e-06	4.713438e-09
2.32703791e-06	5.459367e-09
2.32705653e-06	6.220342e-09
2.32707514e-06	5.415956e-09
2.32709376e-06	4.248200e-09
2.32711238e-06	3.231862e-09
2.32713099e-06	2.190156e-09
2.32714961e-06	3.399229e-09
2.32716823e-06	4.803105e-09
2.32718685e-06	4.304311e-09
2.32720546e-06	5.432736e-09
2.32722408e-06	5.691642e-09
2.32724270e-06	4.806257e-09
2.32726132e-06	6.223422e-09
2.32727993e-06	5.327964e-09
2.32729855e-06	3.574570e-09
2.32731717e-06	4.203617e-09
2.32733579e-06	5.872093e-09
2.32735441e-06	6.302639e-09
2.32737303e-06	5.340146e-09
2.32739165e-06	4.679968e-09
2.32741027e-06	3.794357e-09
2.32742888e-06	1.602430e-09
2.32744750e-06	1.594471e-09
2.32746612e-06	3.636045e-09
2.32748474e-06	5.004869e-09
2.32750336e-06	5.650411e-09
2.32752198e-06	5.483292e-09
2.32754060e-06	5.707995e-09
2.32755922e-06	5.638577e-09
2.32757784e-06	6.204335e-09
2.32759646e-06	4.608752e-09
2.32761509e-06	2.808106e-09
2.32763371e-06	4.917839e-09
2.32765233e-06	6.242353e-09
2.32767095e-06	5.684850e-09
2.32768957e-06	5.545236e-09
2.32770819e-06	6.012310e-09
2.32772681e-06	5.804373e-09
2.32774544e-06	6.115700e-09
2.32776406e-06	6.269791e-09
2.32778268e-06	6.185682e-09
2.32780130e-06	5.734529e-09
2.32781992e-06	4.545297e-09
2.32783855e-06	1.590008e-09
2.32785717e-06	1.289216e-09
2.32787579e-06	2.431583e-09
2.32789442e-06	3.850432e-09
2.32791304e-06	2.750983e-09
2.32793166e-06	2.971836e-09
2.32795028e-06	1.581112e-09
2.32796891e-06	1.382856e-09
2.32798753e-06	4.282365e-09
2.32800616e-06	5.371903e-09
2.32802478e-06	5.616915e-09
2.32804340e-06	4.928509e-09
2.32806203e-06	3.467465e-09
2.32808065e-06	1.448075e-09
2.32809928e-06	1.613130e-09
2.32811790e-06	3.596406e-09
2.32813653e-06	4.101307e-09
2.32815515e-06	4.604650e-09
2.32817378e-06	5.681710e-09
2.32819240e-06	5.001554e-09
2.32821103e-06	4.892611e-09
2.32822965e-06	4.316435e-09
2.32824828e-06	5.176379e-09
2.32826691e-06	5.700474e-09
2.32828553e-06	5.053551e-09
2.32830416e-06	3.233916e-09
2.32832279e-06	3.493209e-09
2.32834141e-06	4.904241e-09
2.32836004e-06	5.254274e-09
2.32837867e-06	4.822739e-09
2.32839729e-06	2.884120e-09
2.32841592e-06	1.653423e-09
2.32843455e-06	3.173364e-09
2.32845317e-06	2.455159e-09
2.32847180e-06	1.137986e-09
2.32849043e-06	1.445891e-09
2.32850906e-06	1.706486e-09
2.32852769e-06	3.155623e-09
2.32854631e-06	3.744317e-09
2.32856494e-06	4.801891e-09
2.32858357e-06	5.533662e-09
2.32860220e-06	5.486009e-09
2.32862083e-06	4.946228e-09
2.32863946e-06	3.616932e-09
2.32865809e-06	3.421916e-09
2.32867672e-06	3.815001e-09
2.32869535e-06	4.084499e-09
2.32871397e-06	1.706353e-09
2.32873260e-06	2.855122e-09
2.32875123e-06	3.698678e-09
2.32876987e-06	1.508059e-09
2.32878849e-06	1.617134e-09
2.32880712e-06	2.956655e-09
2.32882576e-06	3.643213e-09
2.32884439e-06	5.200960e-09
2.32886302e-06	5.609845e-09
2.32888165e-06	4.637362e-09
2.32890028e-06	4.223642e-09
2.32891891e-06	4.234359e-09
2.32893754e-06	4.249594e-09
2.32895617e-06	4.734015e-09
2.32897481e-06	5.437372e-09
2.32899344e-06	4.367976e-09
2.32901207e-06	4.261885e-09
2.32903070e-06	5.572627e-09
2.32904933e-06	5.581474e-09
2.32906797e-06	4.662902e-09
2.32908660e-06	2.626670e-09
2.32910523e-06	3.778367e-09
2.32912386e-06	5.958120e-09
2.32914250e-06	5.972886e-09
2.32916113e-06	5.454582e-09
2.32917976e-06	4.182512e-09
2.32919840e-06	1.564368e-09
2.32921703e-06	1.629426e-09
2.32923566e-06	4.820635e-09
2.32925430e-06	6.009350e-09
2.32927293e-06	5.732369e-09
2.32929157e-06	6.075425e-09
2.32931020e-06	6.674806e-09
2.32932883e-06	6.472634e-09
2.32934747e-06	5.446447e-09
2.32936610e-06	4.586184e-09
2.32938474e-06	3.901491e-09
2.32940337e-06	5.079407e-09
2.32942201e-06	4.462312e-09
2.32944065e-06	5.063209e-09
2.32945928e-06	4.092268e-09
2.32947792e-06	2.838267e-09
2.32949655e-06	1.577295e-09
2.32951519e-06	1.529454e-09
2.32953382e-06	3.326317e-09
2.32955246e-06	4.645522e-09
2.32957110e-06	5.414231e-09
2.32958973e-06	6.097440e-09
2.32960837e-06	6.561419e-09
2.32962701e-06	6.391450e-09
2.32964564e-06	5.566004e-09
2.32966428e-06	6.455760e-09
2.32968292e-06	7.022001e-09
2.32970156e-06	7.406677e-09
2.32972019e-06	7.348261e-09
2.32973883e-06	6.959067e-09
2.32975747e-06	6.125115e-09
2.32977611e-06	5.903366e-09
2.32979475e-06	4.130758e-09
2.32981338e-06	4.392939e-09
2.32983202e-06	6.290585e-09
2.32985066e-06	5.905487e-09
2.32986930e-06	4.761653e-09
2.32988794e-06	5.956163e-09
2.32990658e-06	5.856562e-09
2.32992522e-06	4.880555e-09
2.32994386e-06	4.782489e-09
2.32996250e-06	4.387023e-09
2.32998113e-06	5.153713e-09
2.32999977e-06	5.101226e-09
2.33001842e-06	2.437042e-09
2.33003706e-06	1.845345e-09
2.33005570e-06	4.549895e-09
2.33007434e-06	4.891577e-09
2.33009298e-06	3.679067e-09
2.33011162e-06	3.497519e-09
2.33013026e-06	3.680104e-09
2.33014890e-06	3.265539e-09
2.33016754e-06	1.491508e-09
2.33018618e-06	1.491202e-09
2.33020482e-06	1.115044e-09
2.33022347e-06	2.763988e-09
2.33024211e-06	3.238373e-09
2.33026075e-06	2.315324e-09
2.33027939e-06	1.568586e-09
2.33029803e-06	1.628210e-09
2.33031667e-06	4.002692e-09
2.33033532e-06	4.759581e-09
2.33035396e-06	5.079166e-09
2.33037260e-06	4.719291e-09
2.33039125e-06	2.769642e-09
2.33040989e-06	3.540328e-09
2.33042853e-06	5.040556e-09
2.33044718e-06	3.461407e-09
2.33046582e-06	2.370380e-09
2.33048446e-06	3.605717e-09
2.33050311e-06	3.686102e-09
2.33052175e-06	1.220558e-09
2.33054040e-06	1.403805e-09
2.33055904e-06	3.909391e-09
2.33057768e-06	2.926380e-09
2.33059633e-06	1.077086e-09
2.33061497e-06	2.199342e-09
2.33063362e-06	2.532291e-09
2.33065226e-06	2.461751e-09
2.33067091e-06	2.574645e-09
2.33068955e-06	3.010277e-09
2.33070820e-06	1.850074e-09
2.33072685e-06	3.341770e-09
2.33074549e-06	2.351036e-09
2.33076414e-06	3.704860e-09
2.33078278e-06	4.238866e-09
2.33080143e-06	3.342826e-09
2.33082008e-06	4.850558e-09
2.33083872e-06	5.617251e-09
2.33085737e-06	5.796839e-09
2.33087602e-06	5.237528e-09
2.33089466e-06	4.757665e-09
2.33091331e-06	5.439387e-09
2.33093196e-06	5.117926e-09
2.33095061e-06	4.596818e-09
2.33096925e-06	5.029850e-09
2.33098790e-06	4.346509e-09
2.33100655e-06	4.259137e-09
2.33102520e-06	3.062760e-09
2.33104384e-06	4.023328e-09
2.33106249e-06	4.225456e-09
2.33108114e-06	1.662548e-09
2.33109979e-06	1.513655e-09
2.33111844e-06	2.939082e-09
2.33113709e-06	4.191101e-09
2.33115574e-06	3.689210e-09
2.33117439e-06	3.414185e-09
2.33119304e-06	2.879434e-09
2.33121169e-06	1.087311e-09
2.33123033e-06	1.783279e-09
2.33124898e-06	3.273236e-09
2.33126763e-06	3.708771e-09
2.33128629e-06	5.358445e-09
2.33130493e-06	5.035641e-09
2.33132359e-06	5.002855e-09
2.33134224e-06	5.956486e-09
2.33136089e-06	5.358184e-09
2.33137954e-06	3.402694e-09
2.33139819e-06	4.373842e-09
2.33141684e-06	5.273338e-09
2.33143549e-06	5.018996e-09
2.33145414e-06	4.808527e-09
2.33147280e-06	5.718364e-09
2.33149145e-06	5.401253e-09
2.33151010e-06	5.229084e-09
2.33152875e-06	4.704371e-09
2.33154740e-06	3.125831e-09
2.33156606e-06	4.115005e-09
2.33158471e-06	3.886253e-09
2.33160336e-06	2.359531e-09
2.33162201e-06	3.166697e-09
2.33164067e-06	1.982715e-09
2.33165932e-06	1.561873e-09
2.33167797e-06	4.904731e-09
2.33169663e-06	5.311821e-09
2.33171528e-06	3.494760e-09
2.33173393e-06	2.140279e-09
2.33175259e-06	4.640585e-09
2.33177124e-06	4.345574e-09
2.33178990e-06	3.337105e-09
2.33180855e-06	4.579021e-09
2.33182720e-06	4.487723e-09
2.33184586e-06	4.692781e-09
2.33186451e-06	3.605781e-09
2.33188317e-06	3.277902e-09
2.33190182e-06	2.294627e-09
2.33192048e-06	1.198387e-09
2.33193913e-06	1.609794e-09
2.33195779e-06	1.462666e-09
2.33197644e-06	2.509552e-09
2.33199510e-06	3.235777e-09
2.33201376e-06	3.810061e-09
2.33203241e-06	5.051657e-09
2.33205107e-06	5.424658e-09
2.33206973e-06	5.359480e-09
2.33208838e-06	5.493853e-09
2.33210704e-06	4.134675e-09
2.33212570e-06	5.026486e-09
2.33214435e-06	5.661399e-09
2.33216301e-06	5.290444e-09
2.33218167e-06	5.579042e-09
2.33220033e-06	5.881862e-09
2.33221898e-06	4.221949e-09
2.33223764e-06	3.899491e-09
2.33225630e-06	3.079084e-09
2.33227496e-06	4.629212e-09
2.33229361e-06	6.122548e-09
2.33231227e-06	6.794734e-09
2.33233093e-06	6.370938e-09
2.33234959e-06	6.444341e-09
2.33236825e-06	6.186390e-09
2.33238691e-06	4.404621e-09
2.33240557e-06	3.914474e-09
2.33242423e-06	5.642583e-09
2.33244288e-06	6.011428e-09
2.33246154e-06	4.737498e-09
2.33248020e-06	3.813352e-09
2.33249886e-06	4.487330e-09
2.33251752e-06	5.822917e-09
2.33253618e-06	5.752243e-09
2.33255485e-06	3.286477e-09
2.33257350e-06	2.989920e-09
2.33259217e-06	4.691223e-09
2.33261083e-06	5.044289e-09
2.33262949e-06	6.276766e-09
2.33264815e-06	6.313401e-09
2.33266681e-06	5.715974e-09
2.33268547e-06	6.505356e-09
2.33270413e-06	6.327541e-09
2.33272279e-06	5.250302e-09
2.33274146e-06	4.079911e-09
2.33276012e-06	4.619073e-09
2.33277878e-06	3.915100e-09
2.33279744e-06	3.923744e-09
2.33281610e-06	3.493365e-09
2.33283477e-06	1.444630e-09
2.33285343e-06	1.468305e-09
2.33287209e-06	3.056426e-09
2.33289075e-06	1.608378e-09
2.33290942e-06	1.159015e-09
2.33292808e-06	3.516735e-09
2.33294675e-06	4.849861e-09
2.33296541e-06	5.403633e-09
2.33298407e-06	4.937760e-09
2.33300274e-06	5.109646e-09
2.33302140e-06	6.175559e-09
2.33304006e-06	5.782289e-09
2.33305873e-06	5.522921e-09
2.33307739e-06	5.653250e-09
2.33309606e-06	5.550754e-09
2.33311472e-06	4.806666e-09
2.33313339e-06	5.053782e-09
2.33315205e-06	3.922821e-09
2.33317072e-06	3.057847e-09
2.33318938e-06	4.941287e-09
2.33320805e-06	5.386754e-09
2.33322671e-06	3.685920e-09
2.33324538e-06	3.250479e-09
2.33326405e-06	4.475970e-09
2.33328271e-06	3.421858e-09
2.33330138e-06	5.164292e-09
2.33332004e-06	5.731835e-09
2.33333871e-06	5.688370e-09
2.33335738e-06	5.048326e-09
2.33337604e-06	4.248345e-09
2.33339471e-06	4.729903e-09
2.33341338e-06	4.560938e-09
2.33343205e-06	6.100060e-09
2.33345071e-06	6.295540e-09
2.33346938e-06	6.285425e-09
2.33348805e-06	5.659778e-09
2.33350672e-06	4.426481e-09
2.33352538e-06	3.244939e-09
2.33354405e-06	3.716639e-09
2.33356272e-06	2.964726e-09
2.33358139e-06	1.757896e-09
2.33360006e-06	4.351929e-09
2.33361873e-06	5.191282e-09
2.33363740e-06	4.503487e-09
2.33365607e-06	4.227833e-09
2.33367473e-06	3.686262e-09
2.33369340e-06	1.866297e-09
2.33371207e-06	1.373095e-09
2.33373074e-06	1.206482e-09
2.33374941e-06	2.422530e-09
2.33376808e-06	1.595422e-09
2.33378675e-06	1.533882e-09
2.33380542e-06	2.751704e-09
2.33382410e-06	4.419543e-09
2.33384277e-06	4.586760e-09
2.33386144e-06	5.112631e-09
2.33388011e-06	5.793808e-09
2.33389878e-06	5.485547e-09
2.33391745e-06	5.681589e-09
2.33393612e-06	4.994565e-09
2.33395479e-06	3.687774e-09
2.33397346e-06	5.395139e-09
2.33399213e-06	6.660058e-09
2.33401081e-06	6.444987e-09
2.33402948e-06	5.922415e-09
2.33404815e-06	5.499253e-09
2.33406682e-06	5.899871e-09
2.33408550e-06	6.607411e-09
2.33410417e-06	6.466141e-09
2.33412284e-06	5.024364e-09
2.33414152e-06	2.219794e-09
2.33416019e-06	1.329759e-09
2.33417886e-06	3.356506e-09
2.33419754e-06	2.999428e-09
2.33421621e-06	2.827004e-09
2.33423488e-06	4.298201e-09
2.33425356e-06	4.961317e-09
2.33427223e-06	4.852677e-09
2.33429090e-06	3.762291e-09
2.33430958e-06	2.233104e-09
2.33432825e-06	3.127551e-09
2.33434693e-06	3.602195e-09
2.33436560e-06	4.170426e-09
2.33438428e-06	5.313140e-09
2.33440295e-06	5.807937e-09
2.33442163e-06	4.193119e-09
2.33444030e-06	2.662816e-09
2.33445898e-06	3.717794e-09
2.33447765e-06	4.308621e-09
2.33449633e-06	4.713261e-09
2.33451501e-06	3.655847e-09
2.33453368e-06	4.424719e-09
2.33455236e-06	5.208917e-09
2.33457104e-06	4.390835e-09
2.33458971e-06	5.462470e-09
2.33460839e-06	5.696979e-09
2.33462706e-06	3.707660e-09
2.33464574e-06	3.510196e-09
2.33466442e-06	4.835971e-09
2.33468310e-06	5.501127e-09
2.33470177e-06	4.979260e-09
2.33472045e-06	4.138520e-09
2.33473913e-06	2.202031e-09
2.33475781e-06	1.564263e-09
2.33477648e-06	1.273093e-09
2.33479516e-06	2.413175e-09
2.33481384e-06	3.403500e-09
2.33483252e-06	3.069740e-09
2.33485120e-06	3.194310e-09
2.33486988e-06	2.953282e-09
2.33488856e-06	3.753443e-09
2.33490724e-06	5.844963e-09
2.33492591e-06	6.412711e-09
2.33494460e-06	6.143186e-09
2.33496327e-06	5.461055e-09
2.33498195e-06	3.043547e-09
2.33500063e-06	3.579714e-09
2.33501931e-06	6.013329e-09
2.33503799e-06	6.395127e-09
2.33505667e-06	6.474615e-09
2.33507535e-06	6.108899e-09
2.33509404e-06	4.256536e-09
2.33511272e-06	1.459696e-09
2.33513140e-06	1.360454e-09
2.33515008e-06	4.197165e-09
2.33516876e-06	4.843688e-09
2.33518744e-06	3.583303e-09
2.33520612e-06	3.948504e-09
2.33522480e-06	4.699065e-09
2.33524348e-06	3.606087e-09
2.33526217e-06	3.525602e-09
2.33528085e-06	4.558021e-09
2.33529953e-06	4.873611e-09
2.33531821e-06	4.564438e-09
2.33533690e-06	4.151337e-09
2.33535558e-06	4.334072e-09
2.33537426e-06	2.964642e-09
2.33539294e-06	2.719523e-09
2.33541163e-06	4.666450e-09
2.33543031e-06	5.049822e-09
2.33544900e-06	5.075983e-09
2.33546768e-06	4.599893e-09
2.33548636e-06	4.214038e-09
2.33550505e-06	3.556967e-09
2.33552373e-06	1.533943e-09
2.33554242e-06	1.401010e-09
2.33556110e-06	1.134070e-09
2.33557978e-06	3.289430e-09
2.33559847e-06	4.161461e-09
2.33561715e-06	4.144045e-09
2.33563584e-06	3.806679e-09
2.33565452e-06	2.559367e-09
2.33567321e-06	1.321155e-09
2.33569189e-06	2.971812e-09
2.33571058e-06	3.211980e-09
2.33572927e-06	2.937267e-09
2.33574795e-06	2.762276e-09
2.33576664e-06	1.365107e-09
2.33578532e-06	1.521217e-09
2.33580401e-06	2.960793e-09
2.33582269e-06	4.107157e-09
2.33584138e-06	5.065110e-09
2.33586007e-06	5.646455e-09
2.33587876e-06	5.277194e-09
2.33589744e-06	3.900946e-09
2.33591613e-06	3.934092e-09
2.33593482e-06	5.707438e-09
2.33595350e-06	5.581316e-09
2.33597219e-06	4.068529e-09
2.33599088e-06	4.653312e-09
2.33600957e-06	5.369325e-09
2.33602826e-06	5.430801e-09
2.33604694e-06	5.723801e-09
2.33606563e-06	6.436575e-09
2.33608432e-06	6.978271e-09
2.33610301e-06	7.169260e-09
2.33612170e-06	7.266812e-09
2.33614039e-06	6.762178e-09
2.33615908e-06	6.105984e-09
2.33617777e-06	6.160902e-09
2.33619646e-06	5.332621e-09
2.33621514e-06	5.395419e-09
2.33623383e-06	6.312302e-09
2.33625253e-06	5.561371e-09
2.33627121e-06	5.178857e-09
2.33628990e-06	4.767307e-09
2.33630860e-06	5.203691e-09
2.33632729e-06	3.852457e-09
2.33634598e-06	2.176592e-09
2.33636467e-06	2.668335e-09
2.33638336e-06	5.029038e-09
2.33640205e-06	4.698399e-09
2.33642074e-06	4.751720e-09
2.33643943e-06	5.872504e-09
2.33645812e-06	4.679447e-09
2.33647681e-06	5.822019e-09
2.33649551e-06	5.886527e-09
2.33651420e-06	5.801549e-09
2.33653289e-06	6.764162e-09
2.33655158e-06	5.995782e-09
2.33657028e-06	4.855654e-09
2.33658897e-06	5.968528e-09
2.33660766e-06	5.421378e-09
2.33662635e-06	5.096294e-09
2.33664505e-06	5.344807e-09
2.33666374e-06	5.568312e-09
2.33668243e-06	4.887323e-09
2.33670113e-06	2.672750e-09
2.33671982e-06	2.203493e-09
2.33673851e-06	3.229863e-09
2.33675721e-06	3.186324e-09
2.33677590e-06	4.426152e-09
2.33679460e-06	4.473073e-09
2.33681329e-06	2.946556e-09
2.33683198e-06	1.507759e-09
2.33685068e-06	1.472254e-09
2.33686937e-06	3.215036e-09
2.33688807e-06	3.625014e-09
2.33690676e-06	3.493330e-09
2.33692546e-06	3.822992e-09
2.33694415e-06	3.878237e-09
2.33696285e-06	4.248807e-09
2.33698155e-06	2.385762e-09
2.33700024e-06	2.920455e-09
2.33701894e-06	4.249157e-09
2.33703763e-06	4.870843e-09
2.33705633e-06	4.568141e-09
2.33707503e-06	5.197898e-09
2.33709372e-06	5.532244e-09
2.33711242e-06	5.523140e-09
2.33713112e-06	5.638638e-09
2.33714981e-06	4.845616e-09
2.33716851e-06	5.410443e-09
2.33718721e-06	6.380365e-09
2.33720591e-06	4.893686e-09
2.33722460e-06	4.076356e-09
2.33724330e-06	4.848907e-09
2.33726200e-06	4.706135e-09
2.33728070e-06	3.249728e-09
2.33729940e-06	3.261666e-09
2.33731809e-06	4.851161e-09
2.33733679e-06	5.090616e-09
2.33735549e-06	4.729034e-09
2.33737419e-06	3.852395e-09
2.33739289e-06	1.563998e-09
2.33741159e-06	1.371352e-09
2.33743029e-06	1.098505e-09
2.33744899e-06	3.492443e-09
2.33746769e-06	4.392616e-09
2.33748639e-06	4.020860e-09
2.33750509e-06	4.524023e-09
2.33752379e-06	5.130981e-09
2.33754249e-06	5.236406e-09
2.33756119e-06	5.275585e-09
2.33757989e-06	6.414049e-09
2.33759859e-06	6.497151e-09
2.33761729e-06	5.616698e-09
2.33763599e-06	4.192424e-09
2.33765469e-06	5.589891e-09
2.33767339e-06	5.552532e-09
2.33769209e-06	5.287722e-09
2.33771079e-06	4.663053e-09
2.33772950e-06	3.370937e-09
2.33774820e-06	1.899174e-09
2.33776690e-06	3.515264e-09
2.33778560e-06	5.169097e-09
2.33780431e-06	5.494052e-09
2.33782301e-06	5.596045e-09
2.33784171e-06	5.061199e-09
2.33786041e-06	5.163395e-09
2.33787912e-06	5.167588e-09
2.33789782e-06	4.256383e-09
2.33791652e-06	2.454626e-09
2.33793523e-06	1.507242e-09
2.33795393e-06	1.441828e-09
2.33797263e-06	2.848138e-09
2.33799134e-06	4.227121e-09
2.33801004e-06	4.959642e-09
2.33802874e-06	4.589288e-09
2.33804745e-06	3.903526e-09
2.33806615e-06	5.081140e-09
2.33808486e-06	5.112615e-09
2.33810356e-06	5.623360e-09
2.33812227e-06	4.732356e-09
2.33814097e-06	5.009279e-09
2.33815968e-06	5.186011e-09
2.33817838e-06	4.393783e-09
2.33819709e-06	3.500197e-09
2.33821579e-06	3.899498e-09
2.33823450e-06	1.920908e-09
2.33825321e-06	4.238803e-09
2.33827191e-06	4.812548e-09
2.33829062e-06	4.807374e-09
2.33830932e-06	4.511513e-09
2.33832803e-06	2.873135e-09
2.33834674e-06	2.897859e-09
2.33836544e-06	5.237283e-09
2.33838415e-06	5.099386e-09
2.33840286e-06	5.844104e-09
2.33842156e-06	5.631334e-09
2.33844027e-06	4.208504e-09
2.33845898e-06	2.457261e-09
2.33847769e-06	3.783255e-09
2.33849639e-06	4.836600e-09
2.33851510e-06	4.890467e-09
2.33853381e-06	3.864366e-09
2.33855252e-06	4.560374e-09
2.33857123e-06	4.521936e-09
2.33858994e-06	3.619260e-09
2.33860864e-06	4.061834e-09
2.33862735e-06	5.370127e-09
2.33864606e-06	5.203103e-09
2.33866477e-06	4.889275e-09
2.33868348e-06	3.721336e-09
2.33870219e-06	3.455484e-09
2.33872090e-06	1.957568e-09
2.33873961e-06	1.686241e-09
2.33875832e-06	3.059163e-09
2.33877703e-06	3.611934e-09
2.33879574e-06	5.343937e-09
2.33881445e-06	5.757404e-09
2.33883316e-06	6.216203e-09
2.33885187e-06	6.311558e-09
2.33887058e-06	4.475763e-09
2.33888929e-06	4.970410e-09
2.33890800e-06	4.979492e-09
2.33892672e-06	4.429098e-09
2.33894543e-06	2.776891e-09
2.33896414e-06	2.514203e-09
2.33898285e-06	4.589394e-09
2.33900156e-06	4.745733e-09
2.33902027e-06	4.365745e-09
2.33903899e-06	3.996655e-09
2.33905770e-06	2.726261e-09
2.33907641e-06	1.517306e-09
2.33909512e-06	1.377602e-09
2.33911384e-06	3.268313e-09
2.33913255e-06	4.458285e-09
2.33915126e-06	4.610439e-09
2.33916998e-06	4.498008e-09
2.33918869e-06	3.131595e-09
2.33920740e-06	3.531905e-09
2.33922612e-06	4.212266e-09
2.33924483e-06	4.783341e-09
2.33926354e-06	4.981938e-09
2.33928226e-06	3.670208e-09
2.33930097e-06	1.883201e-09
2.33931969e-06	1.307087e-09
2.33933840e-06	1.166451e-09
2.33935712e-06	3.558752e-09
2.33937583e-06	4.651781e-09
2.33939455e-06	4.973159e-09
2.33941326e-06	5.391253e-09
2.33943198e-06	5.392003e-09
2.33945069e-06	4.450261e-09
2.33946941e-06	2.587244e-09
2.33948812e-06	3.388998e-09
2.33950684e-06	5.371652e-09
2.33952556e-06	6.026901e-09
2.33954427e-06	5.997964e-09
2.33956299e-06	5.187930e-09
2.33958171e-06	4.633037e-09
2.33960042e-06	2.557919e-09
2.33961914e-06	2.195282e-09
2.33963785e-06	4.184736e-09
2.33965657e-06	3.175791e-09
2.33967529e-06	2.653060e-09
2.33969401e-06	5.412169e-09
2.33971272e-06	5.540814e-09
2.33973144e-06	4.418627e-09
2.33975016e-06	3.371966e-09
2.33976888e-06	4.710465e-09
2.33978760e-06	5.055073e-09
2.33980631e-06	4.967745e-09
2.33982503e-06	5.686168e-09
2.33984375e-06	4.899357e-09
2.33986247e-06	2.314449e-09
2.33988119e-06	1.098689e-09
2.33989991e-06	1.090764e-09
2.33991863e-06	2.891950e-09
2.33993735e-06	5.162608e-09
2.33995607e-06	4.622352e-09
2.33997479e-06	5.772602e-09
2.33999351e-06	6.025974e-09
2.34001223e-06	4.693775e-09
2.34003095e-06	2.597645e-09
2.34004967e-06	2.764782e-09
2.34006839e-06	2.877480e-09
2.34008711e-06	3.661143e-09
2.34010583e-06	4.996516e-09
2.34012455e-06	3.382081e-09
2.34014327e-06	4.259132e-09
2.34016199e-06	3.519672e-09
2.34018071e-06	3.810998e-09
2.34019943e-06	4.510299e-09
2.34021815e-06	4.632549e-09
2.34023688e-06	3.433656e-09
2.34025560e-06	1.384071e-09
2.34027432e-06	1.466375e-09
2.34029304e-06	2.132690e-09
2.34031177e-06	3.741022e-09
2.34033049e-06	4.463803e-09
2.34034921e-06	3.049117e-09
2.34036793e-06	1.928318e-09
2.34038666e-06	2.173926e-09
2.34040538e-06	2.147097e-09
2.34042410e-06	2.118376e-09
2.34044283e-06	1.814065e-09
2.34046155e-06	4.236743e-09
2.34048027e-06	5.417704e-09
2.34049900e-06	4.984338e-09
2.34051772e-06	2.140434e-09
2.34053644e-06	2.566932e-09
2.34055517e-06	3.949345e-09
2.34057389e-06	2.878560e-09
2.34059262e-06	3.665314e-09
2.34061134e-06	3.083264e-09
2.34063007e-06	2.719254e-09
2.34064879e-06	4.435682e-09
2.34066752e-06	3.322014e-09
2.34068624e-06	4.367885e-09
2.34070497e-06	6.406216e-09
2.34072369e-06	6.457467e-09
2.34074242e-06	6.448486e-09
2.34076115e-06	6.537115e-09
2.34077987e-06	5.259113e-09
2.34079860e-06	6.015480e-09
2.34081733e-06	5.533507e-09
2.34083605e-06	4.776619e-09
2.34085478e-06	5.668559e-09
2.34087350e-06	5.403984e-09
2.34089223e-06	5.298764e-09
2.34091096e-06	5.631445e-09
2.34092969e-06	5.385430e-09
2.34094841e-06	6.470748e-09
2.34096714e-06	5.899160e-09
2.34098587e-06	5.448771e-09
2.34100460e-06	5.382472e-09
2.34102333e-06	5.161939e-09
2.34104205e-06	4.321203e-09
2.34106078e-06	2.055596e-09
2.34107951e-06	1.232105e-09
2.34109824e-06	2.550350e-09
2.34111697e-06	3.721111e-09
2.34113570e-06	2.155593e-09
2.34115443e-06	1.053405e-09
2.34117315e-06	2.847948e-09
2.34119188e-06	4.675238e-09
2.34121061e-06	4.644254e-09
2.34122934e-06	4.195435e-09
2.34124807e-06	3.139284e-09
2.34126680e-06	1.110501e-09
2.34128553e-06	1.090643e-09
2.34130426e-06	3.517326e-09
2.34132299e-06	4.546453e-09
2.34134172e-06	3.095654e-09
2.34136045e-06	1.455168e-09
2.34137919e-06	3.826782e-09
2.34139792e-06	4.929674e-09
2.34141665e-06	4.496153e-09
2.34143538e-06	4.122997e-09
2.34145411e-06	3.067290e-09
2.34147284e-06	1.871375e-09
2.34149158e-06	1.582903e-09
2.34151031e-06	1.771757e-09
2.34152904e-06	3.607539e-09
2.34154777e-06	3.422698e-09
2.34156650e-06	4.059210e-09
2.34158524e-06	4.651738e-09
2.34160397e-06	5.659958e-09
2.34162270e-06	5.794975e-09
2.34164143e-06	5.869441e-09
2.34166017e-06	5.483510e-09
2.34167890e-06	4.164454e-09
2.34169763e-06	2.012027e-09
2.34171637e-06	1.978443e-09
2.34173510e-06	3.816915e-09
2.34175384e-06	4.777208e-09
2.34177257e-06	5.843018e-09
2.34179130e-06	5.337866e-09
2.34181004e-06	5.983226e-09
2.34182877e-06	5.818772e-09
2.34184751e-06	4.134242e-09
2.34186624e-06	2.611067e-09
2.34188498e-06	2.027647e-09
2.34190371e-06	4.151280e-09
2.34192245e-06	3.793387e-09
2.34194118e-06	2.935272e-09
2.34195992e-06	3.624190e-09
2.34197865e-06	4.413101e-09
2.34199739e-06	4.798793e-09
2.34201613e-06	4.121652e-09
2.34203486e-06	1.525159e-09
2.34205360e-06	1.082029e-09
2.34207233e-06	2.542227e-09
2.34209107e-06	4.047360e-09
2.34210981e-06	5.441468e-09
2.34212855e-06	5.926451e-09
2.34214728e-06	5.149893e-09
2.34216602e-06	4.059448e-09
2.34218476e-06	4.525614e-09
2.34220349e-06	5.980338e-09
2.34222223e-06	6.686521e-09
2.34224097e-06	6.806263e-09
2.34225971e-06	6.924615e-09
2.34227844e-06	7.284884e-09
2.34229718e-06	7.514862e-09
2.34231592e-06	6.711274e-09
2.34233466e-06	6.037283e-09
2.34235340e-06	6.694202e-09
2.34237214e-06	5.656983e-09
2.34239088e-06	5.166651e-09
2.34240962e-06	5.457192e-09
2.34242835e-06	5.196167e-09
2.34244709e-06	2.729707e-09
2.34246583e-06	3.986557e-09
2.34248457e-06	5.963610e-09
2.34250331e-06	6.533256e-09
2.34252205e-06	6.481120e-09
2.34254079e-06	4.556368e-09
2.34255953e-06	3.415486e-09
2.34257827e-06	4.139875e-09
2.34259702e-06	4.015197e-09
2.34261576e-06	4.786960e-09
2.34263450e-06	5.808393e-09
2.34265324e-06	5.916555e-09
2.34267198e-06	4.957715e-09
2.34269072e-06	4.055436e-09
2.34270946e-06	4.637066e-09
2.34272820e-06	3.385499e-09
2.34274695e-06	1.298590e-09
2.34276569e-06	1.482837e-09
2.34278443e-06	2.569523e-09
2.34280317e-06	4.191792e-09
2.34282191e-06	4.832813e-09
2.34284066e-06	3.727121e-09
2.34285940e-06	3.497745e-09
2.34287814e-06	4.154156e-09
2.34289689e-06	4.745150e-09
2.34291563e-06	5.573288e-09
2.34293437e-06	5.968221e-09
2.34295312e-06	6.040395e-09
2.34297186e-06	5.458636e-09
2.34299060e-06	4.597500e-09
2.34300935e-06	5.534209e-09
2.34302809e-06	6.360748e-09
2.34304684e-06	5.494344e-09
2.34306558e-06	4.412938e-09
2.34308432e-06	5.527066e-09
2.34310307e-06	6.072283e-09
2.34312181e-06	5.879337e-09
2.34314056e-06	5.758739e-09
2.34315930e-06	3.851302e-09
2.34317805e-06	4.660689e-09
2.34319679e-06	5.339076e-09
2.34321554e-06	4.149892e-09
2.34323429e-06	2.394176e-09
2.34325303e-06	1.531109e-09
2.34327178e-06	1.189863e-09
2.34329052e-06	2.474741e-09
2.34330927e-06	3.933042e-09
2.34332802e-06	5.250749e-09
2.34334676e-06	6.237304e-09
2.34336551e-06	6.114394e-09
2.34338426e-06	4.714660e-09
2.34340300e-06	5.353014e-09
2.34342175e-06	4.639140e-09
2.34344050e-06	4.511408e-09
2.34345925e-06	4.382135e-09
2.34347799e-06	2.656998e-09
2.34349674e-06	2.107055e-09
2.34351549e-06	4.135907e-09
2.34353424e-06	5.127680e-09
2.34355299e-06	5.114871e-09
2.34357173e-06	5.060784e-09
2.34359048e-06	3.968108e-09
2.34360923e-06	1.995196e-09
2.34362798e-06	1.589909e-09
2.34364673e-06	3.785516e-09
2.34366548e-06	2.599252e-09
2.34368423e-06	1.202428e-09
2.34370298e-06	2.076768e-09
2.34372173e-06	3.523593e-09
2.34374048e-06	5.409117e-09
2.34375923e-06	4.974571e-09
2.34377798e-06	5.017282e-09
2.34379673e-06	5.296680e-09
2.34381548e-06	3.033734e-09
2.34383423e-06	2.106597e-09
2.34385298e-06	3.632276e-09
2.34387173e-06	4.295439e-09
2.34389048e-06	5.589807e-09
2.34390923e-06	5.053815e-09
2.34392798e-06	4.901627e-09
2.34394673e-06	5.956588e-09
2.34396549e-06	5.440551e-09
2.34398424e-06	3.879207e-09
2.34400299e-06	4.572930e-09
2.34402174e-06	3.469709e-09
2.34404049e-06	2.619231e-09
2.34405925e-06	1.421768e-09
2.34407800e-06	1.375908e-09
2.34409675e-06	3.076434e-09
2.34411550e-06	4.112699e-09
2.34413426e-06	4.098783e-09
2.34415301e-06	4.845636e-09
2.34417176e-06	5.627130e-09
2.34419052e-06	5.764656e-09
2.34420927e-06	5.427689e-09
2.34422802e-06	5.511511e-09
2.34424678e-06	5.741587e-09
2.34426553e-06	6.091624e-09
2.34428429e-06	4.561707e-09
2.34430304e-06	4.395290e-09
2.34432179e-06	3.502726e-09
2.34434055e-06	4.393005e-09
2.34435930e-06	5.495714e-09
2.34437806e-06	5.329742e-09
2.34439681e-06	4.690543e-09
2.34441557e-06	4.432819e-09
2.34443432e-06	4.154794e-09
2.34445308e-06	1.972640e-09
2.34447183e-06	2.332172e-09
2.34449059e-06	3.719972e-09
2.34450935e-06	2.864900e-09
2.34452810e-06	3.795218e-09
2.34454686e-06	4.461116e-09
2.34456562e-06	3.849792e-09
2.34458437e-06	4.145048e-09
2.34460313e-06	5.200568e-09
2.34462189e-06	5.435075e-09
2.34464064e-06	4.789009e-09
2.34465940e-06	4.177509e-09
2.34467816e-06	2.857347e-09
2.34469691e-06	1.168265e-09
2.34471567e-06	1.164601e-09
2.34473443e-06	2.744183e-09
2.34475319e-06	3.497181e-09
2.34477195e-06	2.469981e-09
2.34479070e-06	1.207078e-09
2.34480946e-06	1.530265e-09
2.34482822e-06	2.786346e-09
2.34484698e-06	4.927580e-09
2.34486574e-06	4.887050e-09
2.34488450e-06	3.292410e-09
2.34490326e-06	3.551543e-09
2.34492202e-06	3.699712e-09
2.34494077e-06	4.097486e-09
2.34495953e-06	2.489738e-09
2.34497829e-06	3.793341e-09
2.34499705e-06	4.351688e-09
2.34501581e-06	2.784543e-09
2.34503457e-06	1.090822e-09
2.34505333e-06	1.161264e-09
2.34507209e-06	3.027419e-09
2.34509086e-06	2.583730e-09
2.34510962e-06	4.350932e-09
2.34512838e-06	5.700640e-09
2.34514714e-06	6.037922e-09
2.34516590e-06	5.496809e-09
2.34518466e-06	4.804722e-09
2.34520342e-06	4.586641e-09
2.34522218e-06	3.207016e-09
2.34524094e-06	2.205710e-09
2.34525971e-06	3.576321e-09
2.34527847e-06	3.327994e-09
2.34529723e-06	1.056660e-09
2.34531599e-06	1.125319e-09
2.34533476e-06	3.661747e-09
2.34535352e-06	4.119717e-09
2.34537228e-06	3.046098e-09
2.34539104e-06	2.566638e-09
2.34540981e-06	1.486933e-09
2.34542857e-06	1.348326e-09
2.34544733e-06	1.932747e-09
2.34546610e-06	2.735666e-09
2.34548486e-06	1.839937e-09
2.34550363e-06	2.544158e-09
2.34552239e-06	4.800376e-09
2.34554115e-06	5.062011e-09
2.34555992e-06	3.965099e-09
2.34557868e-06	4.992707e-09
2.34559745e-06	5.219462e-09
2.34561621e-06	1.885063e-09
2.34563498e-06	2.344685e-09
2.34565374e-06	4.990238e-09
2.34567251e-06	6.335947e-09
2.34569127e-06	5.640924e-09
2.34571004e-06	4.994361e-09
2.34572880e-06	6.154719e-09
2.34574757e-06	4.968055e-09
2.34576634e-06	4.947883e-09
2.34578510e-06	6.862081e-09
2.34580387e-06	7.230461e-09
2.34582263e-06	6.283493e-09
2.34584140e-06	4.094416e-09
2.34586017e-06	4.698152e-09
2.34587894e-06	6.670520e-09
2.34589770e-06	6.721485e-09
2.34591647e-06	6.814892e-09
2.34593524e-06	6.587954e-09
2.34595400e-06	6.075096e-09
2.34597277e-06	4.590751e-09
2.34599154e-06	3.782872e-09
2.34601031e-06	6.268782e-09
2.34602908e-06	7.039722e-09
2.34604784e-06	5.276526e-09
2.34606661e-06	4.636666e-09
2.34608538e-06	5.561944e-09
2.34610415e-06	4.994952e-09
2.34612292e-06	4.888572e-09
2.34614169e-06	5.908979e-09
2.34616046e-06	5.098088e-09
2.34617923e-06	3.575739e-09
2.34619800e-06	5.597816e-09
2.34621676e-06	6.462739e-09
2.34623553e-06	6.119098e-09
2.34625430e-06	5.816875e-09
2.34627307e-06	6.079281e-09
2.34629184e-06	6.295935e-09
2.34631061e-06	4.796875e-09
2.34632938e-06	4.622669e-09
2.34634816e-06	4.241775e-09
2.34636693e-06	4.396614e-09
2.34638570e-06	4.891911e-09
2.34640447e-06	4.481677e-09
2.34642324e-06	3.597798e-09
2.34644201e-06	1.402049e-09
2.34646078e-06	1.159011e-09
2.34647955e-06	2.477668e-09
2.34649833e-06	4.116080e-09
2.34651710e-06	5.037933e-09
2.34653587e-06	4.770280e-09
2.34655464e-06	5.645654e-09
2.34657341e-06	6.243811e-09
2.34659219e-06	5.670951e-09
2.34661096e-06	5.081447e-09
2.34662973e-06	5.230837e-09
2.34664851e-06	4.656001e-09
2.34666728e-06	4.769781e-09
2.34668605e-06	5.808334e-09
2.34670483e-06	6.148613e-09
2.34672360e-06	5.615470e-09
2.34674237e-06	5.263871e-09
2.34676115e-06	4.358824e-09
2.34677992e-06	2.927383e-09
2.34679870e-06	1.412218e-09
2.34681747e-06	1.362514e-09
2.34683625e-06	3.177617e-09
2.34685502e-06	4.290937e-09
2.34687379e-06	4.237905e-09
2.34689257e-06	2.365505e-09
2.34691134e-06	1.732397e-09
2.34693012e-06	2.529836e-09
2.34694889e-06	3.996576e-09
2.34696767e-06	4.919034e-09
2.34698645e-06	5.811284e-09
2.34700522e-06	5.628909e-09
2.34702400e-06	5.572080e-09
2.34704277e-06	6.080886e-09
2.34706155e-06	6.123986e-09
2.34708033e-06	6.446941e-09
2.34709910e-06	6.908378e-09
2.34711788e-06	6.547150e-09
2.34713666e-06	5.921989e-09
2.34715543e-06	4.152001e-09
2.34717421e-06	3.204178e-09
2.34719299e-06	1.768781e-09
2.34721177e-06	4.148598e-09
2.34723054e-06	4.576438e-09
2.34724932e-06	4.629229e-09
2.34726810e-06	4.937075e-09
2.34728688e-06	4.057100e-09
2.34730566e-06	3.921092e-09
2.34732444e-06	2.065447e-09
2.34734321e-06	4.925852e-09
2.34736199e-06	5.931165e-09
2.34738077e-06	5.821546e-09
2.34739955e-06	4.342349e-09
2.34741833e-06	2.710290e-09
2.34743711e-06	3.391284e-09
2.34745589e-06	5.252715e-09
2.34747467e-06	5.493012e-09
2.34749345e-06	3.691244e-09
2.34751223e-06	1.508961e-09
2.34753101e-06	2.836010e-09
2.34754979e-06	2.466093e-09
2.34756857e-06	2.885421e-09
2.34758735e-06	3.995446e-09
2.34760613e-06	5.341001e-09
2.34762491e-06	5.750125e-09
2.34764369e-06	4.041440e-09
2.34766247e-06	1.851281e-09
2.34768125e-06	3.352370e-09
2.34770004e-06	3.821062e-09
2.34771882e-06	3.527804e-09
2.34773760e-06	3.380536e-09
2.34775638e-06	4.169781e-09
2.34777516e-06	3.271373e-09
2.34779395e-06	4.333626e-09
2.34781273e-06	4.870988e-09
2.34783151e-06	5.242528e-09
2.34785029e-06	6.683180e-09
2.34786908e-06	6.031719e-09
2.34788786e-06	5.818790e-09
2.34790664e-06	6.815831e-09
2.34792542e-06	6.863176e-09
2.34794421e-06	6.347457e-09
2.34796299e-06	5.721387e-09
2.34798178e-06	6.182244e-09
2.34800056e-06	6.387190e-09
2.34801934e-06	5.276006e-09
2.34803813e-06	6.113435e-09
2.34805691e-06	6.204676e-09
2.34807570e-06	5.755950e-09
2.34809448e-06	5.123507e-09
2.34811327e-06	4.229760e-09
2.34813205e-06	3.639006e-09
2.34815084e-06	3.831070e-09
2.34816962e-06	4.983269e-09
2.34818841e-06	4.667428e-09
2.34820719e-06	3.535900e-09
2.34822598e-06	1.387551e-09
2.34824476e-06	1.486221e-09
2.34826355e-06	2.403108e-09
2.34828234e-06	4.068715e-09
2.34830112e-06	4.990269e-09
2.34831991e-06	5.690121e-09
2.34833869e-06	5.261235e-09
2.34835748e-06	5.521123e-09
2.34837627e-06	5.288885e-09
2.34839506e-06	5.924239e-09
2.34841384e-06	5.269614e-09
2.34843263e-06	4.807097e-09
2.34845142e-06	4.764437e-09
2.34847021e-06	6.079509e-09
2.34848899e-06	5.823263e-09
2.34850778e-06	5.775875e-09
2.34852657e-06	4.348076e-09
2.34854536e-06	4.272399e-09
2.34856415e-06	5.144957e-09
2.34858293e-06	5.377339e-09
2.34860172e-06	5.214235e-09
2.34862051e-06	6.576400e-09
2.34863930e-06	6.407662e-09
2.34865809e-06	5.178123e-09
2.34867688e-06	2.435644e-09
2.34869567e-06	2.674240e-09
2.34871446e-06	4.553009e-09
2.34873325e-06	4.484769e-09
2.34875204e-06	6.265444e-09
2.34877083e-06	6.722555e-09
2.34878962e-06	5.535158e-09
2.34880841e-06	4.677121e-09
2.34882720e-06	4.162698e-09
2.34884599e-06	4.281196e-09
2.34886478e-06	5.785213e-09
2.34888357e-06	5.625317e-09
2.34890236e-06	6.064742e-09
2.34892115e-06	6.763396e-09
2.34893994e-06	6.496820e-09
2.34895873e-06	3.832804e-09
2.34897753e-06	4.952969e-09
2.34899632e-06	4.198710e-09
2.34901511e-06	3.546073e-09
2.34903390e-06	5.827064e-09
2.34905269e-06	6.094347e-09
2.34907149e-06	6.100190e-09
2.34909028e-06	5.525479e-09
2.34910907e-06	4.809495e-09
2.34912787e-06	5.551703e-09
2.34914666e-06	5.299903e-09
2.34916545e-06	4.355350e-09
2.34918425e-06	5.004986e-09
2.34920304e-06	4.110759e-09
2.34922183e-06	4.604456e-09
2.34924063e-06	4.326776e-09
2.34925942e-06	5.622235e-09
2.34927821e-06	6.004628e-09
2.34929701e-06	3.262523e-09
2.34931580e-06	3.850069e-09
2.34933460e-06	4.315052e-09
2.34935339e-06	3.016854e-09
2.34937219e-06	2.127904e-09
2.34939098e-06	3.643520e-09
2.34940978e-06	4.037280e-09
2.34942857e-06	1.816881e-09
2.34944737e-06	3.970876e-09
2.34946616e-06	4.499807e-09
2.34948496e-06	2.704204e-09
2.34950375e-06	1.110105e-09
2.34952255e-06	2.379603e-09
2.34954135e-06	4.804831e-09
2.34956014e-06	5.392398e-09
2.34957894e-06	4.669642e-09
2.34959774e-06	5.516064e-09
2.34961653e-06	3.879518e-09
2.34963533e-06	3.168242e-09
2.34965413e-06	3.964492e-09
2.34967292e-06	2.865804e-09
2.34969172e-06	2.286731e-09
2.34971052e-06	1.503978e-09
2.34972932e-06	1.434621e-09
2.34974812e-06	2.742479e-09
2.34976691e-06	1.184520e-09
2.34978571e-06	3.155630e-09
2.34980451e-06	3.755705e-09
2.34982331e-06	2.900810e-09
2.34984211e-06	1.304867e-09
2.34986090e-06	2.493418e-09
2.34987970e-06	3.504262e-09
2.34989850e-06	4.122125e-09
2.34991730e-06	5.729027e-09
2.34993610e-06	5.637025e-09
2.34995490e-06	6.025816e-09
2.34997370e-06	4.882639e-09
