2.30001633e-06	6.430153e-09
2.30003473e-06	5.004692e-09
2.30005313e-06	6.303267e-09
2.30007153e-06	5.658388e-09
2.30008993e-06	5.213507e-09
2.30010833e-06	6.764774e-09
2.30012673e-06	7.113542e-09
2.30014513e-06	7.154966e-09
2.30016353e-06	6.891712e-09
2.30018194e-06	7.065872e-09
2.30020034e-06	7.183162e-09
2.30021874e-06	7.568400e-09
2.30023714e-06	7.065431e-09
2.30025554e-06	6.545852e-09
2.30027395e-06	6.593995e-09
2.30029235e-06	6.199303e-09
2.30031075e-06	6.492646e-09
2.30032915e-06	6.722249e-09
2.30034756e-06	7.044673e-09
2.30036596e-06	6.267777e-09
2.30038436e-06	5.914980e-09
2.30040276e-06	6.270651e-09
2.30042117e-06	6.097996e-09
2.30043957e-06	6.301759e-09
2.30045797e-06	6.235376e-09
2.30047638e-06	5.581463e-09
2.30049478e-06	5.091512e-09
2.30051319e-06	4.338591e-09
2.30053159e-06	4.216630e-09
2.30054999e-06	4.913472e-09
2.30056840e-06	4.324313e-09
2.30058680e-06	4.857323e-09
2.30060521e-06	4.053756e-09
2.30062361e-06	4.609969e-09
2.30064202e-06	5.551746e-09
2.30066042e-06	5.696591e-09
2.30067883e-06	6.005527e-09
2.30069723e-06	5.940746e-09
2.30071564e-06	5.177619e-09
2.30073404e-06	3.889019e-09
2.30075245e-06	3.863086e-09
2.30077086e-06	5.534062e-09
2.30078926e-06	6.031728e-09
2.30080767e-06	6.400565e-09
2.30082608e-06	6.430253e-09
2.30084448e-06	6.596383e-09
2.30086289e-06	6.608286e-09
2.30088129e-06	6.570064e-09
2.30089970e-06	6.532059e-09
2.30091811e-06	6.526328e-09
2.30093652e-06	6.575374e-09
2.30095492e-06	6.659937e-09
2.30097333e-06	5.663601e-09
2.30099174e-06	5.241581e-09
2.30101015e-06	5.341114e-09
2.30102856e-06	5.642291e-09
2.30104696e-06	6.189273e-09
2.30106537e-06	6.002924e-09
2.30108378e-06	4.521520e-09
2.30110219e-06	3.958188e-09
2.30112060e-06	5.398017e-09
2.30113901e-06	6.297792e-09
2.30115742e-06	6.643177e-09
2.30117583e-06	6.553926e-09
2.30119423e-06	5.749538e-09
2.30121265e-06	5.269909e-09
2.30123105e-06	5.862712e-09
2.30124946e-06	5.752875e-09
2.30126787e-06	5.408465e-09
2.30128628e-06	4.865484e-09
2.30130469e-06	4.509618e-09
2.30132310e-06	4.844246e-09
2.30134152e-06	4.216780e-09
2.30135993e-06	4.740738e-09
2.30137834e-06	4.975091e-09
2.30139675e-06	3.959055e-09
2.30141516e-06	4.349789e-09
2.30143357e-06	5.945310e-09
2.30145198e-06	6.253599e-09
2.30147039e-06	5.446761e-09
2.30148881e-06	3.873237e-09
2.30150722e-06	3.761186e-09
2.30152563e-06	5.347865e-09
2.30154404e-06	6.317969e-09
2.30156245e-06	6.515865e-09
2.30158087e-06	6.506941e-09
2.30159928e-06	6.938644e-09
2.30161769e-06	6.893104e-09
2.30163611e-06	6.073700e-09
2.30165452e-06	5.775865e-09
2.30167293e-06	5.845651e-09
2.30169135e-06	6.435390e-09
2.30170976e-06	6.854481e-09
2.30172817e-06	7.238884e-09
2.30174659e-06	6.963908e-09
2.30176500e-06	6.121165e-09
2.30178341e-06	6.942432e-09
2.30180183e-06	6.686266e-09
2.30182024e-06	6.068250e-09
2.30183866e-06	6.707324e-09
2.30185707e-06	6.339626e-09
2.30187549e-06	6.131843e-09
2.30189390e-06	6.520426e-09
2.30191232e-06	7.085467e-09
2.30193073e-06	6.919823e-09
2.30194915e-06	6.794883e-09
2.30196756e-06	7.080222e-09
2.30198598e-06	6.866537e-09
2.30200440e-06	6.395850e-09
2.30202281e-06	5.537230e-09
2.30204123e-06	5.581220e-09
2.30205964e-06	5.826928e-09
2.30207806e-06	5.532932e-09
2.30209648e-06	4.817434e-09
2.30211489e-06	4.451492e-09
2.30213331e-06	4.851858e-09
2.30215173e-06	4.173209e-09
2.30217014e-06	5.394080e-09
2.30218856e-06	5.970456e-09
2.30220698e-06	6.398024e-09
2.30222540e-06	6.430554e-09
2.30224381e-06	6.569790e-09
2.30226223e-06	5.951243e-09
2.30228065e-06	5.450289e-09
2.30229907e-06	6.443482e-09
2.30231749e-06	6.577554e-09
2.30233591e-06	6.735396e-09
2.30235433e-06	7.128851e-09
2.30237274e-06	7.324092e-09
2.30239116e-06	7.458166e-09
2.30240958e-06	7.025316e-09
2.30242800e-06	6.802189e-09
2.30244642e-06	7.062677e-09
2.30246484e-06	7.045349e-09
2.30248326e-06	7.064944e-09
2.30250168e-06	7.057475e-09
2.30252010e-06	6.959507e-09
2.30253852e-06	6.525110e-09
2.30255694e-06	6.881328e-09
2.30257536e-06	6.989445e-09
2.30259378e-06	7.025037e-09
2.30261220e-06	6.758042e-09
2.30263062e-06	6.861335e-09
2.30264904e-06	6.674865e-09
2.30266747e-06	6.617675e-09
2.30268589e-06	7.043303e-09
2.30270431e-06	6.874683e-09
2.30272273e-06	6.395751e-09
2.30274115e-06	5.561454e-09
2.30275957e-06	4.014564e-09
2.30277800e-06	4.134862e-09
2.30279642e-06	4.855371e-09
2.30281484e-06	4.898111e-09
2.30283326e-06	6.183654e-09
2.30285168e-06	6.322598e-09
2.30287011e-06	6.457165e-09
2.30288853e-06	6.329353e-09
2.30290695e-06	5.881202e-09
2.30292538e-06	5.335803e-09
2.30294380e-06	4.939468e-09
2.30296222e-06	3.940959e-09
2.30298065e-06	5.067010e-09
2.30299907e-06	4.143917e-09
2.30301750e-06	4.558498e-09
2.30303592e-06	5.209567e-09
2.30305434e-06	5.987660e-09
2.30307277e-06	6.239187e-09
2.30309119e-06	6.352337e-09
2.30310962e-06	6.153507e-09
2.30312804e-06	5.541271e-09
2.30314647e-06	6.516875e-09
2.30316489e-06	6.922806e-09
2.30318332e-06	6.326715e-09
2.30320174e-06	4.632788e-09
2.30322017e-06	5.026579e-09
2.30323860e-06	6.889167e-09
2.30325702e-06	7.133092e-09
2.30327545e-06	6.802083e-09
2.30329387e-06	6.063689e-09
2.30331230e-06	4.735013e-09
2.30333073e-06	4.626080e-09
2.30334915e-06	5.149728e-09
2.30336758e-06	6.001040e-09
2.30338601e-06	6.930070e-09
2.30340443e-06	7.292239e-09
2.30342286e-06	7.798967e-09
2.30344129e-06	7.564837e-09
2.30345972e-06	7.084015e-09
2.30347814e-06	7.200707e-09
2.30349657e-06	7.353322e-09
2.30351500e-06	7.322046e-09
2.30353343e-06	6.672657e-09
2.30355186e-06	6.409416e-09
2.30357028e-06	6.062603e-09
2.30358871e-06	5.135031e-09
2.30360714e-06	5.403401e-09
2.30362557e-06	6.095581e-09
2.30364400e-06	6.315403e-09
2.30366243e-06	6.918779e-09
2.30368086e-06	6.708582e-09
2.30369929e-06	6.654306e-09
2.30371772e-06	6.190636e-09
2.30373615e-06	5.448304e-09
2.30375458e-06	5.276164e-09
2.30377301e-06	4.991154e-09
2.30379144e-06	5.458416e-09
2.30380987e-06	5.214964e-09
2.30382830e-06	5.015612e-09
2.30384673e-06	4.294042e-09
2.30386516e-06	4.851730e-09
2.30388359e-06	4.382395e-09
2.30390202e-06	4.707368e-09
2.30392045e-06	4.862291e-09
2.30393888e-06	5.570489e-09
2.30395731e-06	5.733534e-09
2.30397575e-06	6.135044e-09
2.30399418e-06	6.430172e-09
2.30401261e-06	6.531768e-09
2.30403104e-06	7.016246e-09
2.30404947e-06	6.846232e-09
2.30406791e-06	6.468786e-09
2.30408634e-06	6.461436e-09
2.30410477e-06	6.580042e-09
2.30412321e-06	7.122836e-09
2.30414164e-06	7.238705e-09
2.30416007e-06	6.753780e-09
2.30417850e-06	6.695646e-09
2.30419694e-06	6.800304e-09
2.30421537e-06	6.010256e-09
2.30423381e-06	6.125300e-09
2.30425224e-06	6.993257e-09
2.30427067e-06	6.607532e-09
2.30428911e-06	6.549680e-09
2.30430754e-06	6.685342e-09
2.30432598e-06	6.197040e-09
2.30434441e-06	6.830439e-09
2.30436285e-06	7.449193e-09
2.30438128e-06	8.018053e-09
2.30439971e-06	7.678194e-09
2.30441815e-06	7.742017e-09
2.30443659e-06	7.552349e-09
2.30445502e-06	6.675684e-09
2.30447346e-06	6.554091e-09
2.30449189e-06	6.340058e-09
2.30451033e-06	6.860425e-09
2.30452877e-06	6.888424e-09
2.30454720e-06	7.237403e-09
2.30456564e-06	7.033340e-09
2.30458407e-06	7.166026e-09
2.30460251e-06	7.107383e-09
2.30462095e-06	6.533150e-09
2.30463938e-06	6.130391e-09
2.30465782e-06	6.537083e-09
2.30467626e-06	6.780335e-09
2.30469470e-06	6.303500e-09
2.30471313e-06	5.604441e-09
2.30473157e-06	4.690195e-09
2.30475001e-06	4.848738e-09
2.30476845e-06	4.795609e-09
2.30478688e-06	3.928184e-09
2.30480532e-06	5.077247e-09
2.30482376e-06	3.902049e-09
2.30484220e-06	4.919015e-09
2.30486064e-06	5.328443e-09
2.30487908e-06	5.504938e-09
2.30489752e-06	5.756229e-09
2.30491596e-06	5.583970e-09
2.30493440e-06	4.272548e-09
2.30495284e-06	4.797488e-09
2.30497128e-06	4.521143e-09
2.30498972e-06	4.371617e-09
2.30500815e-06	5.588947e-09
2.30502660e-06	6.337879e-09
2.30504504e-06	5.723635e-09
2.30506347e-06	6.000556e-09
2.30508192e-06	6.212187e-09
2.30510036e-06	6.262117e-09
2.30511880e-06	6.385490e-09
2.30513724e-06	6.745633e-09
2.30515568e-06	6.616318e-09
2.30517412e-06	6.641229e-09
2.30519256e-06	6.865058e-09
2.30521100e-06	6.231697e-09
2.30522944e-06	6.478547e-09
2.30524789e-06	6.460699e-09
2.30526633e-06	6.538280e-09
2.30528477e-06	6.731845e-09
2.30530321e-06	6.751774e-09
2.30532166e-06	5.737068e-09
2.30534010e-06	5.990861e-09
2.30535854e-06	6.483285e-09
2.30537698e-06	6.172543e-09
2.30539543e-06	5.226093e-09
2.30541387e-06	3.903836e-09
2.30543231e-06	4.604040e-09
2.30545076e-06	5.662471e-09
2.30546920e-06	5.245357e-09
2.30548764e-06	4.386050e-09
2.30550609e-06	5.283381e-09
2.30552453e-06	6.483572e-09
2.30554298e-06	6.812311e-09
2.30556142e-06	6.661404e-09
2.30557987e-06	6.441085e-09
2.30559831e-06	6.206371e-09
2.30561675e-06	5.553667e-09
2.30563520e-06	3.880055e-09
2.30565365e-06	3.834698e-09
2.30567209e-06	4.658166e-09
2.30569054e-06	5.243584e-09
2.30570898e-06	5.587305e-09
2.30572743e-06	5.226886e-09
2.30574587e-06	4.525729e-09
2.30576432e-06	4.419651e-09
2.30578276e-06	4.898276e-09
2.30580121e-06	3.961020e-09
2.30581966e-06	5.163866e-09
2.30583810e-06	5.784944e-09
2.30585655e-06	5.618190e-09
2.30587500e-06	5.238463e-09
2.30589344e-06	4.708643e-09
2.30591189e-06	5.557665e-09
2.30593034e-06	6.192087e-09
2.30594879e-06	5.941560e-09
2.30596723e-06	5.968204e-09
2.30598568e-06	5.729004e-09
2.30600413e-06	6.484015e-09
2.30602258e-06	7.097100e-09
2.30604102e-06	7.308383e-09
2.30605947e-06	7.437011e-09
2.30607792e-06	7.244787e-09
2.30609637e-06	7.044012e-09
2.30611482e-06	6.757730e-09
2.30613327e-06	5.925477e-09
2.30615172e-06	5.848582e-09
2.30617017e-06	6.651611e-09
2.30618862e-06	6.324428e-09
2.30620707e-06	5.854506e-09
2.30622551e-06	6.258411e-09
2.30624396e-06	6.948731e-09
2.30626241e-06	6.933366e-09
2.30628087e-06	6.793739e-09
2.30629932e-06	7.077970e-09
2.30631777e-06	7.581859e-09
2.30633622e-06	7.018046e-09
2.30635467e-06	6.219441e-09
2.30637312e-06	6.694061e-09
2.30639157e-06	6.550254e-09
2.30641002e-06	6.369500e-09
2.30642847e-06	6.776732e-09
2.30644692e-06	5.634143e-09
2.30646537e-06	5.448067e-09
2.30648383e-06	5.804682e-09
2.30650228e-06	5.105867e-09
2.30652073e-06	4.832955e-09
2.30653918e-06	5.490670e-09
2.30655763e-06	5.814577e-09
2.30657609e-06	5.933129e-09
2.30659454e-06	6.051747e-09
2.30661299e-06	6.229803e-09
2.30663144e-06	5.085198e-09
2.30664990e-06	4.436454e-09
2.30666835e-06	3.988493e-09
2.30668681e-06	4.857504e-09
2.30670526e-06	5.492398e-09
2.30672371e-06	5.332503e-09
2.30674217e-06	5.071469e-09
2.30676062e-06	4.020534e-09
2.30677907e-06	4.688411e-09
2.30679753e-06	4.726973e-09
2.30681598e-06	4.196524e-09
2.30683444e-06	5.076816e-09
2.30685289e-06	5.113504e-09
2.30687135e-06	5.812550e-09
2.30688980e-06	5.948948e-09
2.30690826e-06	5.488184e-09
2.30692671e-06	5.651487e-09
2.30694517e-06	6.322558e-09
2.30696362e-06	6.501280e-09
2.30698208e-06	6.651729e-09
2.30700053e-06	6.865019e-09
2.30701899e-06	7.269409e-09
2.30703745e-06	6.891018e-09
2.30705590e-06	6.462871e-09
2.30707436e-06	7.118999e-09
2.30709282e-06	7.141848e-09
2.30711127e-06	7.296418e-09
2.30712973e-06	7.370048e-09
2.30714819e-06	7.481008e-09
2.30716664e-06	7.299038e-09
2.30718510e-06	7.410012e-09
2.30720356e-06	7.468321e-09
2.30722202e-06	6.979396e-09
2.30724047e-06	6.517625e-09
2.30725893e-06	6.529386e-09
2.30727739e-06	6.798562e-09
2.30729585e-06	5.810788e-09
2.30731431e-06	5.478412e-09
2.30733277e-06	6.569963e-09
2.30735122e-06	7.069534e-09
2.30736968e-06	6.648424e-09
2.30738814e-06	5.626895e-09
2.30740660e-06	6.160023e-09
2.30742506e-06	6.905535e-09
2.30744352e-06	7.238018e-09
2.30746198e-06	7.160713e-09
2.30748044e-06	6.720996e-09
2.30749890e-06	6.384674e-09
2.30751736e-06	5.704044e-09
2.30753582e-06	6.048999e-09
2.30755428e-06	6.321092e-09
2.30757274e-06	6.015220e-09
2.30759120e-06	5.571259e-09
2.30760966e-06	4.944762e-09
2.30762812e-06	4.057351e-09
2.30764658e-06	4.025631e-09
2.30766504e-06	4.426368e-09
2.30768351e-06	4.966902e-09
2.30770197e-06	5.777364e-09
2.30772043e-06	6.375743e-09
2.30773889e-06	6.337245e-09
2.30775735e-06	6.185131e-09
2.30777581e-06	5.768538e-09
2.30779428e-06	4.971078e-09
2.30781274e-06	4.321851e-09
2.30783120e-06	4.615610e-09
2.30784966e-06	4.764100e-09
2.30786813e-06	4.014191e-09
2.30788659e-06	5.148154e-09
2.30790505e-06	5.758393e-09
2.30792352e-06	5.967895e-09
2.30794198e-06	6.164613e-09
2.30796044e-06	6.566231e-09
2.30797891e-06	6.748991e-09
2.30799737e-06	6.561414e-09
2.30801583e-06	6.087511e-09
2.30803430e-06	5.408773e-09
2.30805276e-06	4.414967e-09
2.30807123e-06	5.364645e-09
2.30808969e-06	6.570229e-09
2.30810816e-06	6.846777e-09
2.30812662e-06	6.778372e-09
2.30814509e-06	7.173741e-09
2.30816355e-06	7.469364e-09
2.30818202e-06	7.088610e-09
2.30820048e-06	6.184754e-09
2.30821895e-06	6.292573e-09
2.30823741e-06	6.981443e-09
2.30825588e-06	7.157369e-09
2.30827434e-06	6.365402e-09
2.30829281e-06	6.058468e-09
2.30831128e-06	6.733165e-09
2.30832974e-06	6.888682e-09
2.30834821e-06	6.643433e-09
2.30836668e-06	6.438166e-09
2.30838514e-06	6.662386e-09
2.30840361e-06	7.136699e-09
2.30842208e-06	7.294890e-09
2.30844055e-06	7.358581e-09
2.30845901e-06	6.989066e-09
2.30847748e-06	6.291910e-09
2.30849595e-06	5.763528e-09
2.30851442e-06	5.377284e-09
2.30853288e-06	6.081622e-09
2.30855135e-06	6.659658e-09
2.30856982e-06	6.851243e-09
2.30858829e-06	6.974025e-09
2.30860676e-06	7.207106e-09
2.30862523e-06	7.331206e-09
2.30864370e-06	6.970746e-09
2.30866217e-06	7.037872e-09
2.30868063e-06	7.360159e-09
2.30869911e-06	7.011914e-09
2.30871757e-06	6.604321e-09
2.30873604e-06	6.300350e-09
2.30875451e-06	6.432329e-09
2.30877298e-06	6.852004e-09
2.30879145e-06	6.482063e-09
2.30880992e-06	5.892442e-09
2.30882840e-06	5.823876e-09
2.30884687e-06	6.144095e-09
2.30886534e-06	5.880042e-09
2.30888381e-06	5.127993e-09
2.30890228e-06	4.172804e-09
2.30892075e-06	4.281526e-09
2.30893922e-06	4.975089e-09
2.30895769e-06	3.969520e-09
2.30897616e-06	4.721817e-09
2.30899464e-06	4.503811e-09
2.30901311e-06	5.162074e-09
2.30903158e-06	5.976922e-09
2.30905005e-06	6.147374e-09
2.30906852e-06	5.664776e-09
2.30908700e-06	5.062453e-09
2.30910547e-06	5.214155e-09
2.30912394e-06	5.151476e-09
2.30914242e-06	6.042329e-09
2.30916089e-06	5.904653e-09
2.30917936e-06	5.992040e-09
2.30919784e-06	4.651726e-09
2.30921631e-06	4.824660e-09
2.30923478e-06	6.010984e-09
2.30925326e-06	6.521048e-09
2.30927173e-06	7.043336e-09
2.30929021e-06	6.989917e-09
2.30930868e-06	7.248457e-09
2.30932715e-06	6.942972e-09
2.30934563e-06	6.165367e-09
2.30936410e-06	4.685830e-09
2.30938258e-06	5.473043e-09
2.30940105e-06	6.693370e-09
2.30941953e-06	6.723053e-09
2.30943800e-06	6.467242e-09
2.30945648e-06	6.128744e-09
2.30947495e-06	5.900856e-09
2.30949343e-06	6.172013e-09
2.30951191e-06	6.011230e-09
2.30953038e-06	5.634464e-09
2.30954886e-06	6.030342e-09
2.30956733e-06	6.505238e-09
2.30958581e-06	6.731338e-09
2.30960429e-06	6.372321e-09
2.30962277e-06	6.171104e-09
2.30964124e-06	5.610782e-09
2.30965972e-06	3.977876e-09
2.30967820e-06	3.898817e-09
2.30969667e-06	4.250859e-09
2.30971515e-06	5.685700e-09
2.30973363e-06	6.175377e-09
2.30975211e-06	5.264431e-09
2.30977059e-06	4.093887e-09
2.30978906e-06	4.253116e-09
2.30980754e-06	4.147110e-09
2.30982602e-06	4.338340e-09
2.30984450e-06	4.006778e-09
2.30986298e-06	5.789867e-09
2.30988146e-06	6.348833e-09
2.30989994e-06	6.125545e-09
2.30991842e-06	5.904907e-09
2.30993689e-06	4.823233e-09
2.30995537e-06	5.401512e-09
2.30997385e-06	5.974512e-09
2.30999233e-06	5.575216e-09
2.31001081e-06	5.159537e-09
2.31002929e-06	4.768711e-09
2.31004777e-06	3.808289e-09
2.31006625e-06	5.098642e-09
2.31008473e-06	3.879346e-09
2.31010321e-06	4.612580e-09
2.31012170e-06	4.982329e-09
2.31014018e-06	3.811250e-09
2.31015866e-06	4.926247e-09
2.31017714e-06	6.229814e-09
2.31019562e-06	6.492764e-09
2.31021410e-06	5.663943e-09
2.31023258e-06	6.055315e-09
2.31025107e-06	6.987312e-09
2.31026955e-06	7.285904e-09
2.31028803e-06	7.185939e-09
2.31030651e-06	7.055105e-09
2.31032499e-06	6.329402e-09
2.31034348e-06	6.015688e-09
2.31036196e-06	6.396669e-09
2.31038044e-06	5.727615e-09
2.31039893e-06	5.409546e-09
2.31041741e-06	5.917787e-09
2.31043589e-06	6.343236e-09
2.31045438e-06	5.445999e-09
2.31047286e-06	5.205972e-09
2.31049134e-06	5.818085e-09
2.31050983e-06	5.426284e-09
2.31052831e-06	6.261441e-09
2.31054680e-06	6.705347e-09
2.31056528e-06	6.484179e-09
2.31058377e-06	5.942548e-09
2.31060225e-06	6.647479e-09
2.31062073e-06	7.529577e-09
2.31063922e-06	7.252252e-09
2.31065770e-06	6.920589e-09
2.31067619e-06	7.098803e-09
2.31069467e-06	6.372521e-09
2.31071316e-06	6.430356e-09
2.31073165e-06	5.902381e-09
2.31075013e-06	5.978409e-09
2.31076862e-06	5.714316e-09
2.31078710e-06	6.121597e-09
2.31080559e-06	5.989734e-09
2.31082408e-06	6.378118e-09
2.31084256e-06	6.715297e-09
2.31086105e-06	6.444828e-09
2.31087954e-06	6.549099e-09
2.31089802e-06	5.855229e-09
2.31091651e-06	4.976661e-09
2.31093500e-06	5.388210e-09
2.31095349e-06	5.826265e-09
2.31097197e-06	5.057921e-09
2.31099046e-06	4.959694e-09
2.31100895e-06	5.073799e-09
2.31102744e-06	4.985717e-09
2.31104593e-06	6.506618e-09
2.31106441e-06	6.751551e-09
2.31108290e-06	6.322782e-09
2.31110139e-06	6.390793e-09
2.31111988e-06	6.325565e-09
2.31113837e-06	6.130376e-09
2.31115686e-06	5.536248e-09
2.31117535e-06	4.230843e-09
2.31119384e-06	3.929902e-09
2.31121233e-06	3.931851e-09
2.31123082e-06	4.607072e-09
2.31124931e-06	4.739467e-09
2.31126780e-06	4.034248e-09
2.31128629e-06	4.725267e-09
2.31130478e-06	5.265678e-09
2.31132327e-06	5.160718e-09
2.31134176e-06	5.233327e-09
2.31136025e-06	5.765474e-09
2.31137874e-06	6.212131e-09
2.31139723e-06	6.479174e-09
2.31141572e-06	5.937422e-09
2.31143421e-06	5.572174e-09
2.31145270e-06	6.013436e-09
2.31147120e-06	5.395775e-09
2.31148969e-06	5.861667e-09
2.31150818e-06	6.043612e-09
2.31152667e-06	5.555731e-09
2.31154516e-06	4.874042e-09
2.31156366e-06	3.885651e-09
2.31158215e-06	4.665799e-09
2.31160064e-06	5.988631e-09
2.31161913e-06	4.875279e-09
2.31163763e-06	3.813885e-09
2.31165612e-06	3.739162e-09
2.31167461e-06	4.354319e-09
2.31169311e-06	5.796366e-09
2.31171160e-06	6.364011e-09
2.31173009e-06	5.755597e-09
2.31174859e-06	6.015532e-09
2.31176708e-06	6.408836e-09
2.31178558e-06	5.622883e-09
2.31180407e-06	6.288043e-09
2.31182257e-06	6.570523e-09
2.31184106e-06	6.063986e-09
2.31185955e-06	6.200768e-09
2.31187805e-06	6.460886e-09
2.31189654e-06	4.323371e-09
2.31191504e-06	4.259468e-09
2.31193353e-06	5.972606e-09
2.31195203e-06	5.516051e-09
2.31197052e-06	6.370389e-09
2.31198902e-06	6.979689e-09
2.31200752e-06	6.510534e-09
2.31202601e-06	6.115158e-09
2.31204451e-06	5.248258e-09
2.31206301e-06	5.619837e-09
2.31208150e-06	6.033147e-09
2.31210000e-06	6.766192e-09
2.31211850e-06	6.542546e-09
2.31213699e-06	5.834503e-09
2.31215549e-06	6.605433e-09
2.31217399e-06	6.422366e-09
2.31219248e-06	5.343472e-09
2.31221098e-06	5.620458e-09
2.31222948e-06	5.743447e-09
2.31224798e-06	5.965369e-09
2.31226648e-06	6.157517e-09
2.31228497e-06	5.500089e-09
2.31230347e-06	4.985337e-09
2.31232197e-06	6.208292e-09
2.31234047e-06	5.771141e-09
2.31235897e-06	5.236750e-09
2.31237747e-06	5.141888e-09
2.31239596e-06	5.135616e-09
2.31241446e-06	4.758633e-09
2.31243296e-06	3.766563e-09
2.31245146e-06	5.059471e-09
2.31246996e-06	4.011782e-09
2.31248846e-06	4.402963e-09
2.31250696e-06	5.147928e-09
2.31252546e-06	5.648518e-09
2.31254396e-06	5.377095e-09
2.31256246e-06	5.894236e-09
2.31258096e-06	6.021800e-09
2.31259946e-06	5.774076e-09
2.31261796e-06	6.587001e-09
2.31263647e-06	6.648570e-09
2.31265497e-06	6.563894e-09
2.31267347e-06	7.057846e-09
2.31269197e-06	6.938170e-09
2.31271047e-06	6.156048e-09
2.31272897e-06	6.275661e-09
2.31274748e-06	6.422649e-09
2.31276598e-06	6.329399e-09
2.31278448e-06	7.069132e-09
2.31280298e-06	6.980373e-09
2.31282148e-06	6.677089e-09
2.31283999e-06	5.602194e-09
2.31285849e-06	4.826601e-09
2.31287699e-06	6.212132e-09
2.31289550e-06	6.500882e-09
2.31291400e-06	6.079024e-09
2.31293250e-06	5.915952e-09
2.31295100e-06	6.425956e-09
2.31296951e-06	6.263675e-09
2.31298801e-06	7.017707e-09
2.31300652e-06	6.396956e-09
2.31302502e-06	6.136008e-09
2.31304352e-06	6.190222e-09
2.31306203e-06	5.648936e-09
2.31308053e-06	5.758764e-09
2.31309904e-06	5.261502e-09
2.31311754e-06	4.153793e-09
2.31313605e-06	4.303444e-09
2.31315455e-06	5.489867e-09
2.31317306e-06	5.122386e-09
2.31319156e-06	5.938716e-09
2.31321007e-06	6.057388e-09
2.31322857e-06	4.974256e-09
2.31324708e-06	4.630567e-09
2.31326559e-06	6.197227e-09
2.31328409e-06	6.533302e-09
2.31330260e-06	6.404719e-09
2.31332111e-06	6.882495e-09
2.31333961e-06	7.335059e-09
2.31335812e-06	6.829300e-09
2.31337662e-06	6.400427e-09
2.31339513e-06	6.189807e-09
2.31341364e-06	6.238265e-09
2.31343215e-06	6.877511e-09
2.31345065e-06	7.148100e-09
2.31346916e-06	6.543582e-09
2.31348767e-06	6.565932e-09
2.31350618e-06	6.819896e-09
2.31352469e-06	6.652343e-09
2.31354319e-06	6.642974e-09
2.31356170e-06	6.192740e-09
2.31358021e-06	6.252502e-09
2.31359872e-06	5.556755e-09
2.31361723e-06	5.487817e-09
2.31363574e-06	5.639455e-09
2.31365425e-06	5.192999e-09
2.31367275e-06	4.546781e-09
2.31369127e-06	3.875065e-09
2.31370977e-06	5.042441e-09
2.31372828e-06	3.742085e-09
2.31374679e-06	4.665178e-09
2.31376530e-06	5.245233e-09
2.31378381e-06	5.286378e-09
2.31380232e-06	5.550679e-09
2.31382083e-06	5.075152e-09
2.31383935e-06	5.264211e-09
2.31385786e-06	5.911955e-09
2.31387637e-06	6.116773e-09
2.31389488e-06	5.918780e-09
2.31391339e-06	6.259469e-09
2.31393190e-06	6.255794e-09
2.31395041e-06	5.296505e-09
2.31396892e-06	5.581057e-09
2.31398744e-06	5.849255e-09
2.31400595e-06	5.269968e-09
2.31402446e-06	5.437647e-09
2.31404297e-06	4.164433e-09
2.31406148e-06	4.158116e-09
2.31408000e-06	5.398070e-09
2.31409851e-06	6.308488e-09
2.31411702e-06	6.123729e-09
2.31413553e-06	6.713358e-09
2.31415405e-06	6.642793e-09
2.31417256e-06	6.887173e-09
2.31419107e-06	6.728147e-09
2.31420959e-06	7.175946e-09
2.31422810e-06	6.904663e-09
2.31424662e-06	6.039153e-09
2.31426513e-06	6.450857e-09
2.31428364e-06	6.879426e-09
2.31430216e-06	7.231931e-09
2.31432067e-06	6.342447e-09
2.31433919e-06	6.341061e-09
2.31435770e-06	6.439734e-09
2.31437622e-06	5.248939e-09
2.31439473e-06	4.740389e-09
2.31441325e-06	6.209334e-09
2.31443176e-06	6.193501e-09
2.31445028e-06	6.538082e-09
2.31446879e-06	5.932815e-09
2.31448731e-06	5.738034e-09
2.31450582e-06	6.355511e-09
2.31452434e-06	6.065050e-09
2.31454286e-06	5.397598e-09
2.31456137e-06	6.174015e-09
2.31457989e-06	6.767030e-09
2.31459841e-06	6.682912e-09
2.31461692e-06	6.449192e-09
2.31463544e-06	6.232438e-09
2.31465396e-06	5.227520e-09
2.31467247e-06	3.873566e-09
2.31469099e-06	3.921232e-09
2.31470951e-06	4.754486e-09
2.31472803e-06	5.135477e-09
2.31474654e-06	5.031905e-09
2.31476506e-06	5.698809e-09
2.31478358e-06	6.082443e-09
2.31480210e-06	5.315447e-09
2.31482062e-06	5.288260e-09
2.31483913e-06	5.955594e-09
2.31485765e-06	5.298718e-09
2.31487617e-06	4.831753e-09
2.31489469e-06	5.535316e-09
2.31491321e-06	4.866534e-09
2.31493173e-06	4.832349e-09
2.31495025e-06	4.696472e-09
2.31496877e-06	3.884567e-09
2.31498729e-06	4.258640e-09
2.31500581e-06	5.016039e-09
2.31502433e-06	3.720576e-09
2.31504285e-06	4.613783e-09
2.31506137e-06	4.680875e-09
2.31507989e-06	5.062550e-09
2.31509841e-06	5.696589e-09
2.31511693e-06	5.181644e-09
2.31513545e-06	5.421455e-09
2.31515397e-06	6.192642e-09
2.31517250e-06	6.456817e-09
2.31519102e-06	6.787137e-09
2.31520954e-06	6.535152e-09
2.31522806e-06	5.790096e-09
2.31524658e-06	5.761159e-09
2.31526510e-06	5.952657e-09
2.31528362e-06	4.751911e-09
2.31530215e-06	3.890036e-09
2.31532067e-06	4.575211e-09
2.31533919e-06	5.917470e-09
2.31535771e-06	6.638009e-09
2.31537624e-06	6.952826e-09
2.31539476e-06	7.066853e-09
2.31541328e-06	6.453346e-09
2.31543181e-06	5.981058e-09
2.31545033e-06	6.228790e-09
2.31546885e-06	6.333532e-09
2.31548738e-06	6.177464e-09
2.31550590e-06	6.578328e-09
2.31552443e-06	6.618884e-09
2.31554295e-06	6.473690e-09
2.31556148e-06	6.519984e-09
2.31558000e-06	7.356627e-09
2.31559852e-06	6.242153e-09
2.31561705e-06	6.285675e-09
2.31563557e-06	7.126891e-09
2.31565410e-06	7.091099e-09
2.31567262e-06	6.976469e-09
2.31569115e-06	5.559423e-09
2.31570967e-06	5.050842e-09
2.31572820e-06	5.847723e-09
2.31574673e-06	5.975029e-09
2.31576525e-06	5.343194e-09
2.31578378e-06	5.688508e-09
2.31580231e-06	5.714023e-09
2.31582083e-06	4.739255e-09
2.31583936e-06	6.137224e-09
2.31585788e-06	5.804596e-09
2.31587641e-06	5.307562e-09
2.31589494e-06	6.387506e-09
2.31591347e-06	6.878774e-09
2.31593199e-06	7.226031e-09
2.31595052e-06	6.694659e-09
2.31596905e-06	6.158411e-09
2.31598758e-06	6.307911e-09
2.31600610e-06	5.803723e-09
2.31602463e-06	6.473857e-09
2.31604316e-06	7.094362e-09
2.31606169e-06	7.232421e-09
2.31608022e-06	6.851372e-09
2.31609875e-06	6.378524e-09
2.31611727e-06	5.712912e-09
2.31613580e-06	5.563634e-09
2.31615433e-06	5.501506e-09
2.31617286e-06	4.814874e-09
2.31619139e-06	5.761139e-09
2.31620992e-06	6.109735e-09
2.31622845e-06	5.378554e-09
2.31624698e-06	4.211589e-09
2.31626551e-06	4.419482e-09
2.31628404e-06	4.020425e-09
2.31630257e-06	4.011533e-09
2.31632110e-06	3.793988e-09
2.31633963e-06	5.065695e-09
2.31635816e-06	3.707687e-09
2.31637669e-06	4.609433e-09
2.31639522e-06	5.125523e-09
2.31641375e-06	4.965351e-09
2.31643229e-06	4.777165e-09
2.31645082e-06	5.355706e-09
2.31646935e-06	5.304703e-09
2.31648788e-06	5.974502e-09
2.31650641e-06	6.332817e-09
2.31652494e-06	6.224719e-09
2.31654348e-06	5.852866e-09
2.31656201e-06	3.745700e-09
2.31658054e-06	3.896985e-09
2.31659908e-06	5.578020e-09
2.31661761e-06	5.567790e-09
2.31663614e-06	5.938129e-09
2.31665467e-06	6.352284e-09
2.31667321e-06	6.194164e-09
2.31669174e-06	5.404888e-09
2.31671027e-06	6.286817e-09
2.31672881e-06	6.655412e-09
2.31674734e-06	6.697953e-09
2.31676587e-06	5.946151e-09
2.31678441e-06	6.669824e-09
2.31680294e-06	6.983598e-09
2.31682148e-06	5.590390e-09
2.31684001e-06	4.503450e-09
2.31685855e-06	5.694757e-09
2.31687708e-06	6.552447e-09
2.31689562e-06	6.605274e-09
2.31691415e-06	6.938316e-09
2.31693269e-06	6.731301e-09
2.31695122e-06	7.059021e-09
2.31696976e-06	7.111149e-09
2.31698830e-06	5.472452e-09
2.31700683e-06	5.224551e-09
2.31702537e-06	5.617540e-09
2.31704390e-06	5.160100e-09
2.31706244e-06	5.894588e-09
2.31708098e-06	6.534868e-09
2.31709951e-06	7.056775e-09
2.31711805e-06	6.775529e-09
2.31713659e-06	5.941507e-09
2.31715512e-06	3.802299e-09
2.31717366e-06	4.006712e-09
2.31719220e-06	6.087176e-09
2.31721073e-06	6.642670e-09
2.31722927e-06	6.239180e-09
2.31724781e-06	6.465084e-09
2.31726635e-06	6.807531e-09
2.31728489e-06	6.420236e-09
2.31730342e-06	6.756063e-09
2.31732196e-06	6.435619e-09
2.31734050e-06	6.228562e-09
2.31735904e-06	6.833886e-09
2.31737758e-06	6.814657e-09
2.31739612e-06	5.999993e-09
2.31741466e-06	5.688323e-09
2.31743320e-06	6.027286e-09
2.31745174e-06	5.207345e-09
2.31747028e-06	5.755355e-09
2.31748882e-06	4.753636e-09
2.31750736e-06	3.828896e-09
2.31752590e-06	5.303521e-09
2.31754444e-06	5.721356e-09
2.31756298e-06	5.586457e-09
2.31758152e-06	4.791040e-09
2.31760006e-06	3.998470e-09
2.31761860e-06	4.029689e-09
2.31763714e-06	4.564125e-09
2.31765568e-06	5.006675e-09
2.31767422e-06	4.572819e-09
2.31769276e-06	3.735504e-09
2.31771131e-06	4.944065e-09
2.31772985e-06	3.977233e-09
2.31774839e-06	4.289519e-09
2.31776693e-06	4.889985e-09
2.31778547e-06	4.352250e-09
2.31780401e-06	4.977407e-09
2.31782256e-06	5.689161e-09
2.31784110e-06	6.337652e-09
2.31785964e-06	6.523536e-09
2.31787819e-06	5.901295e-09
2.31789673e-06	5.614213e-09
2.31791527e-06	6.567021e-09
2.31793381e-06	6.550145e-09
2.31795236e-06	6.100611e-09
2.31797090e-06	6.477211e-09
2.31798945e-06	6.704865e-09
2.31800799e-06	5.839847e-09
2.31802653e-06	5.587754e-09
2.31804508e-06	5.766283e-09
2.31806362e-06	6.152795e-09
2.31808217e-06	6.264771e-09
2.31810071e-06	5.703885e-09
2.31811926e-06	6.568108e-09
2.31813780e-06	6.230205e-09
2.31815635e-06	4.971704e-09
2.31817489e-06	5.232184e-09
2.31819344e-06	6.807115e-09
2.31821198e-06	6.611219e-09
2.31823053e-06	5.312309e-09
2.31824907e-06	4.972453e-09
2.31826762e-06	4.356492e-09
2.31828617e-06	5.291215e-09
2.31830471e-06	6.551550e-09
2.31832326e-06	7.215764e-09
2.31834181e-06	6.815462e-09
2.31836035e-06	6.065281e-09
2.31837890e-06	6.325782e-09
2.31839745e-06	6.902792e-09
2.31841599e-06	7.106006e-09
2.31843454e-06	6.963623e-09
2.31845309e-06	5.515566e-09
2.31847164e-06	4.101986e-09
2.31849018e-06	3.724157e-09
2.31850873e-06	4.581995e-09
2.31852728e-06	5.746315e-09
2.31854583e-06	6.314688e-09
2.31856438e-06	6.931990e-09
2.31858292e-06	6.681908e-09
2.31860147e-06	6.124887e-09
2.31862002e-06	6.178922e-09
2.31863857e-06	5.875345e-09
2.31865712e-06	6.631408e-09
2.31867567e-06	6.531137e-09
2.31869422e-06	6.115214e-09
2.31871277e-06	6.359519e-09
2.31873132e-06	6.837396e-09
2.31874987e-06	6.819488e-09
2.31876842e-06	7.115138e-09
2.31878697e-06	7.460190e-09
2.31880552e-06	7.190995e-09
2.31882407e-06	6.360643e-09
2.31884262e-06	6.617587e-09
2.31886117e-06	6.116898e-09
2.31887972e-06	5.647010e-09
2.31889827e-06	6.064670e-09
2.31891682e-06	6.510000e-09
2.31893538e-06	6.254836e-09
2.31895393e-06	6.259082e-09
2.31897248e-06	6.414092e-09
2.31899103e-06	6.099108e-09
2.31900958e-06	6.008535e-09
2.31902813e-06	5.757211e-09
2.31904669e-06	5.627266e-09
2.31906524e-06	5.127585e-09
2.31908379e-06	4.949618e-09
2.31910234e-06	4.080826e-09
2.31912090e-06	4.557057e-09
2.31913945e-06	4.644281e-09
2.31915800e-06	4.000656e-09
2.31917656e-06	4.904660e-09
2.31919511e-06	5.542380e-09
2.31921366e-06	5.965598e-09
2.31923222e-06	6.103775e-09
2.31925077e-06	5.883856e-09
2.31926932e-06	6.060618e-09
2.31928788e-06	5.992993e-09
2.31930643e-06	5.710793e-09
2.31932499e-06	6.220466e-09
2.31934354e-06	5.140058e-09
2.31936210e-06	5.635504e-09
2.31938065e-06	6.225247e-09
2.31939921e-06	6.779159e-09
2.31941776e-06	6.812358e-09
2.31943632e-06	7.016212e-09
2.31945487e-06	6.460590e-09
2.31947343e-06	5.058114e-09
2.31949198e-06	5.288778e-09
2.31951054e-06	5.175212e-09
2.31952910e-06	4.955439e-09
2.31954765e-06	5.012354e-09
2.31956621e-06	4.511990e-09
2.31958477e-06	4.860962e-09
2.31960332e-06	6.558997e-09
2.31962188e-06	7.228514e-09
2.31964044e-06	7.331037e-09
2.31965899e-06	7.125731e-09
2.31967755e-06	6.132550e-09
2.31969611e-06	4.447913e-09
2.31971466e-06	5.321049e-09
2.31973322e-06	6.355565e-09
2.31975178e-06	7.114648e-09
2.31977034e-06	7.411983e-09
2.31978890e-06	7.314633e-09
2.31980746e-06	7.580926e-09
2.31982601e-06	7.454227e-09
2.31984457e-06	7.323991e-09
2.31986313e-06	6.842397e-09
2.31988169e-06	6.339921e-09
2.31990025e-06	6.954167e-09
2.31991881e-06	7.368661e-09
2.31993737e-06	7.387983e-09
2.31995593e-06	6.523206e-09
2.31997449e-06	6.095587e-09
2.31999305e-06	5.149473e-09
2.32001161e-06	4.055334e-09
2.32003017e-06	5.474944e-09
2.32004873e-06	6.627090e-09
2.32006729e-06	5.957298e-09
2.32008585e-06	5.844408e-09
2.32010441e-06	6.604975e-09
2.32012297e-06	7.132955e-09
2.32014153e-06	6.892447e-09
2.32016009e-06	7.117334e-09
2.32017865e-06	6.746847e-09
2.32019721e-06	6.704370e-09
2.32021577e-06	6.309262e-09
2.32023434e-06	6.318301e-09
2.32025290e-06	5.573857e-09
2.32027146e-06	4.057519e-09
2.32029002e-06	5.750133e-09
2.32030858e-06	6.925851e-09
2.32032715e-06	7.080731e-09
2.32034571e-06	6.419588e-09
2.32036427e-06	5.226859e-09
2.32038284e-06	5.037643e-09
2.32040140e-06	5.489228e-09
2.32041996e-06	3.977432e-09
2.32043853e-06	3.804509e-09
2.32045709e-06	5.385241e-09
2.32047565e-06	5.842557e-09
2.32049422e-06	5.406347e-09
2.32051278e-06	5.217899e-09
2.32053135e-06	4.631546e-09
2.32054991e-06	4.229705e-09
2.32056847e-06	3.777262e-09
2.32058704e-06	5.039891e-09
2.32060560e-06	3.836757e-09
2.32062417e-06	4.252710e-09
2.32064273e-06	4.981958e-09
2.32066130e-06	5.288308e-09
2.32067986e-06	5.455590e-09
2.32069843e-06	5.713849e-09
2.32071699e-06	5.918764e-09
2.32073556e-06	5.034524e-09
2.32075413e-06	5.206149e-09
2.32077269e-06	5.371425e-09
2.32079126e-06	6.392183e-09
2.32080982e-06	6.888843e-09
2.32082839e-06	6.948928e-09
2.32084696e-06	6.691111e-09
2.32086552e-06	6.027995e-09
2.32088409e-06	4.975849e-09
2.32090266e-06	5.334800e-09
2.32092123e-06	5.664209e-09
2.32093979e-06	5.138363e-09
2.32095836e-06	5.189313e-09
2.32097693e-06	6.219202e-09
2.32099550e-06	6.377061e-09
2.32101406e-06	6.008920e-09
2.32103263e-06	5.850241e-09
2.32105120e-06	5.518862e-09
2.32106977e-06	6.464531e-09
2.32108834e-06	7.169826e-09
2.32110691e-06	7.093314e-09
2.32112547e-06	6.077489e-09
2.32114404e-06	5.251252e-09
2.32116261e-06	5.734774e-09
2.32118118e-06	4.720700e-09
2.32119975e-06	3.888368e-09
2.32121832e-06	4.790685e-09
2.32123689e-06	6.127047e-09
2.32125546e-06	6.734074e-09
2.32127403e-06	6.294965e-09
2.32129260e-06	6.208336e-09
2.32131117e-06	5.184470e-09
2.32132974e-06	4.292380e-09
2.32134831e-06	4.604865e-09
2.32136688e-06	5.485953e-09
2.32138545e-06	6.934902e-09
2.32140403e-06	7.265307e-09
2.32142260e-06	7.245237e-09
2.32144117e-06	7.206036e-09
2.32145974e-06	7.227008e-09
2.32147831e-06	6.920460e-09
2.32149688e-06	5.722962e-09
2.32151545e-06	5.638107e-09
2.32153403e-06	6.164854e-09
2.32155260e-06	6.701992e-09
2.32157117e-06	7.246155e-09
2.32158974e-06	7.280214e-09
2.32160832e-06	6.898670e-09
2.32162689e-06	5.941884e-09
2.32164546e-06	4.514856e-09
2.32166404e-06	5.142436e-09
2.32168261e-06	6.472760e-09
2.32170118e-06	7.056196e-09
2.32171976e-06	7.031494e-09
2.32173833e-06	6.918645e-09
2.32175690e-06	6.848578e-09
2.32177548e-06	6.036585e-09
2.32179405e-06	4.985757e-09
2.32181263e-06	6.248462e-09
2.32183120e-06	6.174969e-09
2.32184978e-06	5.848890e-09
2.32186835e-06	5.835428e-09
2.32188692e-06	6.111710e-09
2.32190550e-06	5.830442e-09
2.32192408e-06	5.786824e-09
2.32194265e-06	3.844483e-09
2.32196123e-06	3.662510e-09
2.32197980e-06	5.277578e-09
2.32199838e-06	5.675913e-09
2.32201695e-06	5.437557e-09
2.32203553e-06	5.063583e-09
2.32205411e-06	4.207275e-09
2.32207268e-06	4.319508e-09
2.32209126e-06	4.825911e-09
2.32210984e-06	3.859960e-09
2.32212841e-06	4.851402e-09
2.32214699e-06	5.412987e-09
2.32216557e-06	5.472110e-09
2.32218414e-06	4.523106e-09
2.32220272e-06	4.353759e-09
2.32222130e-06	5.541454e-09
2.32223988e-06	5.662085e-09
2.32225846e-06	5.552981e-09
2.32227703e-06	6.540949e-09
2.32229561e-06	6.505287e-09
2.32231419e-06	5.833136e-09
2.32233277e-06	6.013934e-09
2.32235135e-06	5.746675e-09
2.32236993e-06	4.560573e-09
2.32238850e-06	4.793560e-09
2.32240708e-06	5.991477e-09
2.32242566e-06	6.221741e-09
2.32244424e-06	6.347445e-09
2.32246282e-06	5.159894e-09
2.32248140e-06	5.136941e-09
2.32249998e-06	5.552717e-09
2.32251856e-06	6.536115e-09
2.32253714e-06	6.146269e-09
2.32255572e-06	4.975170e-09
2.32257430e-06	4.799344e-09
2.32259288e-06	6.155591e-09
2.32261146e-06	5.940933e-09
2.32263005e-06	5.017108e-09
2.32264863e-06	4.412180e-09
2.32266721e-06	4.832603e-09
2.32268579e-06	4.852712e-09
2.32270437e-06	5.062435e-09
2.32272295e-06	4.907360e-09
2.32274153e-06	4.931405e-09
2.32276012e-06	4.809655e-09
2.32277870e-06	5.489802e-09
2.32279728e-06	5.801970e-09
2.32281586e-06	4.849363e-09
2.32283444e-06	5.178047e-09
2.32285303e-06	5.011384e-09
2.32287161e-06	4.804619e-09
2.32289019e-06	5.190610e-09
2.32290878e-06	4.865227e-09
2.32292736e-06	3.968028e-09
2.32294594e-06	5.137005e-09
2.32296453e-06	5.011144e-09
2.32298311e-06	5.736920e-09
2.32300169e-06	5.238166e-09
2.32302028e-06	4.811153e-09
2.32303886e-06	5.029266e-09
2.32305745e-06	6.090537e-09
2.32307603e-06	4.634097e-09
2.32309462e-06	3.823459e-09
2.32311320e-06	4.589340e-09
2.32313179e-06	4.987994e-09
2.32315037e-06	4.226449e-09
2.32316896e-06	3.711608e-09
2.32318754e-06	3.818648e-09
2.32320613e-06	4.762317e-09
2.32322471e-06	4.760009e-09
2.32324330e-06	5.586234e-09
2.32326188e-06	4.478200e-09
2.32328047e-06	3.879228e-09
2.32329906e-06	6.123354e-09
2.32331764e-06	6.251510e-09
2.32333623e-06	4.750116e-09
2.32335482e-06	4.768941e-09
2.32337340e-06	5.097196e-09
2.32339199e-06	5.823537e-09
2.32341058e-06	6.098176e-09
2.32342916e-06	5.415321e-09
2.32344775e-06	4.771142e-09
2.32346634e-06	4.722713e-09
2.32348493e-06	5.870443e-09
2.32350352e-06	6.215835e-09
2.32352210e-06	6.089962e-09
2.32354069e-06	4.945041e-09
2.32355928e-06	4.121304e-09
2.32357787e-06	4.690193e-09
2.32359646e-06	4.038360e-09
2.32361504e-06	4.683010e-09
2.32363363e-06	4.713869e-09
2.32365222e-06	4.004604e-09
2.32367081e-06	4.929313e-09
2.32368940e-06	5.374034e-09
2.32370799e-06	4.867693e-09
2.32372658e-06	4.749206e-09
2.32374517e-06	4.577668e-09
2.32376376e-06	5.123919e-09
2.32378235e-06	5.765384e-09
2.32380094e-06	4.330737e-09
2.32381953e-06	4.427091e-09
2.32383812e-06	6.035352e-09
2.32385671e-06	6.472650e-09
2.32387530e-06	6.569135e-09
2.32389389e-06	6.122854e-09
2.32391249e-06	6.026427e-09
2.32393108e-06	5.201484e-09
2.32394967e-06	5.176667e-09
2.32396826e-06	5.939795e-09
2.32398685e-06	5.490541e-09
2.32400544e-06	4.076495e-09
2.32402404e-06	3.881920e-09
2.32404263e-06	4.683154e-09
2.32406122e-06	4.673000e-09
2.32407981e-06	5.475463e-09
2.32409840e-06	5.556104e-09
2.32411700e-06	6.205827e-09
2.32413559e-06	6.736115e-09
2.32415418e-06	7.060000e-09
2.32417278e-06	6.848037e-09
2.32419137e-06	6.322639e-09
2.32420996e-06	6.646267e-09
2.32422856e-06	6.790526e-09
2.32424715e-06	6.819639e-09
2.32426575e-06	6.013294e-09
2.32428434e-06	5.068681e-09
2.32430293e-06	5.468962e-09
2.32432153e-06	6.438305e-09
2.32434012e-06	5.554102e-09
2.32435872e-06	5.425407e-09
2.32437731e-06	5.628976e-09
2.32439591e-06	4.748608e-09
2.32441450e-06	4.750571e-09
2.32443310e-06	5.294726e-09
2.32445169e-06	6.182397e-09
2.32447029e-06	5.590437e-09
2.32448888e-06	6.416081e-09
2.32450748e-06	6.947144e-09
2.32452608e-06	5.895576e-09
2.32454467e-06	5.477772e-09
2.32456327e-06	5.923478e-09
2.32458187e-06	6.727180e-09
2.32460046e-06	6.855568e-09
2.32461906e-06	6.126567e-09
2.32463766e-06	6.794498e-09
2.32465625e-06	6.365857e-09
2.32467485e-06	5.309736e-09
2.32469345e-06	5.473039e-09
2.32471205e-06	6.327035e-09
2.32473064e-06	5.135366e-09
2.32474924e-06	4.791571e-09
2.32476784e-06	5.764482e-09
2.32478644e-06	5.357789e-09
2.32480504e-06	4.654372e-09
2.32482363e-06	4.598476e-09
2.32484223e-06	5.208302e-09
2.32486083e-06	4.778873e-09
2.32487943e-06	5.196456e-09
2.32489803e-06	5.113034e-09
2.32491663e-06	5.396813e-09
2.32493523e-06	6.413320e-09
2.32495383e-06	6.451214e-09
2.32497243e-06	6.555324e-09
2.32499103e-06	5.947987e-09
2.32500963e-06	6.204097e-09
2.32502823e-06	6.415392e-09
2.32504683e-06	6.740618e-09
2.32506543e-06	6.665711e-09
2.32508403e-06	6.275130e-09
2.32510263e-06	5.462811e-09
2.32512123e-06	5.080085e-09
2.32513983e-06	5.219619e-09
2.32515843e-06	4.862130e-09
2.32517703e-06	3.979869e-09
2.32519563e-06	4.638790e-09
2.32521424e-06	4.404210e-09
2.32523284e-06	4.130297e-09
2.32525144e-06	4.761057e-09
2.32527004e-06	4.476979e-09
2.32528864e-06	5.307916e-09
2.32530725e-06	5.561081e-09
2.32532585e-06	5.486037e-09
2.32534445e-06	5.806139e-09
2.32536305e-06	6.581636e-09
2.32538166e-06	6.835411e-09
2.32540026e-06	6.541056e-09
2.32541886e-06	6.152061e-09
2.32543747e-06	6.273320e-09
2.32545607e-06	6.035548e-09
2.32547467e-06	6.691654e-09
2.32549328e-06	6.267105e-09
2.32551188e-06	5.975254e-09
2.32553048e-06	6.037204e-09
2.32554909e-06	6.213175e-09
2.32556769e-06	6.249138e-09
2.32558630e-06	5.721347e-09
2.32560490e-06	5.345245e-09
2.32562351e-06	5.631396e-09
2.32564211e-06	6.061275e-09
2.32566072e-06	5.250029e-09
2.32567932e-06	5.885734e-09
2.32569793e-06	6.150255e-09
2.32571654e-06	5.136901e-09
2.32573514e-06	4.770476e-09
2.32575375e-06	4.573175e-09
2.32577235e-06	5.726399e-09
2.32579096e-06	6.216139e-09
2.32580956e-06	6.609964e-09
2.32582817e-06	6.216332e-09
2.32584678e-06	4.523240e-09
2.32586538e-06	4.303264e-09
2.32588399e-06	4.355446e-09
2.32590260e-06	5.425822e-09
2.32592121e-06	5.902905e-09
2.32593981e-06	5.712092e-09
2.32595842e-06	5.040927e-09
2.32597703e-06	4.825128e-09
2.32599564e-06	4.712878e-09
2.32601424e-06	5.831215e-09
2.32603285e-06	5.966176e-09
2.32605146e-06	5.715020e-09
2.32607007e-06	5.954049e-09
2.32608868e-06	5.137676e-09
2.32610729e-06	5.120082e-09
2.32612590e-06	5.468070e-09
2.32614450e-06	6.456235e-09
2.32616311e-06	6.376713e-09
2.32618172e-06	5.906862e-09
2.32620033e-06	6.195472e-09
2.32621894e-06	6.019662e-09
2.32623755e-06	5.489505e-09
2.32625616e-06	4.649263e-09
2.32627477e-06	4.617392e-09
2.32629338e-06	4.467242e-09
2.32631199e-06	4.178139e-09
2.32633060e-06	4.982039e-09
2.32634921e-06	5.123452e-09
2.32636782e-06	5.794087e-09
2.32638643e-06	5.930355e-09
2.32640505e-06	5.808891e-09
2.32642366e-06	5.792030e-09
2.32644227e-06	5.325517e-09
2.32646088e-06	5.955646e-09
2.32647949e-06	6.351973e-09
2.32649810e-06	6.541879e-09
2.32651671e-06	6.566391e-09
2.32653533e-06	7.191709e-09
2.32655394e-06	6.580506e-09
2.32657255e-06	6.695803e-09
2.32659116e-06	6.730560e-09
2.32660978e-06	6.159934e-09
2.32662839e-06	5.177116e-09
2.32664700e-06	5.032439e-09
2.32666562e-06	5.676250e-09
2.32668423e-06	5.374661e-09
2.32670284e-06	5.784742e-09
2.32672146e-06	5.399535e-09
2.32674007e-06	5.381872e-09
2.32675869e-06	5.575663e-09
2.32677730e-06	4.999168e-09
2.32679591e-06	4.044652e-09
2.32681453e-06	4.550105e-09
2.32683314e-06	5.077864e-09
2.32685176e-06	4.054418e-09
2.32687037e-06	4.874844e-09
2.32688899e-06	5.249771e-09
2.32690760e-06	5.430815e-09
2.32692622e-06	5.711526e-09
2.32694483e-06	5.235656e-09
2.32696345e-06	5.500308e-09
2.32698206e-06	6.016703e-09
2.32700068e-06	6.226084e-09
2.32701930e-06	5.953525e-09
2.32703791e-06	6.415749e-09
2.32705653e-06	6.878666e-09
2.32707514e-06	6.376233e-09
2.32709376e-06	5.604944e-09
2.32711238e-06	4.932586e-09
2.32713099e-06	4.333604e-09
2.32714961e-06	5.045917e-09
2.32716823e-06	5.931315e-09
2.32718685e-06	5.622881e-09
2.32720546e-06	6.401856e-09
2.32722408e-06	6.591699e-09
2.32724270e-06	5.982898e-09
2.32726132e-06	6.902034e-09
2.32727993e-06	6.360323e-09
2.32729855e-06	5.504239e-09
2.32731717e-06	5.558803e-09
2.32733579e-06	6.651456e-09
2.32735441e-06	6.923580e-09
2.32737303e-06	6.292745e-09
2.32739165e-06	5.849615e-09
2.32741027e-06	5.254284e-09
2.32742888e-06	4.556200e-09
2.32744750e-06	4.665529e-09
2.32746612e-06	5.137544e-09
2.32748474e-06	6.025294e-09
2.32750336e-06	6.471983e-09
2.32752198e-06	6.402879e-09
2.32754060e-06	6.557204e-09
2.32755922e-06	6.504498e-09
2.32757784e-06	6.865224e-09
2.32759646e-06	5.799372e-09
2.32761509e-06	4.738645e-09
2.32763371e-06	6.020788e-09
2.32765233e-06	6.908386e-09
2.32767095e-06	6.517271e-09
2.32768957e-06	6.463533e-09
2.32770819e-06	6.809690e-09
2.32772681e-06	6.657411e-09
2.32774544e-06	6.858850e-09
2.32776406e-06	6.962412e-09
2.32778268e-06	6.881521e-09
2.32780130e-06	6.534366e-09
2.32781992e-06	5.673194e-09
2.32783855e-06	3.865031e-09
2.32785717e-06	3.736450e-09
2.32787579e-06	4.285555e-09
2.32789442e-06	5.233967e-09
2.32791304e-06	4.715703e-09
2.32793166e-06	4.853574e-09
2.32795028e-06	4.247211e-09
2.32796891e-06	3.848520e-09
2.32798753e-06	5.510835e-09
2.32800616e-06	6.257413e-09
2.32802478e-06	6.419481e-09
2.32804340e-06	5.927596e-09
2.32806203e-06	4.983908e-09
2.32808065e-06	4.603200e-09
2.32809928e-06	4.600094e-09
2.32811790e-06	5.084435e-09
2.32813653e-06	5.449718e-09
2.32815515e-06	5.819675e-09
2.32817378e-06	6.495944e-09
2.32819240e-06	6.039293e-09
2.32821103e-06	6.016978e-09
2.32822965e-06	5.682427e-09
2.32824828e-06	6.216423e-09
2.32826691e-06	6.533989e-09
2.32828553e-06	6.073742e-09
2.32830416e-06	4.997492e-09
2.32832279e-06	5.182401e-09
2.32834141e-06	5.974222e-09
2.32836004e-06	6.189179e-09
2.32837867e-06	5.899653e-09
2.32839729e-06	4.662142e-09
2.32841592e-06	3.998408e-09
2.32843455e-06	4.740819e-09
2.32845317e-06	4.223399e-09
2.32847180e-06	4.101610e-09
2.32849043e-06	4.784563e-09
2.32850906e-06	3.797029e-09
2.32852769e-06	4.737720e-09
2.32854631e-06	5.161190e-09
2.32856494e-06	5.829356e-09
2.32858357e-06	6.307588e-09
2.32860220e-06	6.336035e-09
2.32862083e-06	6.019572e-09
2.32863946e-06	5.504368e-09
2.32865809e-06	5.156703e-09
2.32867672e-06	5.344153e-09
2.32869535e-06	5.469416e-09
2.32871397e-06	3.989627e-09
2.32873260e-06	4.736609e-09
2.32875123e-06	5.138521e-09
2.32876987e-06	4.670231e-09
2.32878849e-06	4.576200e-09
2.32880712e-06	4.781730e-09
2.32882576e-06	5.173012e-09
2.32884439e-06	6.132828e-09
2.32886302e-06	6.436158e-09
2.32888165e-06	5.807726e-09
2.32890028e-06	5.516123e-09
2.32891891e-06	5.563419e-09
2.32893754e-06	5.661388e-09
2.32895617e-06	5.979304e-09
2.32897481e-06	6.402408e-09
2.32899344e-06	5.715318e-09
2.32901207e-06	5.601154e-09
2.32903070e-06	6.456984e-09
2.32904933e-06	6.482209e-09
2.32906797e-06	5.864751e-09
2.32908660e-06	4.702898e-09
2.32910523e-06	5.311054e-09
2.32912386e-06	6.666869e-09
2.32914250e-06	6.713895e-09
2.32916113e-06	6.347864e-09
2.32917976e-06	5.467835e-09
2.32919840e-06	3.921261e-09
2.32921703e-06	3.924654e-09
2.32923566e-06	5.851486e-09
2.32925430e-06	6.729951e-09
2.32927293e-06	6.641041e-09
2.32929157e-06	6.854894e-09
2.32931020e-06	7.234277e-09
2.32932883e-06	7.093916e-09
2.32934747e-06	6.411217e-09
2.32936610e-06	5.889785e-09
2.32938474e-06	5.682833e-09
2.32940337e-06	6.155679e-09
2.32942201e-06	5.797199e-09
2.32944065e-06	6.112819e-09
2.32945928e-06	5.486049e-09
2.32947792e-06	4.792526e-09
2.32949655e-06	4.338696e-09
2.32951519e-06	4.837484e-09
2.32953382e-06	4.908202e-09
2.32955246e-06	5.802673e-09
2.32957110e-06	6.307463e-09
2.32958973e-06	6.811555e-09
2.32960837e-06	7.129272e-09
2.32962701e-06	7.008963e-09
2.32964564e-06	6.463592e-09
2.32966428e-06	7.069976e-09
2.32968292e-06	7.495602e-09
2.32970156e-06	7.767464e-09
2.32972019e-06	7.729526e-09
2.32973883e-06	7.464040e-09
2.32975747e-06	6.890220e-09
2.32977611e-06	6.706434e-09
2.32979475e-06	5.584378e-09
2.32981338e-06	5.746237e-09
2.32983202e-06	6.958285e-09
2.32985066e-06	6.692233e-09
2.32986930e-06	5.913188e-09
2.32988794e-06	6.752706e-09
2.32990658e-06	6.665712e-09
2.32992522e-06	6.006196e-09
2.32994386e-06	5.926594e-09
2.32996250e-06	5.637513e-09
2.32998113e-06	6.145422e-09
2.32999977e-06	6.077970e-09
2.33001842e-06	4.424582e-09
2.33003706e-06	4.088847e-09
2.33005570e-06	5.690590e-09
2.33007434e-06	5.934127e-09
2.33009298e-06	5.214686e-09
2.33011162e-06	5.107469e-09
2.33013026e-06	5.151421e-09
2.33014890e-06	4.808482e-09
2.33016754e-06	4.228226e-09
2.33018618e-06	4.870698e-09
2.33020482e-06	3.803299e-09
2.33022347e-06	4.474454e-09
2.33024211e-06	4.810997e-09
2.33026075e-06	4.357324e-09
2.33027939e-06	4.956351e-09
2.33029803e-06	4.150865e-09
2.33031667e-06	5.269815e-09
2.33033532e-06	5.810319e-09
2.33035396e-06	6.048959e-09
2.33037260e-06	5.819067e-09
2.33039125e-06	4.724147e-09
2.33040989e-06	5.145676e-09
2.33042853e-06	6.017791e-09
2.33044718e-06	5.115356e-09
2.33046582e-06	4.593628e-09
2.33048446e-06	5.148229e-09
2.33050311e-06	5.125482e-09
2.33052175e-06	3.862005e-09
2.33054040e-06	3.842841e-09
2.33055904e-06	5.214481e-09
2.33057768e-06	4.641583e-09
2.33059633e-06	3.721185e-09
2.33061497e-06	4.236456e-09
2.33063362e-06	4.486222e-09
2.33065226e-06	4.576001e-09
2.33067091e-06	4.709639e-09
2.33068955e-06	4.846072e-09
2.33070820e-06	4.062153e-09
2.33072685e-06	4.972612e-09
2.33074549e-06	4.446579e-09
2.33076414e-06	5.222075e-09
2.33078278e-06	5.544593e-09
2.33080143e-06	4.972809e-09
2.33082008e-06	5.996909e-09
2.33083872e-06	6.525343e-09
2.33085737e-06	6.633866e-09
2.33087602e-06	6.253772e-09
2.33089466e-06	5.939257e-09
2.33091331e-06	6.365372e-09
2.33093196e-06	6.161751e-09
2.33095061e-06	5.837807e-09
2.33096925e-06	6.097190e-09
2.33098790e-06	5.879178e-09
2.33100655e-06	5.672727e-09
2.33102520e-06	4.867990e-09
2.33104384e-06	5.405076e-09
2.33106249e-06	5.406079e-09
2.33108114e-06	4.381970e-09
2.33109979e-06	4.811484e-09
2.33111844e-06	4.666917e-09
2.33113709e-06	5.473529e-09
2.33115574e-06	5.256016e-09
2.33117439e-06	4.962299e-09
2.33119304e-06	4.602557e-09
2.33121169e-06	3.722406e-09
2.33123033e-06	3.956707e-09
2.33124898e-06	4.883672e-09
2.33126763e-06	5.216543e-09
2.33128629e-06	6.260288e-09
2.33130493e-06	6.099463e-09
2.33132359e-06	6.126345e-09
2.33134224e-06	6.725133e-09
2.33136089e-06	6.320845e-09
2.33137954e-06	5.160362e-09
2.33139819e-06	5.732210e-09
2.33141684e-06	6.294104e-09
2.33143549e-06	6.131282e-09
2.33145414e-06	5.948748e-09
2.33147280e-06	6.553685e-09
2.33149145e-06	6.349727e-09
2.33151010e-06	6.194522e-09
2.33152875e-06	5.880396e-09
2.33154740e-06	4.924529e-09
2.33156606e-06	5.478533e-09
2.33158471e-06	5.350080e-09
2.33160336e-06	4.567299e-09
2.33162201e-06	4.907729e-09
2.33164067e-06	4.035648e-09
2.33165932e-06	3.797181e-09
2.33167797e-06	5.895139e-09
2.33169663e-06	6.242260e-09
2.33171528e-06	5.068056e-09
2.33173393e-06	4.256347e-09
2.33175259e-06	5.765436e-09
2.33177124e-06	5.630900e-09
2.33178990e-06	5.052575e-09
2.33180855e-06	5.757259e-09
2.33182720e-06	5.644072e-09
2.33184586e-06	5.773961e-09
2.33186451e-06	5.384472e-09
2.33188317e-06	4.918758e-09
2.33190182e-06	4.281813e-09
2.33192048e-06	4.236803e-09
2.33193913e-06	5.085200e-09
2.33195779e-06	4.723224e-09
2.33197644e-06	4.481710e-09
2.33199510e-06	4.873698e-09
2.33201376e-06	5.230030e-09
2.33203241e-06	6.004585e-09
2.33205107e-06	6.269226e-09
2.33206973e-06	6.257836e-09
2.33208838e-06	6.371955e-09
2.33210704e-06	5.544184e-09
2.33212570e-06	6.087110e-09
2.33214435e-06	6.459149e-09
2.33216301e-06	6.236552e-09
2.33218167e-06	6.446731e-09
2.33220033e-06	6.643653e-09
2.33221898e-06	5.599896e-09
2.33223764e-06	5.395017e-09
2.33225630e-06	4.852990e-09
2.33227496e-06	5.816784e-09
2.33229361e-06	6.829829e-09
2.33231227e-06	7.330751e-09
2.33233093e-06	7.072711e-09
2.33234959e-06	7.125401e-09
2.33236825e-06	6.898032e-09
2.33238691e-06	5.649618e-09
2.33240557e-06	5.277540e-09
2.33242423e-06	6.464656e-09
2.33244288e-06	6.782317e-09
2.33246154e-06	5.885565e-09
2.33248020e-06	5.241176e-09
2.33249886e-06	5.689336e-09
2.33251752e-06	6.615346e-09
2.33253618e-06	6.539836e-09
2.33255485e-06	4.952651e-09
2.33257350e-06	4.789797e-09
2.33259217e-06	5.861519e-09
2.33261083e-06	6.100134e-09
2.33262949e-06	6.941986e-09
2.33264815e-06	6.980896e-09
2.33266681e-06	6.565158e-09
2.33268547e-06	7.103701e-09
2.33270413e-06	6.958486e-09
2.33272279e-06	6.224639e-09
2.33274146e-06	5.436909e-09
2.33276012e-06	5.795138e-09
2.33277878e-06	5.590405e-09
2.33279744e-06	5.383464e-09
2.33281610e-06	5.023393e-09
2.33283477e-06	4.568597e-09
2.33285343e-06	4.711571e-09
2.33287209e-06	4.705242e-09
2.33289075e-06	3.957088e-09
2.33290942e-06	3.864730e-09
2.33292808e-06	4.975618e-09
2.33294675e-06	5.883002e-09
2.33296541e-06	6.312300e-09
2.33298407e-06	6.034434e-09
2.33300274e-06	6.127594e-09
2.33302140e-06	6.883413e-09
2.33304006e-06	6.624231e-09
2.33305873e-06	6.431737e-09
2.33307739e-06	6.517017e-09
2.33309606e-06	6.468711e-09
2.33311472e-06	5.991803e-09
2.33313339e-06	6.140716e-09
2.33315205e-06	5.437813e-09
2.33317072e-06	4.848209e-09
2.33318938e-06	5.994363e-09
2.33320805e-06	6.301610e-09
2.33322671e-06	5.258544e-09
2.33324538e-06	5.007389e-09
2.33326405e-06	5.729119e-09
2.33328271e-06	5.085856e-09
2.33330138e-06	6.176127e-09
2.33332004e-06	6.557393e-09
2.33333871e-06	6.537857e-09
2.33335738e-06	6.140513e-09
2.33337604e-06	5.609557e-09
2.33339471e-06	5.908200e-09
2.33341338e-06	5.774569e-09
2.33343205e-06	6.803445e-09
2.33345071e-06	6.948410e-09
2.33346938e-06	6.948511e-09
2.33348805e-06	6.513168e-09
2.33350672e-06	5.703791e-09
2.33352538e-06	4.962990e-09
2.33354405e-06	5.225714e-09
2.33356272e-06	4.742337e-09
2.33358139e-06	4.050739e-09
2.33360006e-06	5.561801e-09
2.33361873e-06	6.135398e-09
2.33363740e-06	5.725330e-09
2.33365607e-06	5.504617e-09
2.33367473e-06	5.049425e-09
2.33369340e-06	3.942425e-09
2.33371207e-06	4.637169e-09
2.33373074e-06	4.221103e-09
2.33374941e-06	4.533879e-09
2.33376808e-06	4.435808e-09
2.33378675e-06	4.892121e-09
2.33380542e-06	4.506785e-09
2.33382410e-06	5.528885e-09
2.33384277e-06	5.746960e-09
2.33386144e-06	6.106645e-09
2.33388011e-06	6.528652e-09
2.33389878e-06	6.350625e-09
2.33391745e-06	6.515219e-09
2.33393612e-06	6.054883e-09
2.33395479e-06	5.199360e-09
2.33397346e-06	6.321204e-09
2.33399213e-06	7.189306e-09
2.33401081e-06	7.077601e-09
2.33402948e-06	6.735214e-09
2.33404815e-06	6.455667e-09
2.33406682e-06	6.691508e-09
2.33408550e-06	7.135596e-09
2.33410417e-06	6.990938e-09
2.33412284e-06	6.014522e-09
2.33414152e-06	4.305628e-09
2.33416019e-06	3.894273e-09
2.33417886e-06	5.046081e-09
2.33419754e-06	4.886158e-09
2.33421621e-06	4.820726e-09
2.33423488e-06	5.618068e-09
2.33425356e-06	6.007798e-09
2.33427223e-06	5.968533e-09
2.33429090e-06	5.363337e-09
2.33430958e-06	4.545824e-09
2.33432825e-06	4.936314e-09
2.33434693e-06	5.179653e-09
2.33436560e-06	5.541828e-09
2.33438428e-06	6.290170e-09
2.33440295e-06	6.598620e-09
2.33442163e-06	5.536797e-09
2.33444030e-06	4.659959e-09
2.33445898e-06	5.256472e-09
2.33447765e-06	5.618249e-09
2.33449633e-06	5.895650e-09
2.33451501e-06	5.192425e-09
2.33453368e-06	5.639178e-09
2.33455236e-06	6.207422e-09
2.33457104e-06	5.749261e-09
2.33458971e-06	6.410857e-09
2.33460839e-06	6.484292e-09
2.33462706e-06	5.218589e-09
2.33464574e-06	5.129784e-09
2.33466442e-06	5.937349e-09
2.33468310e-06	6.300118e-09
2.33470177e-06	5.962461e-09
2.33472045e-06	5.383143e-09
2.33473913e-06	4.372177e-09
2.33475781e-06	4.956142e-09
2.33477648e-06	4.163487e-09
2.33479516e-06	4.408721e-09
2.33481384e-06	4.988528e-09
2.33483252e-06	4.809789e-09
2.33485120e-06	4.940293e-09
2.33486988e-06	4.769578e-09
2.33488856e-06	5.211766e-09
2.33490724e-06	6.574312e-09
2.33492591e-06	6.984002e-09
2.33494460e-06	6.826059e-09
2.33496327e-06	6.351496e-09
2.33498195e-06	4.770172e-09
2.33500063e-06	5.129470e-09
2.33501931e-06	6.732773e-09
2.33503799e-06	7.013296e-09
2.33505667e-06	7.046091e-09
2.33507535e-06	6.776133e-09
2.33509404e-06	5.530851e-09
2.33511272e-06	3.878728e-09
2.33513140e-06	3.736532e-09
2.33515008e-06	5.411810e-09
2.33516876e-06	5.972300e-09
2.33518744e-06	5.254912e-09
2.33520612e-06	5.448628e-09
2.33522480e-06	5.868890e-09
2.33524348e-06	5.167328e-09
2.33526217e-06	5.134514e-09
2.33528085e-06	5.769771e-09
2.33529953e-06	5.978050e-09
2.33531821e-06	5.811246e-09
2.33533690e-06	5.535043e-09
2.33535558e-06	5.637490e-09
2.33537426e-06	4.855814e-09
2.33539294e-06	4.729496e-09
2.33541163e-06	5.842943e-09
2.33543031e-06	6.116443e-09
2.33544900e-06	6.152892e-09
2.33546768e-06	6.056106e-09
2.33548636e-06	5.912679e-09
2.33550505e-06	5.083557e-09
2.33552373e-06	3.733668e-09
2.33554242e-06	4.691273e-09
2.33556110e-06	3.695110e-09
2.33557978e-06	4.808810e-09
2.33559847e-06	5.427236e-09
2.33561715e-06	5.436227e-09
2.33563584e-06	5.186778e-09
2.33565452e-06	4.425529e-09
2.33567321e-06	3.806944e-09
2.33569189e-06	4.688471e-09
2.33571058e-06	4.891517e-09
2.33572927e-06	4.670275e-09
2.33574795e-06	4.508261e-09
2.33576664e-06	4.408499e-09
2.33578532e-06	4.860938e-09
2.33580401e-06	4.923068e-09
2.33582269e-06	5.403530e-09
2.33584138e-06	6.041642e-09
2.33586007e-06	6.459032e-09
2.33587876e-06	6.245538e-09
2.33589744e-06	5.355212e-09
2.33591613e-06	5.325723e-09
2.33593482e-06	6.528630e-09
2.33595350e-06	6.481456e-09
2.33597219e-06	5.561419e-09
2.33599088e-06	5.929089e-09
2.33600957e-06	6.374744e-09
2.33602826e-06	6.410060e-09
2.33604694e-06	6.598722e-09
2.33606563e-06	7.108832e-09
2.33608432e-06	7.489572e-09
2.33610301e-06	7.637767e-09
2.33612170e-06	7.709659e-09
2.33614039e-06	7.350281e-09
2.33615908e-06	6.880471e-09
2.33617777e-06	6.901300e-09
2.33619646e-06	6.346015e-09
2.33621514e-06	6.387726e-09
2.33623383e-06	7.000064e-09
2.33625253e-06	6.497762e-09
2.33627121e-06	6.204195e-09
2.33628990e-06	5.890709e-09
2.33630860e-06	6.183642e-09
2.33632729e-06	5.378400e-09
2.33634598e-06	4.404581e-09
2.33636467e-06	4.644627e-09
2.33638336e-06	6.063069e-09
2.33640205e-06	5.903954e-09
2.33642074e-06	5.958381e-09
2.33643943e-06	6.673600e-09
2.33645812e-06	5.877420e-09
2.33647681e-06	6.643011e-09
2.33649551e-06	6.690427e-09
2.33651420e-06	6.638055e-09
2.33653289e-06	7.303996e-09
2.33655158e-06	6.760642e-09
2.33657028e-06	5.966592e-09
2.33658897e-06	6.736866e-09
2.33660766e-06	6.375893e-09
2.33662635e-06	6.146436e-09
2.33664505e-06	6.298601e-09
2.33666374e-06	6.417777e-09
2.33668243e-06	5.940915e-09
2.33670113e-06	4.709499e-09
2.33671982e-06	4.541226e-09
2.33673851e-06	4.969963e-09
2.33675721e-06	4.879659e-09
2.33677590e-06	5.619592e-09
2.33679460e-06	5.597319e-09
2.33681329e-06	4.614402e-09
2.33683198e-06	4.832082e-09
2.33685068e-06	4.404507e-09
2.33686937e-06	4.913011e-09
2.33688807e-06	5.213012e-09
2.33690676e-06	5.134417e-09
2.33692546e-06	5.262234e-09
2.33694415e-06	5.302474e-09
2.33696285e-06	5.575950e-09
2.33698155e-06	4.597800e-09
2.33700024e-06	4.867693e-09
2.33701894e-06	5.615241e-09
2.33703763e-06	5.995738e-09
2.33705633e-06	5.766418e-09
2.33707503e-06	6.178316e-09
2.33709372e-06	6.427251e-09
2.33711242e-06	6.453008e-09
2.33713112e-06	6.507698e-09
2.33714981e-06	5.977663e-09
2.33716851e-06	6.363232e-09
2.33718721e-06	6.993933e-09
2.33720591e-06	5.990393e-09
2.33722460e-06	5.454970e-09
2.33724330e-06	5.959795e-09
2.33726200e-06	5.863525e-09
2.33728070e-06	5.017198e-09
2.33729940e-06	5.009141e-09
2.33731809e-06	5.908751e-09
2.33733679e-06	6.040460e-09
2.33735549e-06	5.760026e-09
2.33737419e-06	5.121679e-09
2.33739289e-06	3.733859e-09
2.33741159e-06	4.630122e-09
2.33743029e-06	3.589896e-09
2.33744899e-06	4.966971e-09
2.33746769e-06	5.594734e-09
2.33748639e-06	5.450509e-09
2.33750509e-06	5.788374e-09
2.33752379e-06	6.189825e-09
2.33754249e-06	6.220693e-09
2.33756119e-06	6.191993e-09
2.33757989e-06	6.999736e-09
2.33759859e-06	7.067431e-09
2.33761729e-06	6.461194e-09
2.33763599e-06	5.532986e-09
2.33765469e-06	6.489757e-09
2.33767339e-06	6.486116e-09
2.33769209e-06	6.272613e-09
2.33771079e-06	5.827956e-09
2.33772950e-06	5.047272e-09
2.33774820e-06	4.372974e-09
2.33776690e-06	5.118692e-09
2.33778560e-06	6.116722e-09
2.33780431e-06	6.371149e-09
2.33782301e-06	6.443086e-09
2.33784171e-06	6.113842e-09
2.33786041e-06	6.181559e-09
2.33787912e-06	6.088467e-09
2.33789782e-06	5.447756e-09
2.33791652e-06	4.369499e-09
2.33793523e-06	4.839394e-09
2.33795393e-06	4.294864e-09
2.33797263e-06	4.566634e-09
2.33799134e-06	5.454777e-09
2.33801004e-06	5.963071e-09
2.33802874e-06	5.839539e-09
2.33804745e-06	5.516168e-09
2.33806615e-06	6.154596e-09
2.33808486e-06	6.193396e-09
2.33810356e-06	6.507783e-09
2.33812227e-06	5.904474e-09
2.33814097e-06	6.036661e-09
2.33815968e-06	6.151289e-09
2.33817838e-06	5.677944e-09
2.33819709e-06	5.110341e-09
2.33821579e-06	5.278507e-09
2.33823450e-06	4.048802e-09
2.33825321e-06	5.491943e-09
2.33827191e-06	5.930190e-09
2.33829062e-06	5.942318e-09
2.33830932e-06	5.725198e-09
2.33832803e-06	4.820894e-09
2.33834674e-06	4.826856e-09
2.33836544e-06	6.198523e-09
2.33838415e-06	6.145500e-09
2.33840286e-06	6.642347e-09
2.33842156e-06	6.491494e-09
2.33844027e-06	5.526818e-09
2.33845898e-06	4.429833e-09
2.33847769e-06	5.247348e-09
2.33849639e-06	5.985999e-09
2.33851510e-06	6.101681e-09
2.33853381e-06	5.601201e-09
2.33855252e-06	6.328789e-09
2.33857123e-06	5.980575e-09
2.33858994e-06	5.257145e-09
2.33860864e-06	5.501982e-09
2.33862735e-06	6.343506e-09
2.33864606e-06	6.222278e-09
2.33866477e-06	6.002529e-09
2.33868348e-06	5.247860e-09
2.33870219e-06	5.034005e-09
2.33872090e-06	4.194938e-09
2.33873961e-06	4.150087e-09
2.33875832e-06	4.774610e-09
2.33877703e-06	5.114074e-09
2.33879574e-06	6.296448e-09
2.33881445e-06	6.581789e-09
2.33883316e-06	6.877566e-09
2.33885187e-06	6.924275e-09
2.33887058e-06	5.641671e-09
2.33888929e-06	6.030588e-09
2.33890800e-06	6.068271e-09
2.33892672e-06	5.689056e-09
2.33894543e-06	4.743310e-09
2.33896414e-06	4.613592e-09
2.33898285e-06	5.766868e-09
2.33900156e-06	5.842612e-09
2.33902027e-06	5.586314e-09
2.33903899e-06	5.293316e-09
2.33905770e-06	4.520603e-09
2.33907641e-06	4.869496e-09
2.33909512e-06	4.371371e-09
2.33911384e-06	4.864774e-09
2.33913255e-06	5.631193e-09
2.33915126e-06	5.816800e-09
2.33916998e-06	5.727469e-09
2.33918869e-06	4.836467e-09
2.33920740e-06	5.069452e-09
2.33922612e-06	5.654570e-09
2.33924483e-06	5.869881e-09
2.33926354e-06	5.925799e-09
2.33928226e-06	5.090597e-09
2.33930097e-06	4.102827e-09
2.33931969e-06	4.496134e-09
2.33933840e-06	3.793872e-09
2.33935712e-06	4.963894e-09
2.33937583e-06	5.705683e-09
2.33939455e-06	5.964985e-09
2.33941326e-06	6.288732e-09
2.33943198e-06	6.276279e-09
2.33945069e-06	5.666681e-09
2.33946941e-06	4.605655e-09
2.33948812e-06	5.065352e-09
2.33950684e-06	6.312344e-09
2.33952556e-06	6.782497e-09
2.33954427e-06	6.749813e-09
2.33956299e-06	6.178224e-09
2.33958171e-06	5.770869e-09
2.33960042e-06	4.496433e-09
2.33961914e-06	4.377658e-09
2.33963785e-06	5.530551e-09
2.33965657e-06	4.885503e-09
2.33967529e-06	4.564391e-09
2.33969401e-06	6.277918e-09
2.33971272e-06	6.405957e-09
2.33973144e-06	5.651234e-09
2.33975016e-06	5.024777e-09
2.33976888e-06	5.867981e-09
2.33978760e-06	6.087667e-09
2.33980631e-06	5.998318e-09
2.33982503e-06	6.443980e-09
2.33984375e-06	5.902484e-09
2.33986247e-06	4.314864e-09
2.33988119e-06	3.838947e-09
2.33989991e-06	3.718596e-09
2.33991863e-06	4.538279e-09
2.33993735e-06	6.071897e-09
2.33995607e-06	5.800941e-09
2.33997479e-06	6.574268e-09
2.33999351e-06	6.732850e-09
2.34001223e-06	5.891669e-09
2.34003095e-06	4.586451e-09
2.34004967e-06	4.613546e-09
2.34006839e-06	4.743789e-09
2.34008711e-06	5.205328e-09
2.34010583e-06	6.034396e-09
2.34012455e-06	5.039828e-09
2.34014327e-06	5.547069e-09
2.34016199e-06	5.001885e-09
2.34018071e-06	5.298327e-09
2.34019943e-06	5.750614e-09
2.34021815e-06	5.700410e-09
2.34023688e-06	4.878620e-09
2.34025560e-06	4.510286e-09
2.34027432e-06	4.757534e-09
2.34029304e-06	4.357819e-09
2.34031177e-06	5.177514e-09
2.34033049e-06	5.630183e-09
2.34034921e-06	4.820385e-09
2.34036793e-06	4.169946e-09
2.34038666e-06	4.401908e-09
2.34040538e-06	4.438133e-09
2.34042410e-06	4.291218e-09
2.34044283e-06	4.088756e-09
2.34046155e-06	5.660759e-09
2.34048027e-06	6.275900e-09
2.34049900e-06	5.974521e-09
2.34051772e-06	4.285165e-09
2.34053644e-06	4.518670e-09
2.34055517e-06	5.329234e-09
2.34057389e-06	4.674153e-09
2.34059262e-06	5.120902e-09
2.34061134e-06	4.881408e-09
2.34063007e-06	4.762924e-09
2.34064879e-06	5.693251e-09
2.34066752e-06	4.942315e-09
2.34068624e-06	5.607400e-09
2.34070497e-06	7.000636e-09
2.34072369e-06	7.086740e-09
2.34074242e-06	7.122954e-09
2.34076115e-06	7.137423e-09
2.34077987e-06	6.196014e-09
2.34079860e-06	6.734092e-09
2.34081733e-06	6.431870e-09
2.34083605e-06	5.933909e-09
2.34085478e-06	6.538840e-09
2.34087350e-06	6.373263e-09
2.34089223e-06	6.300738e-09
2.34091096e-06	6.502779e-09
2.34092969e-06	6.320201e-09
2.34094841e-06	7.068176e-09
2.34096714e-06	6.687297e-09
2.34098587e-06	6.395313e-09
2.34100460e-06	6.317764e-09
2.34102333e-06	6.119253e-09
2.34104205e-06	5.535546e-09
2.34106078e-06	4.301543e-09
2.34107951e-06	4.054451e-09
2.34109824e-06	4.550523e-09
2.34111697e-06	5.179148e-09
2.34113570e-06	4.175810e-09
2.34115443e-06	3.744778e-09
2.34117315e-06	4.591230e-09
2.34119188e-06	5.792046e-09
2.34121061e-06	5.705635e-09
2.34122934e-06	5.394430e-09
2.34124807e-06	4.686059e-09
2.34126680e-06	4.008263e-09
2.34128553e-06	3.944442e-09
2.34130426e-06	4.863827e-09
2.34132299e-06	5.612073e-09
2.34134172e-06	4.750907e-09
2.34136045e-06	3.912958e-09
2.34137919e-06	5.196062e-09
2.34139792e-06	5.938548e-09
2.34141665e-06	5.711029e-09
2.34143538e-06	5.470408e-09
2.34145411e-06	4.872598e-09
2.34147284e-06	4.175777e-09
2.34149158e-06	5.008355e-09
2.34151031e-06	4.147139e-09
2.34152904e-06	5.065531e-09
2.34154777e-06	5.049237e-09
2.34156650e-06	5.475553e-09
2.34158524e-06	5.859867e-09
2.34160397e-06	6.455085e-09
2.34162270e-06	6.540874e-09
2.34164143e-06	6.600134e-09
2.34166017e-06	6.304880e-09
2.34167890e-06	5.482424e-09
2.34169763e-06	4.386460e-09
2.34171637e-06	4.330399e-09
2.34173510e-06	5.358772e-09
2.34175384e-06	5.962295e-09
2.34177257e-06	6.586033e-09
2.34179130e-06	6.269093e-09
2.34181004e-06	6.729269e-09
2.34182877e-06	6.590147e-09
2.34184751e-06	5.443228e-09
2.34186624e-06	4.539803e-09
2.34188498e-06	4.269066e-09
2.34190371e-06	5.458880e-09
2.34192245e-06	5.206761e-09
2.34194118e-06	4.716820e-09
2.34195992e-06	5.169454e-09
2.34197865e-06	5.669684e-09
2.34199739e-06	5.877258e-09
2.34201613e-06	5.337152e-09
2.34203486e-06	3.810388e-09
2.34205360e-06	3.866217e-09
2.34207233e-06	4.479511e-09
2.34209107e-06	5.468464e-09
2.34210981e-06	6.343194e-09
2.34212855e-06	6.649264e-09
2.34214728e-06	6.125020e-09
2.34216602e-06	5.502841e-09
2.34218476e-06	5.820160e-09
2.34220349e-06	6.778384e-09
2.34222223e-06	7.269626e-09
2.34224097e-06	7.359521e-09
2.34225971e-06	7.444040e-09
2.34227844e-06	7.698366e-09
2.34229718e-06	7.841037e-09
2.34231592e-06	7.244718e-09
2.34233466e-06	6.769511e-09
2.34235340e-06	7.244787e-09
2.34237214e-06	6.524147e-09
2.34239088e-06	6.186412e-09
2.34240962e-06	6.387858e-09
2.34242835e-06	6.174398e-09
2.34244709e-06	4.509210e-09
2.34246583e-06	5.319978e-09
2.34248457e-06	6.739203e-09
2.34250331e-06	7.158759e-09
2.34252205e-06	7.066746e-09
2.34254079e-06	5.736512e-09
2.34255953e-06	5.071637e-09
2.34257827e-06	5.589807e-09
2.34259702e-06	5.506147e-09
2.34261576e-06	5.963796e-09
2.34263450e-06	6.583436e-09
2.34265324e-06	6.629253e-09
2.34267198e-06	5.972456e-09
2.34269072e-06	5.404530e-09
2.34270946e-06	5.679647e-09
2.34272820e-06	4.843100e-09
2.34274695e-06	4.370026e-09
2.34276569e-06	4.796770e-09
2.34278443e-06	4.423790e-09
2.34280317e-06	5.411283e-09
2.34282191e-06	5.866089e-09
2.34284066e-06	5.225219e-09
2.34285940e-06	5.076365e-09
2.34287814e-06	5.533282e-09
2.34289689e-06	5.926544e-09
2.34291563e-06	6.476900e-09
2.34293437e-06	6.721055e-09
2.34295312e-06	6.777399e-09
2.34297186e-06	6.396216e-09
2.34299060e-06	5.841228e-09
2.34300935e-06	6.451090e-09
2.34302809e-06	7.020382e-09
2.34304684e-06	6.418566e-09
2.34306558e-06	5.783095e-09
2.34308432e-06	6.439343e-09
2.34310307e-06	6.767903e-09
2.34312181e-06	6.648548e-09
2.34314056e-06	6.561796e-09
2.34315930e-06	5.298469e-09
2.34317805e-06	5.807925e-09
2.34319679e-06	6.216848e-09
2.34321554e-06	5.441489e-09
2.34323429e-06	4.399419e-09
2.34325303e-06	3.762855e-09
2.34327178e-06	4.226928e-09
2.34329052e-06	4.321024e-09
2.34330927e-06	5.314959e-09
2.34332802e-06	6.151430e-09
2.34334676e-06	6.841021e-09
2.34336551e-06	6.797021e-09
2.34338426e-06	5.873559e-09
2.34340300e-06	6.288360e-09
2.34342175e-06	5.818597e-09
2.34344050e-06	5.758883e-09
2.34345925e-06	5.647754e-09
2.34347799e-06	4.680298e-09
2.34349674e-06	4.442833e-09
2.34351549e-06	5.479124e-09
2.34353424e-06	6.126694e-09
2.34355299e-06	6.167700e-09
2.34357173e-06	6.096417e-09
2.34359048e-06	5.391719e-09
2.34360923e-06	4.318814e-09
2.34362798e-06	4.055573e-09
2.34364673e-06	5.206266e-09
2.34366548e-06	4.476966e-09
2.34368423e-06	3.843913e-09
2.34370298e-06	4.353565e-09
2.34372173e-06	5.160290e-09
2.34374048e-06	6.291267e-09
2.34375923e-06	6.036427e-09
2.34377798e-06	6.029957e-09
2.34379673e-06	6.191534e-09
2.34381548e-06	4.877181e-09
2.34383423e-06	4.460078e-09
2.34385298e-06	5.204117e-09
2.34387173e-06	5.616061e-09
2.34389048e-06	6.446932e-09
2.34390923e-06	6.121742e-09
2.34392798e-06	6.021981e-09
2.34394673e-06	6.674132e-09
2.34396549e-06	6.307506e-09
2.34398424e-06	5.290728e-09
2.34400299e-06	5.709454e-09
2.34402174e-06	4.975675e-09
2.34404049e-06	4.489939e-09
2.34405925e-06	4.686161e-09
2.34407800e-06	4.468433e-09
2.34409675e-06	4.678027e-09
2.34411550e-06	5.375359e-09
2.34413426e-06	5.435400e-09
2.34415301e-06	5.923652e-09
2.34417176e-06	6.442852e-09
2.34419052e-06	6.570365e-09
2.34420927e-06	6.360493e-09
2.34422802e-06	6.400289e-09
2.34424678e-06	6.558549e-09
2.34426553e-06	6.806041e-09
2.34428429e-06	5.772640e-09
2.34430304e-06	5.657380e-09
2.34432179e-06	5.092331e-09
2.34434055e-06	5.687043e-09
2.34435930e-06	6.409411e-09
2.34437806e-06	6.333154e-09
2.34439681e-06	5.893623e-09
2.34441557e-06	5.688639e-09
2.34443432e-06	5.527196e-09
2.34445308e-06	4.420679e-09
2.34447183e-06	4.597817e-09
2.34449059e-06	5.252477e-09
2.34450935e-06	4.766849e-09
2.34452810e-06	5.323610e-09
2.34454686e-06	5.679263e-09
2.34456562e-06	5.283614e-09
2.34458437e-06	5.526532e-09
2.34460313e-06	6.174389e-09
2.34462189e-06	6.264247e-09
2.34464064e-06	5.852009e-09
2.34465940e-06	5.432070e-09
2.34467816e-06	4.581126e-09
2.34469691e-06	4.029111e-09
2.34471567e-06	4.029798e-09
2.34473443e-06	4.463986e-09
2.34475319e-06	4.979169e-09
2.34477195e-06	4.425244e-09
2.34479070e-06	3.885912e-09
2.34480946e-06	3.904466e-09
2.34482822e-06	4.595687e-09
2.34484698e-06	5.946138e-09
2.34486574e-06	5.954135e-09
2.34488450e-06	5.050960e-09
2.34490326e-06	5.195918e-09
2.34492202e-06	5.200739e-09
2.34494077e-06	5.441434e-09
2.34495953e-06	4.534106e-09
2.34497829e-06	5.258837e-09
2.34499705e-06	5.541028e-09
2.34501581e-06	4.525227e-09
2.34503457e-06	3.862551e-09
2.34505333e-06	3.773021e-09
2.34507209e-06	4.711967e-09
2.34509086e-06	4.459288e-09
2.34510962e-06	5.574763e-09
2.34512838e-06	6.481188e-09
2.34514714e-06	6.713121e-09
2.34516590e-06	6.374605e-09
2.34518466e-06	5.894699e-09
2.34520342e-06	5.727229e-09
2.34522218e-06	4.958294e-09
2.34524094e-06	4.495794e-09
2.34525971e-06	5.142908e-09
2.34527847e-06	4.935106e-09
2.34529723e-06	3.796016e-09
2.34531599e-06	3.682632e-09
2.34533476e-06	5.120688e-09
2.34535352e-06	5.426355e-09
2.34537228e-06	4.866135e-09
2.34539104e-06	4.448700e-09
2.34540981e-06	4.812422e-09
2.34542857e-06	4.374121e-09
2.34544733e-06	4.308307e-09
2.34546610e-06	4.662272e-09
2.34548486e-06	4.307689e-09
2.34550363e-06	4.597140e-09
2.34552239e-06	5.850647e-09
2.34554115e-06	6.038930e-09
2.34555992e-06	5.343106e-09
2.34557868e-06	6.008087e-09
2.34559745e-06	6.107579e-09
2.34561621e-06	3.943705e-09
2.34563498e-06	4.261713e-09
2.34565374e-06	6.026118e-09
2.34567251e-06	6.960600e-09
2.34569127e-06	6.478283e-09
2.34571004e-06	6.012656e-09
2.34572880e-06	6.837459e-09
2.34574757e-06	6.073228e-09
2.34576634e-06	6.064759e-09
2.34578510e-06	7.350816e-09
2.34580387e-06	7.619757e-09
2.34582263e-06	6.940859e-09
2.34584140e-06	5.437254e-09
2.34586017e-06	5.945298e-09
2.34587894e-06	7.235629e-09
2.34589770e-06	7.327488e-09
2.34591647e-06	7.384535e-09
2.34593524e-06	7.198591e-09
2.34595400e-06	6.836648e-09
2.34597277e-06	5.827409e-09
2.34599154e-06	5.290749e-09
2.34601031e-06	6.913420e-09
2.34602908e-06	7.454721e-09
2.34604784e-06	6.275322e-09
2.34606661e-06	5.905838e-09
2.34608538e-06	6.479134e-09
2.34610415e-06	6.096891e-09
2.34612292e-06	6.006556e-09
2.34614169e-06	6.698030e-09
2.34616046e-06	6.128198e-09
2.34617923e-06	5.119907e-09
2.34619800e-06	6.475107e-09
2.34621676e-06	7.069081e-09
2.34623553e-06	6.843757e-09
2.34625430e-06	6.641461e-09
2.34627307e-06	6.809423e-09
2.34629184e-06	6.950176e-09
2.34631061e-06	5.949901e-09
2.34632938e-06	5.834780e-09
2.34634816e-06	5.501791e-09
2.34636693e-06	5.583166e-09
2.34638570e-06	5.904726e-09
2.34640447e-06	5.652467e-09
2.34642324e-06	5.031729e-09
2.34644201e-06	3.917017e-09
2.34646078e-06	4.053958e-09
2.34647955e-06	4.362809e-09
2.34649833e-06	5.366175e-09
2.34651710e-06	6.013640e-09
2.34653587e-06	5.886518e-09
2.34655464e-06	6.461328e-09
2.34657341e-06	6.885445e-09
2.34659219e-06	6.512558e-09
2.34661096e-06	6.112816e-09
2.34662973e-06	6.225053e-09
2.34664851e-06	5.896553e-09
2.34666728e-06	5.948707e-09
2.34668605e-06	6.558089e-09
2.34670483e-06	6.772379e-09
2.34672360e-06	6.412567e-09
2.34674237e-06	6.138782e-09
2.34676115e-06	5.527546e-09
2.34677992e-06	4.617086e-09
2.34679870e-06	4.619562e-09
2.34681747e-06	4.484727e-09
2.34683625e-06	4.716437e-09
2.34685502e-06	5.471065e-09
2.34687379e-06	5.477312e-09
2.34689257e-06	4.496960e-09
2.34691134e-06	4.271230e-09
2.34693012e-06	4.575980e-09
2.34694889e-06	5.447105e-09
2.34696767e-06	6.030408e-09
2.34698645e-06	6.604374e-09
2.34700522e-06	6.531502e-09
2.34702400e-06	6.514874e-09
2.34704277e-06	6.820171e-09
2.34706155e-06	6.887079e-09
2.34708033e-06	7.072215e-09
2.34709910e-06	7.384680e-09
2.34711788e-06	7.142283e-09
2.34713666e-06	6.692538e-09
2.34715543e-06	5.525456e-09
2.34717421e-06	4.881672e-09
2.34719299e-06	3.883926e-09
2.34721177e-06	5.453792e-09
2.34723054e-06	5.820663e-09
2.34724932e-06	5.868331e-09
2.34726810e-06	6.017326e-09
2.34728688e-06	5.386344e-09
2.34730566e-06	5.265910e-09
2.34732444e-06	4.161534e-09
2.34734321e-06	5.999060e-09
2.34736199e-06	6.710994e-09
2.34738077e-06	6.622566e-09
2.34739955e-06	5.660710e-09
2.34741833e-06	4.754176e-09
2.34743711e-06	5.088407e-09
2.34745589e-06	6.198093e-09
2.34747467e-06	6.365438e-09
2.34749345e-06	5.231388e-09
2.34751223e-06	4.001756e-09
2.34753101e-06	4.708584e-09
2.34754979e-06	4.608277e-09
2.34756857e-06	4.790955e-09
2.34758735e-06	5.354901e-09
2.34760613e-06	6.233261e-09
2.34762491e-06	6.547941e-09
2.34764369e-06	5.357939e-09
2.34766247e-06	3.935619e-09
2.34768125e-06	5.025271e-09
2.34770004e-06	5.340288e-09
2.34771882e-06	5.184794e-09
2.34773760e-06	5.123381e-09
2.34775638e-06	5.537524e-09
2.34777516e-06	4.883117e-09
2.34779395e-06	5.600500e-09
2.34781273e-06	6.006065e-09
2.34783151e-06	6.289557e-09
2.34785029e-06	7.252144e-09
2.34786908e-06	6.791724e-09
2.34788786e-06	6.667875e-09
2.34790664e-06	7.375107e-09
2.34792542e-06	7.388477e-09
2.34794421e-06	7.025883e-09
2.34796299e-06	6.558048e-09
2.34798178e-06	6.878901e-09
2.34800056e-06	7.031364e-09
2.34801934e-06	6.236487e-09
2.34803813e-06	6.834189e-09
2.34805691e-06	6.927698e-09
2.34807570e-06	6.604694e-09
2.34809448e-06	6.147449e-09
2.34811327e-06	5.525485e-09
2.34813205e-06	5.203924e-09
2.34815084e-06	5.370426e-09
2.34816962e-06	6.000009e-09
2.34818841e-06	5.706412e-09
2.34820719e-06	4.916210e-09
2.34822598e-06	4.211959e-09
2.34824476e-06	4.823873e-09
2.34826355e-06	4.313366e-09
2.34828234e-06	5.352556e-09
2.34830112e-06	5.967176e-09
2.34831991e-06	6.448371e-09
2.34833869e-06	6.240856e-09
2.34835748e-06	6.440604e-09
2.34837627e-06	6.285794e-09
2.34839506e-06	6.713308e-09
2.34841384e-06	6.315487e-09
2.34843263e-06	5.944355e-09
2.34845142e-06	5.886803e-09
2.34847021e-06	6.826998e-09
2.34848899e-06	6.643961e-09
2.34850778e-06	6.618740e-09
2.34852657e-06	5.696193e-09
2.34854536e-06	5.671778e-09
2.34856415e-06	6.230041e-09
2.34858293e-06	6.330839e-09
2.34860172e-06	6.195977e-09
2.34862051e-06	7.150506e-09
2.34863930e-06	7.032225e-09
2.34865809e-06	6.171431e-09
2.34867688e-06	4.401511e-09
2.34869567e-06	4.503106e-09
2.34871446e-06	5.779992e-09
2.34873325e-06	5.744261e-09
2.34875204e-06	6.937142e-09
2.34877083e-06	7.263990e-09
2.34878962e-06	6.477461e-09
2.34880841e-06	5.920510e-09
2.34882720e-06	5.589181e-09
2.34884599e-06	5.722507e-09
2.34886478e-06	6.657457e-09
2.34888357e-06	6.530152e-09
2.34890236e-06	6.842946e-09
2.34892115e-06	7.310341e-09
2.34893994e-06	7.046858e-09
2.34895873e-06	5.216897e-09
2.34897753e-06	6.045728e-09
2.34899632e-06	5.577199e-09
2.34901511e-06	5.157986e-09
2.34903390e-06	6.658993e-09
2.34905269e-06	6.892179e-09
2.34907149e-06	6.888315e-09
2.34909028e-06	6.496355e-09
2.34910907e-06	5.950017e-09
2.34912787e-06	6.437014e-09
2.34914666e-06	6.273108e-09
2.34916545e-06	5.639184e-09
2.34918425e-06	6.087148e-09
2.34920304e-06	5.497347e-09
2.34922183e-06	5.824374e-09
2.34924063e-06	5.674263e-09
2.34925942e-06	6.501499e-09
2.34927821e-06	6.703119e-09
2.34929701e-06	4.852976e-09
2.34931580e-06	5.254995e-09
2.34933460e-06	5.629179e-09
2.34935339e-06	4.790969e-09
2.34937219e-06	4.340004e-09
2.34939098e-06	5.198643e-09
2.34940978e-06	5.380856e-09
2.34942857e-06	4.016111e-09
2.34944737e-06	5.304424e-09
2.34946616e-06	5.706265e-09
2.34948496e-06	4.472888e-09
2.34950375e-06	4.013258e-09
2.34952255e-06	4.310913e-09
2.34954135e-06	5.837443e-09
2.34956014e-06	6.242351e-09
2.34957894e-06	5.796312e-09
2.34959774e-06	6.320629e-09
2.34961653e-06	5.306979e-09
2.34963533e-06	4.894375e-09
2.34965413e-06	5.336556e-09
2.34967292e-06	4.700044e-09
2.34969172e-06	4.283651e-09
2.34971052e-06	4.846749e-09
2.34972932e-06	4.171680e-09
2.34974812e-06	4.461523e-09
2.34976691e-06	3.575603e-09
2.34978571e-06	4.842064e-09
2.34980451e-06	5.237291e-09
2.34982331e-06	4.738737e-09
2.34984211e-06	4.037299e-09
2.34986090e-06	4.472243e-09
2.34987970e-06	5.132100e-09
2.34989850e-06	5.524818e-09
2.34991730e-06	6.510424e-09
2.34993610e-06	6.506825e-09
2.34995490e-06	6.768386e-09
2.34997370e-06	6.065711e-09
