2.30001633e-06	8.809534e-09
2.30003473e-06	7.072099e-09
2.30005313e-06	8.395211e-09
2.30007153e-06	7.227635e-09
2.30008993e-06	7.030684e-09
2.30010833e-06	9.178099e-09
2.30012673e-06	9.460908e-09
2.30014513e-06	9.259351e-09
2.30016353e-06	8.821776e-09
2.30018194e-06	9.094827e-09
2.30020034e-06	9.202328e-09
2.30021874e-06	9.775189e-09
2.30023714e-06	9.250983e-09
2.30025554e-06	8.512627e-09
2.30027395e-06	8.265192e-09
2.30029235e-06	7.632697e-09
2.30031075e-06	8.316422e-09
2.30032915e-06	8.862471e-09
2.30034756e-06	9.376358e-09
2.30036596e-06	8.223360e-09
2.30038436e-06	7.349817e-09
2.30040276e-06	7.945182e-09
2.30042117e-06	7.921145e-09
2.30043957e-06	8.374078e-09
2.30045797e-06	8.532797e-09
2.30047638e-06	7.492798e-09
2.30049478e-06	5.966032e-09
2.30051319e-06	5.633182e-09
2.30053159e-06	3.945754e-09
2.30054999e-06	3.550371e-09
2.30056840e-06	6.457692e-09
2.30058680e-06	6.914790e-09
2.30060521e-06	3.987189e-09
2.30062361e-06	5.860759e-09
2.30064202e-06	7.480482e-09
2.30066042e-06	7.703261e-09
2.30067883e-06	8.210646e-09
2.30069723e-06	8.273983e-09
2.30071564e-06	7.403972e-09
2.30073404e-06	3.586486e-09
2.30075245e-06	4.040571e-09
2.30077086e-06	7.706036e-09
2.30078926e-06	8.309446e-09
2.30080767e-06	8.457318e-09
2.30082608e-06	8.393771e-09
2.30084448e-06	8.494917e-09
2.30086289e-06	8.480908e-09
2.30088129e-06	8.488722e-09
2.30089970e-06	8.392234e-09
2.30091811e-06	8.629226e-09
2.30093652e-06	8.720942e-09
2.30095492e-06	8.742578e-09
2.30097333e-06	7.248496e-09
2.30099174e-06	7.079277e-09
2.30101015e-06	7.465951e-09
2.30102856e-06	7.291313e-09
2.30104696e-06	8.276481e-09
2.30106537e-06	8.117435e-09
2.30108378e-06	5.549648e-09
2.30110219e-06	4.017301e-09
2.30112060e-06	7.416718e-09
2.30113901e-06	8.661036e-09
2.30115742e-06	9.147259e-09
2.30117583e-06	8.910646e-09
2.30119423e-06	7.642531e-09
2.30121265e-06	6.933488e-09
2.30123105e-06	8.170621e-09
2.30124946e-06	8.189799e-09
2.30126787e-06	7.879135e-09
2.30128628e-06	5.780619e-09
2.30130469e-06	3.572010e-09
2.30132310e-06	3.531160e-09
2.30134152e-06	4.597045e-09
2.30135993e-06	6.060371e-09
2.30137834e-06	6.608000e-09
2.30139675e-06	3.791092e-09
2.30141516e-06	5.583768e-09
2.30143357e-06	8.722283e-09
2.30145198e-06	9.012459e-09
2.30147039e-06	7.648932e-09
2.30148881e-06	4.422691e-09
2.30150722e-06	3.767973e-09
2.30152563e-06	7.387231e-09
2.30154404e-06	8.572564e-09
2.30156245e-06	8.633153e-09
2.30158087e-06	8.298514e-09
2.30159928e-06	8.921413e-09
2.30161769e-06	9.002245e-09
2.30163611e-06	7.869349e-09
2.30165452e-06	7.473390e-09
2.30167293e-06	7.713391e-09
2.30169135e-06	8.552293e-09
2.30170976e-06	8.983229e-09
2.30172817e-06	9.380249e-09
2.30174659e-06	8.982581e-09
2.30176500e-06	8.058515e-09
2.30178341e-06	9.247273e-09
2.30180183e-06	8.907441e-09
2.30182024e-06	7.949864e-09
2.30183866e-06	8.726284e-09
2.30185707e-06	8.292087e-09
2.30187549e-06	7.753327e-09
2.30189390e-06	8.334611e-09
2.30191232e-06	9.191634e-09
2.30193073e-06	8.855964e-09
2.30194915e-06	8.743949e-09
2.30196756e-06	9.323493e-09
2.30198598e-06	9.078688e-09
2.30200440e-06	8.468032e-09
2.30202281e-06	7.096592e-09
2.30204123e-06	7.282888e-09
2.30205964e-06	8.012059e-09
2.30207806e-06	8.222843e-09
2.30209648e-06	7.268240e-09
2.30211489e-06	3.695991e-09
2.30213331e-06	3.531383e-09
2.30215173e-06	6.316725e-09
2.30217014e-06	8.176377e-09
2.30218856e-06	8.652508e-09
2.30220698e-06	8.907413e-09
2.30222540e-06	8.641672e-09
2.30224381e-06	8.700652e-09
2.30226223e-06	7.590497e-09
2.30228065e-06	6.970847e-09
2.30229907e-06	8.313641e-09
2.30231749e-06	8.540169e-09
2.30233591e-06	8.834679e-09
2.30235433e-06	9.300424e-09
2.30237274e-06	9.432795e-09
2.30239116e-06	9.538613e-09
2.30240958e-06	8.925694e-09
2.30242800e-06	8.590604e-09
2.30244642e-06	8.965756e-09
2.30246484e-06	9.100257e-09
2.30248326e-06	9.131037e-09
2.30250168e-06	8.963979e-09
2.30252010e-06	8.751125e-09
2.30253852e-06	8.200934e-09
2.30255694e-06	8.767774e-09
2.30257536e-06	9.167694e-09
2.30259378e-06	9.114291e-09
2.30261220e-06	8.813002e-09
2.30263062e-06	8.785076e-09
2.30264904e-06	8.619750e-09
2.30266747e-06	8.659722e-09
2.30268589e-06	9.399423e-09
2.30270431e-06	9.044930e-09
2.30272273e-06	8.485427e-09
2.30274115e-06	7.658782e-09
2.30275957e-06	4.055556e-09
2.30277800e-06	4.727247e-09
2.30279642e-06	6.585948e-09
2.30281484e-06	6.406298e-09
2.30283326e-06	8.270748e-09
2.30285168e-06	8.422116e-09
2.30287011e-06	8.882326e-09
2.30288853e-06	8.758302e-09
2.30290695e-06	8.023310e-09
2.30292538e-06	7.444935e-09
2.30294380e-06	7.540134e-09
2.30296222e-06	4.613189e-09
2.30298065e-06	3.600356e-09
2.30299907e-06	3.831179e-09
2.30301750e-06	5.827685e-09
2.30303592e-06	6.758141e-09
2.30305434e-06	8.366934e-09
2.30307277e-06	8.583646e-09
2.30309119e-06	8.610347e-09
2.30310962e-06	8.210990e-09
2.30312804e-06	7.163386e-09
2.30314647e-06	8.654703e-09
2.30316489e-06	9.124962e-09
2.30318332e-06	8.425207e-09
2.30320174e-06	6.102419e-09
2.30322017e-06	6.986822e-09
2.30323860e-06	9.375177e-09
2.30325702e-06	9.353231e-09
2.30327545e-06	8.805591e-09
2.30329387e-06	7.914860e-09
2.30331230e-06	5.840747e-09
2.30333073e-06	5.357643e-09
2.30334915e-06	6.091950e-09
2.30336758e-06	7.544375e-09
2.30338601e-06	9.151180e-09
2.30340443e-06	9.535326e-09
2.30342286e-06	1.013296e-08
2.30344129e-06	9.689688e-09
2.30345972e-06	9.054855e-09
2.30347814e-06	9.088268e-09
2.30349657e-06	9.309305e-09
2.30351500e-06	9.377569e-09
2.30353343e-06	8.569186e-09
2.30355186e-06	8.183932e-09
2.30357028e-06	7.660208e-09
2.30358871e-06	6.272249e-09
2.30360714e-06	6.560685e-09
2.30362557e-06	7.776996e-09
2.30364400e-06	8.281359e-09
2.30366243e-06	9.155133e-09
2.30368086e-06	8.882984e-09
2.30369929e-06	8.800758e-09
2.30371772e-06	8.262574e-09
2.30373615e-06	6.939942e-09
2.30375458e-06	6.679546e-09
2.30377301e-06	6.227428e-09
2.30379144e-06	7.179399e-09
2.30380987e-06	6.537312e-09
2.30382830e-06	6.531291e-09
2.30384673e-06	6.145422e-09
2.30386516e-06	3.520039e-09
2.30388359e-06	3.485483e-09
2.30390202e-06	5.958305e-09
2.30392045e-06	6.017743e-09
2.30393888e-06	7.550951e-09
2.30395731e-06	7.370098e-09
2.30397575e-06	8.025981e-09
2.30399418e-06	8.752203e-09
2.30401261e-06	8.757799e-09
2.30403104e-06	9.300337e-09
2.30404947e-06	9.003685e-09
2.30406791e-06	8.497830e-09
2.30408634e-06	8.447750e-09
2.30410477e-06	8.652619e-09
2.30412321e-06	9.369194e-09
2.30414164e-06	9.530676e-09
2.30416007e-06	8.975801e-09
2.30417850e-06	8.801548e-09
2.30419694e-06	8.788124e-09
2.30421537e-06	8.052736e-09
2.30423381e-06	8.123641e-09
2.30425224e-06	9.068266e-09
2.30427067e-06	8.569542e-09
2.30428911e-06	8.569532e-09
2.30430754e-06	8.729719e-09
2.30432598e-06	8.011181e-09
2.30434441e-06	8.641189e-09
2.30436285e-06	9.390894e-09
2.30438128e-06	1.017272e-08
2.30439971e-06	9.850162e-09
2.30441815e-06	9.807477e-09
2.30443659e-06	9.640619e-09
2.30445502e-06	8.649900e-09
2.30447346e-06	8.760726e-09
2.30449189e-06	8.675740e-09
2.30451033e-06	8.889790e-09
2.30452877e-06	8.923732e-09
2.30454720e-06	9.445510e-09
2.30456564e-06	9.077188e-09
2.30458407e-06	9.193030e-09
2.30460251e-06	9.192992e-09
2.30462095e-06	8.520381e-09
2.30463938e-06	7.975060e-09
2.30465782e-06	8.589598e-09
2.30467626e-06	9.189233e-09
2.30469470e-06	8.573160e-09
2.30471313e-06	7.685962e-09
2.30473157e-06	5.874879e-09
2.30475001e-06	6.481856e-09
2.30476845e-06	7.458621e-09
2.30478688e-06	4.288397e-09
2.30480532e-06	3.596697e-09
2.30482376e-06	5.028171e-09
2.30484220e-06	7.615442e-09
2.30486064e-06	7.200691e-09
2.30487908e-06	7.251235e-09
2.30489752e-06	7.979851e-09
2.30491596e-06	7.719745e-09
2.30493440e-06	4.877842e-09
2.30495284e-06	6.295265e-09
2.30497128e-06	6.118406e-09
2.30498972e-06	5.329272e-09
2.30500815e-06	7.028345e-09
2.30502660e-06	8.555876e-09
2.30504504e-06	7.632951e-09
2.30506347e-06	7.815311e-09
2.30508192e-06	7.921745e-09
2.30510036e-06	8.039167e-09
2.30511880e-06	8.330366e-09
2.30513724e-06	8.743977e-09
2.30515568e-06	8.349842e-09
2.30517412e-06	8.475210e-09
2.30519256e-06	8.807681e-09
2.30521100e-06	7.976393e-09
2.30522944e-06	8.353783e-09
2.30524789e-06	8.514256e-09
2.30526633e-06	8.473038e-09
2.30528477e-06	8.695336e-09
2.30530321e-06	8.892325e-09
2.30532166e-06	7.756357e-09
2.30534010e-06	8.037200e-09
2.30535854e-06	8.489087e-09
2.30537698e-06	8.371448e-09
2.30539543e-06	7.259570e-09
2.30541387e-06	3.661826e-09
2.30543231e-06	6.033098e-09
2.30545076e-06	7.814913e-09
2.30546920e-06	6.832423e-09
2.30548764e-06	4.585099e-09
2.30550609e-06	6.951666e-09
2.30552453e-06	8.788736e-09
2.30554298e-06	9.232801e-09
2.30556142e-06	8.998984e-09
2.30557987e-06	8.650704e-09
2.30559831e-06	8.646952e-09
2.30561675e-06	8.143115e-09
2.30563520e-06	4.301420e-09
2.30565365e-06	3.182954e-09
2.30567209e-06	6.515564e-09
2.30569054e-06	7.546539e-09
2.30570898e-06	8.180905e-09
2.30572743e-06	7.446198e-09
2.30574587e-06	6.921057e-09
2.30576432e-06	3.448437e-09
2.30578276e-06	3.522502e-09
2.30580121e-06	5.855617e-09
2.30581966e-06	8.045866e-09
2.30583810e-06	8.587521e-09
2.30585655e-06	7.617272e-09
2.30587500e-06	6.164343e-09
2.30589344e-06	5.713903e-09
2.30591189e-06	7.446794e-09
2.30593034e-06	8.241425e-09
2.30594879e-06	7.646330e-09
2.30596723e-06	7.741232e-09
2.30598568e-06	7.462457e-09
2.30600413e-06	8.475429e-09
2.30602258e-06	9.113982e-09
2.30604102e-06	9.387448e-09
2.30605947e-06	9.544599e-09
2.30607792e-06	9.270003e-09
2.30609637e-06	9.032064e-09
2.30611482e-06	8.738574e-09
2.30613327e-06	7.549141e-09
2.30615172e-06	7.466602e-09
2.30617017e-06	8.475394e-09
2.30618862e-06	7.793616e-09
2.30620707e-06	7.262543e-09
2.30622551e-06	7.923081e-09
2.30624396e-06	8.859520e-09
2.30626241e-06	8.820429e-09
2.30628087e-06	8.703674e-09
2.30629932e-06	9.084125e-09
2.30631777e-06	9.690031e-09
2.30633622e-06	9.130849e-09
2.30635467e-06	8.354087e-09
2.30637312e-06	8.781154e-09
2.30639157e-06	8.577770e-09
2.30641002e-06	8.193832e-09
2.30642847e-06	8.987902e-09
2.30644692e-06	7.731549e-09
2.30646537e-06	7.262549e-09
2.30648383e-06	7.505144e-09
2.30650228e-06	6.815263e-09
2.30652073e-06	6.649877e-09
2.30653918e-06	6.722975e-09
2.30655763e-06	7.345089e-09
2.30657609e-06	7.856955e-09
2.30659454e-06	8.324539e-09
2.30661299e-06	8.613496e-09
2.30663144e-06	6.987256e-09
2.30664990e-06	5.618436e-09
2.30666835e-06	3.686781e-09
2.30668681e-06	6.529751e-09
2.30670526e-06	7.551259e-09
2.30672371e-06	7.342808e-09
2.30674217e-06	7.794193e-09
2.30676062e-06	5.526149e-09
2.30677907e-06	3.442988e-09
2.30679753e-06	3.468256e-09
2.30681598e-06	6.708293e-09
2.30683444e-06	7.352878e-09
2.30685289e-06	6.523631e-09
2.30687135e-06	8.015493e-09
2.30688980e-06	8.308195e-09
2.30690826e-06	7.263378e-09
2.30692671e-06	6.828870e-09
2.30694517e-06	8.151826e-09
2.30696362e-06	8.454811e-09
2.30698208e-06	8.838464e-09
2.30700053e-06	9.212993e-09
2.30701899e-06	9.437250e-09
2.30703745e-06	8.921711e-09
2.30705590e-06	8.350744e-09
2.30707436e-06	9.185324e-09
2.30709282e-06	9.191723e-09
2.30711127e-06	9.378358e-09
2.30712973e-06	9.502060e-09
2.30714819e-06	9.558031e-09
2.30716664e-06	9.444229e-09
2.30718510e-06	9.508402e-09
2.30720356e-06	9.490614e-09
2.30722202e-06	8.876168e-09
2.30724047e-06	8.213846e-09
2.30725893e-06	8.382334e-09
2.30727739e-06	8.880084e-09
2.30729585e-06	7.369276e-09
2.30731431e-06	6.838627e-09
2.30733277e-06	8.577894e-09
2.30735122e-06	9.157630e-09
2.30736968e-06	8.736892e-09
2.30738814e-06	7.290406e-09
2.30740660e-06	7.773663e-09
2.30742506e-06	8.914131e-09
2.30744352e-06	9.457817e-09
2.30746198e-06	9.337869e-09
2.30748044e-06	8.609544e-09
2.30749890e-06	8.213540e-09
2.30751736e-06	6.964045e-09
2.30753582e-06	7.795215e-09
2.30755428e-06	8.458188e-09
2.30757274e-06	8.210100e-09
2.30759120e-06	7.686580e-09
2.30760966e-06	6.448877e-09
2.30762812e-06	4.098351e-09
2.30764658e-06	3.026929e-09
2.30766504e-06	5.636533e-09
2.30768351e-06	6.745049e-09
2.30770197e-06	8.283262e-09
2.30772043e-06	9.220293e-09
2.30773889e-06	9.140538e-09
2.30775735e-06	9.034943e-09
2.30777581e-06	8.640379e-09
2.30779428e-06	7.059103e-09
2.30781274e-06	6.146336e-09
2.30783120e-06	3.431798e-09
2.30784966e-06	3.453443e-09
2.30786813e-06	6.406304e-09
2.30788659e-06	7.960319e-09
2.30790505e-06	8.644078e-09
2.30792352e-06	8.595049e-09
2.30794198e-06	8.399730e-09
2.30796044e-06	8.966176e-09
2.30797891e-06	9.066474e-09
2.30799737e-06	8.715099e-09
2.30801583e-06	7.530116e-09
2.30803430e-06	7.361530e-09
2.30805276e-06	5.760616e-09
2.30807123e-06	7.376122e-09
2.30808969e-06	8.745035e-09
2.30810816e-06	8.786673e-09
2.30812662e-06	8.650337e-09
2.30814509e-06	9.151007e-09
2.30816355e-06	9.538508e-09
2.30818202e-06	9.174371e-09
2.30820048e-06	8.101450e-09
2.30821895e-06	8.363935e-09
2.30823741e-06	8.975782e-09
2.30825588e-06	9.189483e-09
2.30827434e-06	8.110661e-09
2.30829281e-06	7.471361e-09
2.30831128e-06	8.553979e-09
2.30832974e-06	8.884548e-09
2.30834821e-06	8.641092e-09
2.30836668e-06	8.335386e-09
2.30838514e-06	8.430076e-09
2.30840361e-06	8.998373e-09
2.30842208e-06	9.260266e-09
2.30844055e-06	9.392494e-09
2.30845901e-06	8.973076e-09
2.30847748e-06	8.196671e-09
2.30849595e-06	7.468707e-09
2.30851442e-06	6.751169e-09
2.30853288e-06	7.867049e-09
2.30855135e-06	8.662758e-09
2.30856982e-06	8.749955e-09
2.30858829e-06	8.803712e-09
2.30860676e-06	9.156011e-09
2.30862523e-06	9.486752e-09
2.30864370e-06	8.977742e-09
2.30866217e-06	9.064398e-09
2.30868063e-06	9.517576e-09
2.30869911e-06	8.983785e-09
2.30871757e-06	8.498535e-09
2.30873604e-06	8.119696e-09
2.30875451e-06	8.321580e-09
2.30877298e-06	9.094916e-09
2.30879145e-06	8.524175e-09
2.30880992e-06	7.443007e-09
2.30882840e-06	7.607942e-09
2.30884687e-06	8.672504e-09
2.30886534e-06	8.667656e-09
2.30888381e-06	7.564165e-09
2.30890228e-06	5.860253e-09
2.30892075e-06	3.394135e-09
2.30893922e-06	3.546675e-09
2.30895769e-06	5.455668e-09
2.30897616e-06	6.813005e-09
2.30899464e-06	5.480485e-09
2.30901311e-06	6.958517e-09
2.30903158e-06	8.362171e-09
2.30905005e-06	8.346500e-09
2.30906852e-06	7.689360e-09
2.30908700e-06	6.328284e-09
2.30910547e-06	6.357401e-09
2.30912394e-06	6.810420e-09
2.30914242e-06	7.891848e-09
2.30916089e-06	7.311450e-09
2.30917936e-06	8.056365e-09
2.30919784e-06	6.108068e-09
2.30921631e-06	6.383986e-09
2.30923478e-06	7.985941e-09
2.30925326e-06	8.653695e-09
2.30927173e-06	9.165468e-09
2.30929021e-06	8.957372e-09
2.30930868e-06	9.366929e-09
2.30932715e-06	8.959179e-09
2.30934563e-06	8.110011e-09
2.30936410e-06	5.544883e-09
2.30938258e-06	7.164180e-09
2.30940105e-06	8.899933e-09
2.30941953e-06	8.568674e-09
2.30943800e-06	8.196130e-09
2.30945648e-06	7.654404e-09
2.30947495e-06	7.281338e-09
2.30949343e-06	8.052835e-09
2.30951191e-06	7.912444e-09
2.30953038e-06	7.304238e-09
2.30954886e-06	7.866592e-09
2.30956733e-06	8.631762e-09
2.30958581e-06	8.914972e-09
2.30960429e-06	8.576676e-09
2.30962277e-06	8.530769e-09
2.30964124e-06	8.262724e-09
2.30965972e-06	4.852887e-09
2.30967820e-06	2.961696e-09
2.30969667e-06	5.402423e-09
2.30971515e-06	8.353165e-09
2.30973363e-06	8.990908e-09
2.30975211e-06	7.388953e-09
2.30977059e-06	4.140221e-09
2.30978906e-06	5.055678e-09
2.30980754e-06	5.423211e-09
2.30982602e-06	5.632504e-09
2.30984450e-06	4.504491e-09
2.30986298e-06	8.141849e-09
2.30988146e-06	8.666631e-09
2.30989994e-06	8.188608e-09
2.30991842e-06	7.908609e-09
2.30993689e-06	6.329901e-09
2.30995537e-06	7.413446e-09
2.30997385e-06	8.478831e-09
2.30999233e-06	7.726287e-09
2.31001081e-06	7.146824e-09
2.31002929e-06	7.668382e-09
2.31004777e-06	4.692235e-09
2.31006625e-06	3.597065e-09
2.31008473e-06	3.859711e-09
2.31010321e-06	7.268925e-09
2.31012170e-06	7.304434e-09
2.31014018e-06	4.798066e-09
2.31015866e-06	6.949500e-09
2.31017714e-06	8.700938e-09
2.31019562e-06	9.038015e-09
2.31021410e-06	7.807790e-09
2.31023258e-06	8.206553e-09
2.31025107e-06	9.400659e-09
2.31026955e-06	9.706494e-09
2.31028803e-06	9.369017e-09
2.31030651e-06	9.242520e-09
2.31032499e-06	8.421057e-09
2.31034348e-06	7.465550e-09
2.31036196e-06	8.090317e-09
2.31038044e-06	6.960498e-09
2.31039893e-06	6.426917e-09
2.31041741e-06	7.483839e-09
2.31043589e-06	8.275924e-09
2.31045438e-06	6.960489e-09
2.31047286e-06	6.524753e-09
2.31049134e-06	7.401875e-09
2.31050983e-06	6.427917e-09
2.31052831e-06	7.948171e-09
2.31054680e-06	8.677980e-09
2.31056528e-06	8.407274e-09
2.31058377e-06	7.440622e-09
2.31060225e-06	8.441191e-09
2.31062073e-06	9.643808e-09
2.31063922e-06	9.163932e-09
2.31065770e-06	8.553398e-09
2.31067619e-06	9.045427e-09
2.31069467e-06	8.412442e-09
2.31071316e-06	8.209261e-09
2.31073165e-06	7.587015e-09
2.31075013e-06	7.838001e-09
2.31076862e-06	7.669236e-09
2.31078710e-06	8.078248e-09
2.31080559e-06	7.544612e-09
2.31082408e-06	8.198130e-09
2.31084256e-06	8.686844e-09
2.31086105e-06	8.402671e-09
2.31087954e-06	8.523307e-09
2.31089802e-06	7.500565e-09
2.31091651e-06	6.332254e-09
2.31093500e-06	7.170745e-09
2.31095349e-06	7.781755e-09
2.31097197e-06	6.081291e-09
2.31099046e-06	6.064266e-09
2.31100895e-06	6.847886e-09
2.31102744e-06	7.039062e-09
2.31104593e-06	8.829152e-09
2.31106441e-06	9.240652e-09
2.31108290e-06	8.406055e-09
2.31110139e-06	8.558278e-09
2.31111988e-06	8.886351e-09
2.31113837e-06	8.994164e-09
2.31115686e-06	8.392839e-09
2.31117535e-06	5.538531e-09
2.31119384e-06	3.071104e-09
2.31121233e-06	4.230651e-09
2.31123082e-06	3.358937e-09
2.31124931e-06	3.441852e-09
2.31126780e-06	6.237006e-09
2.31128629e-06	6.918526e-09
2.31130478e-06	7.212723e-09
2.31132327e-06	6.597889e-09
2.31134176e-06	6.528777e-09
2.31136025e-06	7.595680e-09
2.31137874e-06	8.371845e-09
2.31139723e-06	8.757276e-09
2.31141572e-06	7.972690e-09
2.31143421e-06	7.425840e-09
2.31145270e-06	7.868885e-09
2.31147120e-06	6.406783e-09
2.31148969e-06	7.575250e-09
2.31150818e-06	8.087793e-09
2.31152667e-06	7.222382e-09
2.31154516e-06	6.509435e-09
2.31156366e-06	3.604431e-09
2.31158215e-06	6.562719e-09
2.31160064e-06	8.811354e-09
2.31161913e-06	7.011716e-09
2.31163763e-06	4.465666e-09
2.31165612e-06	3.675812e-09
2.31167461e-06	5.774431e-09
2.31169311e-06	8.008330e-09
2.31171160e-06	8.650029e-09
2.31173009e-06	7.594336e-09
2.31174859e-06	7.774858e-09
2.31176708e-06	8.405724e-09
2.31178558e-06	7.301795e-09
2.31180407e-06	8.275040e-09
2.31182257e-06	8.456507e-09
2.31184106e-06	7.602698e-09
2.31185955e-06	7.865943e-09
2.31187805e-06	8.793402e-09
2.31189654e-06	6.094470e-09
2.31191504e-06	5.729114e-09
2.31193353e-06	7.993972e-09
2.31195203e-06	7.107150e-09
2.31197052e-06	8.242136e-09
2.31198902e-06	9.034162e-09
2.31200752e-06	8.458315e-09
2.31202601e-06	7.841110e-09
2.31204451e-06	6.117609e-09
2.31206301e-06	6.932139e-09
2.31208150e-06	7.608284e-09
2.31210000e-06	8.704295e-09
2.31211850e-06	8.738296e-09
2.31213699e-06	7.883559e-09
2.31215549e-06	8.665122e-09
2.31217399e-06	8.515942e-09
2.31219248e-06	7.301291e-09
2.31221098e-06	7.237582e-09
2.31222948e-06	7.454903e-09
2.31224798e-06	7.877745e-09
2.31226648e-06	8.074207e-09
2.31228497e-06	7.200622e-09
2.31230347e-06	6.489309e-09
2.31232197e-06	8.643367e-09
2.31234047e-06	8.016562e-09
2.31235897e-06	7.114617e-09
2.31237747e-06	6.784590e-09
2.31239596e-06	7.105034e-09
2.31241446e-06	7.497092e-09
2.31243296e-06	5.165431e-09
2.31245146e-06	3.576548e-09
2.31246996e-06	3.658112e-09
2.31248846e-06	6.780325e-09
2.31250696e-06	7.724000e-09
2.31252546e-06	8.183116e-09
2.31254396e-06	7.085166e-09
2.31256246e-06	8.018587e-09
2.31258096e-06	7.857065e-09
2.31259946e-06	7.301461e-09
2.31261796e-06	8.733478e-09
2.31263647e-06	8.732644e-09
2.31265497e-06	8.637853e-09
2.31267347e-06	9.323265e-09
2.31269197e-06	9.066663e-09
2.31271047e-06	7.874507e-09
2.31272897e-06	8.174890e-09
2.31274748e-06	8.206019e-09
2.31276598e-06	8.174823e-09
2.31278448e-06	9.198844e-09
2.31280298e-06	8.972372e-09
2.31282148e-06	8.730673e-09
2.31283999e-06	7.141471e-09
2.31285849e-06	6.356724e-09
2.31287699e-06	8.137970e-09
2.31289550e-06	8.523801e-09
2.31291400e-06	7.791201e-09
2.31293250e-06	7.547671e-09
2.31295100e-06	8.248728e-09
2.31296951e-06	7.713199e-09
2.31298801e-06	9.016723e-09
2.31300652e-06	8.388796e-09
2.31302502e-06	7.812839e-09
2.31304352e-06	7.967802e-09
2.31306203e-06	7.313719e-09
2.31308053e-06	7.341692e-09
2.31309904e-06	6.625892e-09
2.31311754e-06	5.324080e-09
2.31313605e-06	5.701900e-09
2.31315455e-06	7.389886e-09
2.31317306e-06	6.463181e-09
2.31319156e-06	7.640999e-09
2.31321007e-06	7.951760e-09
2.31322857e-06	6.160827e-09
2.31324708e-06	5.386691e-09
2.31326559e-06	8.402454e-09
2.31328409e-06	8.637226e-09
2.31330260e-06	8.289405e-09
2.31332111e-06	8.969030e-09
2.31333961e-06	9.508540e-09
2.31335812e-06	8.701391e-09
2.31337662e-06	8.220347e-09
2.31339513e-06	7.845665e-09
2.31341364e-06	7.894104e-09
2.31343215e-06	9.073222e-09
2.31345065e-06	9.535235e-09
2.31346916e-06	8.679447e-09
2.31348767e-06	8.644322e-09
2.31350618e-06	8.947476e-09
2.31352469e-06	8.793434e-09
2.31354319e-06	8.947412e-09
2.31356170e-06	8.491354e-09
2.31358021e-06	8.506359e-09
2.31359872e-06	7.009024e-09
2.31361723e-06	7.096290e-09
2.31363574e-06	8.102218e-09
2.31365425e-06	7.746598e-09
2.31367275e-06	6.998148e-09
2.31369127e-06	3.955870e-09
2.31370977e-06	3.565963e-09
2.31372828e-06	4.851964e-09
2.31374679e-06	7.716732e-09
2.31376530e-06	7.617707e-09
2.31378381e-06	7.266321e-09
2.31380232e-06	7.858001e-09
2.31382083e-06	6.302088e-09
2.31383935e-06	6.453489e-09
2.31385786e-06	7.712161e-09
2.31387637e-06	8.162984e-09
2.31389488e-06	7.753646e-09
2.31391339e-06	8.303986e-09
2.31393190e-06	8.408870e-09
2.31395041e-06	7.018618e-09
2.31396892e-06	7.532479e-09
2.31398744e-06	7.867616e-09
2.31400595e-06	6.725548e-09
2.31402446e-06	7.472882e-09
2.31404297e-06	4.092646e-09
2.31406148e-06	4.033269e-09
2.31408000e-06	7.327386e-09
2.31409851e-06	8.713353e-09
2.31411702e-06	8.415384e-09
2.31413553e-06	8.911472e-09
2.31415405e-06	8.372048e-09
2.31417256e-06	8.932033e-09
2.31419107e-06	8.654805e-09
2.31420959e-06	9.206719e-09
2.31422810e-06	8.940093e-09
2.31424662e-06	7.842029e-09
2.31426513e-06	8.314787e-09
2.31428364e-06	8.826168e-09
2.31430216e-06	9.394879e-09
2.31432067e-06	8.192762e-09
2.31433919e-06	8.201840e-09
2.31435770e-06	8.381314e-09
2.31437622e-06	7.057022e-09
2.31439473e-06	6.296564e-09
2.31441325e-06	8.045507e-09
2.31443176e-06	7.761236e-09
2.31445028e-06	8.335047e-09
2.31446879e-06	7.562957e-09
2.31448731e-06	7.543541e-09
2.31450582e-06	8.306383e-09
2.31452434e-06	7.705880e-09
2.31454286e-06	6.370197e-09
2.31456137e-06	7.910762e-09
2.31457989e-06	8.970689e-09
2.31459841e-06	8.915209e-09
2.31461692e-06	8.824420e-09
2.31463544e-06	9.134005e-09
2.31465396e-06	7.779784e-09
2.31467247e-06	3.555509e-09
2.31469099e-06	3.125961e-09
2.31470951e-06	6.119796e-09
2.31472803e-06	6.408354e-09
2.31474654e-06	5.760769e-09
2.31476506e-06	7.385958e-09
2.31478358e-06	8.267195e-09
2.31480210e-06	6.552601e-09
2.31482062e-06	6.478306e-09
2.31483913e-06	8.279747e-09
2.31485765e-06	6.934370e-09
2.31487617e-06	5.624939e-09
2.31489469e-06	7.716739e-09
2.31491321e-06	6.828772e-09
2.31493173e-06	6.970363e-09
2.31495025e-06	6.967240e-09
2.31496877e-06	4.044204e-09
2.31498729e-06	3.104240e-09
2.31500581e-06	3.550804e-09
2.31502433e-06	5.129278e-09
2.31504285e-06	7.462082e-09
2.31506137e-06	6.458751e-09
2.31507989e-06	7.032403e-09
2.31509841e-06	8.100548e-09
2.31511693e-06	6.906758e-09
2.31513545e-06	7.243150e-09
2.31515397e-06	8.426351e-09
2.31517250e-06	8.620791e-09
2.31519102e-06	9.188286e-09
2.31520954e-06	8.798671e-09
2.31522806e-06	7.857774e-09
2.31524658e-06	7.903388e-09
2.31526510e-06	8.485298e-09
2.31528362e-06	6.643787e-09
2.31530215e-06	3.584485e-09
2.31532067e-06	5.661713e-09
2.31533919e-06	7.927318e-09
2.31535771e-06	8.918661e-09
2.31537624e-06	9.211196e-09
2.31539476e-06	9.339027e-09
2.31541328e-06	8.368245e-09
2.31543181e-06	7.489061e-09
2.31545033e-06	7.916968e-09
2.31546885e-06	8.390468e-09
2.31548738e-06	8.118031e-09
2.31550590e-06	8.439568e-09
2.31552443e-06	8.175135e-09
2.31554295e-06	8.359872e-09
2.31556148e-06	8.509949e-09
2.31558000e-06	9.617703e-09
2.31559852e-06	8.184231e-09
2.31561705e-06	8.212501e-09
2.31563557e-06	9.292823e-09
2.31565410e-06	9.393546e-09
2.31567262e-06	9.190956e-09
2.31569115e-06	7.305475e-09
2.31570967e-06	6.673476e-09
2.31572820e-06	7.675046e-09
2.31574673e-06	7.705560e-09
2.31576525e-06	6.859402e-09
2.31578378e-06	7.244520e-09
2.31580231e-06	7.779945e-09
2.31582083e-06	6.828760e-09
2.31583936e-06	8.363321e-09
2.31585788e-06	7.325944e-09
2.31587641e-06	6.184367e-09
2.31589494e-06	8.352876e-09
2.31591347e-06	9.214048e-09
2.31593199e-06	9.367162e-09
2.31595052e-06	8.612339e-09
2.31596905e-06	7.885841e-09
2.31598758e-06	8.148553e-09
2.31600610e-06	7.394708e-09
2.31602463e-06	8.454033e-09
2.31604316e-06	9.433359e-09
2.31606169e-06	9.631383e-09
2.31608022e-06	8.785609e-09
2.31609875e-06	8.183968e-09
2.31611727e-06	7.352709e-09
2.31613580e-06	7.015275e-09
2.31615433e-06	6.968051e-09
2.31617286e-06	6.153323e-09
2.31619139e-06	8.061548e-09
2.31620992e-06	8.409266e-09
2.31622845e-06	7.368696e-09
2.31624698e-06	4.731418e-09
2.31626551e-06	5.325857e-09
2.31628404e-06	4.849018e-09
2.31630257e-06	5.336809e-09
2.31632110e-06	3.935196e-09
2.31633963e-06	3.573741e-09
2.31635816e-06	4.735243e-09
2.31637669e-06	7.160007e-09
2.31639522e-06	7.315370e-09
2.31641375e-06	6.005429e-09
2.31643229e-06	5.459949e-09
2.31645082e-06	7.116071e-09
2.31646935e-06	6.969445e-09
2.31648788e-06	8.045404e-09
2.31650641e-06	8.501316e-09
2.31652494e-06	8.493644e-09
2.31654348e-06	8.414792e-09
2.31656201e-06	4.689210e-09
2.31658054e-06	5.003042e-09
2.31659908e-06	7.551854e-09
2.31661761e-06	6.907438e-09
2.31663614e-06	7.470065e-09
2.31665467e-06	8.172069e-09
2.31667321e-06	8.090236e-09
2.31669174e-06	7.008539e-09
2.31671027e-06	8.334546e-09
2.31672881e-06	8.756678e-09
2.31674734e-06	8.791697e-09
2.31676587e-06	7.512532e-09
2.31678441e-06	8.667126e-09
2.31680294e-06	9.377251e-09
2.31682148e-06	7.544123e-09
2.31684001e-06	5.225562e-09
2.31685855e-06	7.565210e-09
2.31687708e-06	8.567061e-09
2.31689562e-06	8.536212e-09
2.31691415e-06	8.916630e-09
2.31693269e-06	8.291723e-09
2.31695122e-06	9.059071e-09
2.31696976e-06	9.327145e-09
2.31698830e-06	7.393078e-09
2.31700683e-06	6.790410e-09
2.31702537e-06	7.153606e-09
2.31704390e-06	6.036285e-09
2.31706244e-06	7.516232e-09
2.31708098e-06	8.527773e-09
2.31709951e-06	9.284125e-09
2.31711805e-06	9.030509e-09
2.31713659e-06	8.310305e-09
2.31715512e-06	4.441483e-09
2.31717366e-06	5.107968e-09
2.31719220e-06	8.368952e-09
2.31721073e-06	8.827789e-09
2.31722927e-06	8.399736e-09
2.31724781e-06	8.722677e-09
2.31726635e-06	9.109595e-09
2.31728489e-06	8.625242e-09
2.31730342e-06	8.810822e-09
2.31732196e-06	8.340061e-09
2.31734050e-06	8.175937e-09
2.31735904e-06	8.975584e-09
2.31737758e-06	8.997084e-09
2.31739612e-06	8.047899e-09
2.31741466e-06	7.710046e-09
2.31743320e-06	8.044824e-09
2.31745174e-06	6.314549e-09
2.31747028e-06	7.654409e-09
2.31748882e-06	6.298309e-09
2.31750736e-06	4.274573e-09
2.31752590e-06	7.188123e-09
2.31754444e-06	8.025826e-09
2.31756298e-06	8.240437e-09
2.31758152e-06	7.115755e-09
2.31760006e-06	3.200299e-09
2.31761860e-06	3.080077e-09
2.31763714e-06	6.878951e-09
2.31765568e-06	7.952601e-09
2.31767422e-06	7.269479e-09
2.31769276e-06	5.009555e-09
2.31771131e-06	3.514156e-09
2.31772985e-06	3.623849e-09
2.31774839e-06	6.212231e-09
2.31776693e-06	7.288471e-09
2.31778547e-06	5.074647e-09
2.31780401e-06	6.757869e-09
2.31782256e-06	8.116107e-09
2.31784110e-06	8.903926e-09
2.31785964e-06	8.976191e-09
2.31787819e-06	7.493701e-09
2.31789673e-06	6.991160e-09
2.31791527e-06	8.798901e-09
2.31793381e-06	8.761689e-09
2.31795236e-06	7.957370e-09
2.31797090e-06	8.486444e-09
2.31798945e-06	8.854020e-09
2.31800799e-06	7.244772e-09
2.31802653e-06	6.810428e-09
2.31804508e-06	7.756355e-09
2.31806362e-06	8.050745e-09
2.31808217e-06	8.023370e-09
2.31810071e-06	7.233846e-09
2.31811926e-06	8.678539e-09
2.31813780e-06	8.188550e-09
2.31815635e-06	6.135397e-09
2.31817489e-06	6.749751e-09
2.31819344e-06	9.134922e-09
2.31821198e-06	8.918844e-09
2.31823053e-06	7.223278e-09
2.31824907e-06	6.893315e-09
2.31826762e-06	5.051460e-09
2.31828617e-06	6.911281e-09
2.31830471e-06	8.767929e-09
2.31832326e-06	9.538094e-09
2.31834181e-06	8.949719e-09
2.31836035e-06	8.259444e-09
2.31837890e-06	8.317594e-09
2.31839745e-06	8.802890e-09
2.31841599e-06	9.289722e-09
2.31843454e-06	9.386105e-09
2.31845309e-06	7.712880e-09
2.31847164e-06	5.274382e-09
2.31849018e-06	3.482317e-09
2.31850873e-06	6.204748e-09
2.31852728e-06	7.774628e-09
2.31854583e-06	8.544592e-09
2.31856438e-06	9.038532e-09
2.31858292e-06	8.691650e-09
2.31860147e-06	7.992247e-09
2.31862002e-06	8.089874e-09
2.31863857e-06	7.544900e-09
2.31865712e-06	8.624976e-09
2.31867567e-06	8.443062e-09
2.31869422e-06	7.936798e-09
2.31871277e-06	8.188609e-09
2.31873132e-06	8.659405e-09
2.31874987e-06	8.648137e-09
2.31876842e-06	9.113747e-09
2.31878697e-06	9.533087e-09
2.31880552e-06	9.346157e-09
2.31882407e-06	8.423274e-09
2.31884262e-06	8.615900e-09
2.31886117e-06	7.795442e-09
2.31887972e-06	7.144268e-09
2.31889827e-06	7.760232e-09
2.31891682e-06	8.390785e-09
2.31893538e-06	8.114471e-09
2.31895393e-06	8.266366e-09
2.31897248e-06	8.575932e-09
2.31899103e-06	8.034057e-09
2.31900958e-06	7.982266e-09
2.31902813e-06	7.707820e-09
2.31904669e-06	7.870054e-09
2.31906524e-06	6.971206e-09
2.31908379e-06	7.561462e-09
2.31910234e-06	6.453970e-09
2.31912090e-06	3.340070e-09
2.31913945e-06	3.384780e-09
2.31915800e-06	6.548211e-09
2.31917656e-06	7.760170e-09
2.31919511e-06	8.482187e-09
2.31921366e-06	8.712313e-09
2.31923222e-06	8.540591e-09
2.31925077e-06	7.927358e-09
2.31926932e-06	8.177945e-09
2.31928788e-06	8.142624e-09
2.31930643e-06	7.706463e-09
2.31932499e-06	8.143252e-09
2.31934354e-06	6.988526e-09
2.31936210e-06	7.663730e-09
2.31938065e-06	8.200146e-09
2.31939921e-06	8.904110e-09
2.31941776e-06	9.014969e-09
2.31943632e-06	9.382976e-09
2.31945487e-06	8.407346e-09
2.31947343e-06	6.468625e-09
2.31949198e-06	7.040796e-09
2.31951054e-06	6.184086e-09
2.31952910e-06	5.536109e-09
2.31954765e-06	5.690551e-09
2.31956621e-06	4.872122e-09
2.31958477e-06	6.362755e-09
2.31960332e-06	8.885578e-09
2.31962188e-06	9.658314e-09
2.31964044e-06	9.650840e-09
2.31965899e-06	9.427575e-09
2.31967755e-06	8.256870e-09
2.31969611e-06	5.565753e-09
2.31971466e-06	6.954889e-09
2.31973322e-06	8.051549e-09
2.31975178e-06	9.150783e-09
2.31977034e-06	9.488709e-09
2.31978890e-06	9.318343e-09
2.31980746e-06	9.637368e-09
2.31982601e-06	9.436040e-09
2.31984457e-06	9.331773e-09
2.31986313e-06	8.845699e-09
2.31988169e-06	8.105775e-09
2.31990025e-06	8.757069e-09
2.31991881e-06	9.373816e-09
2.31993737e-06	9.538964e-09
2.31995593e-06	8.435200e-09
2.31997449e-06	8.100488e-09
2.31999305e-06	6.887040e-09
2.32001161e-06	4.330275e-09
2.32003017e-06	7.542900e-09
2.32004873e-06	9.079730e-09
2.32006729e-06	7.922421e-09
2.32008585e-06	7.553215e-09
2.32010441e-06	8.451927e-09
2.32012297e-06	9.136321e-09
2.32014153e-06	8.722883e-09
2.32016009e-06	9.086319e-09
2.32017865e-06	8.574222e-09
2.32019721e-06	8.681518e-09
2.32021577e-06	8.340151e-09
2.32023434e-06	8.497635e-09
2.32025290e-06	7.886352e-09
2.32027146e-06	4.996024e-09
2.32029002e-06	7.968974e-09
2.32030858e-06	9.412566e-09
2.32032715e-06	9.714429e-09
2.32034571e-06	8.752592e-09
2.32036427e-06	6.398209e-09
2.32038284e-06	5.968519e-09
2.32040140e-06	7.635365e-09
2.32041996e-06	4.860162e-09
2.32043853e-06	3.812773e-09
2.32045709e-06	7.788101e-09
2.32047565e-06	8.496473e-09
2.32049422e-06	7.690331e-09
2.32051278e-06	7.374542e-09
2.32053135e-06	6.315115e-09
2.32054991e-06	6.013385e-09
2.32056847e-06	4.099054e-09
2.32058704e-06	3.555757e-09
2.32060560e-06	4.037524e-09
2.32062417e-06	5.134260e-09
2.32064273e-06	6.995026e-09
2.32066130e-06	7.305803e-09
2.32067986e-06	7.422122e-09
2.32069843e-06	7.784913e-09
2.32071699e-06	8.029402e-09
2.32073556e-06	5.834381e-09
2.32075413e-06	6.330150e-09
2.32077269e-06	7.020188e-09
2.32079126e-06	8.580206e-09
2.32080982e-06	9.057797e-09
2.32082839e-06	9.186465e-09
2.32084696e-06	8.809380e-09
2.32086552e-06	7.816468e-09
2.32088409e-06	5.612178e-09
2.32090266e-06	6.504858e-09
2.32092123e-06	7.136346e-09
2.32093979e-06	6.165865e-09
2.32095836e-06	6.262956e-09
2.32097693e-06	8.127763e-09
2.32099550e-06	8.158834e-09
2.32101406e-06	7.346250e-09
2.32103263e-06	7.222651e-09
2.32105120e-06	6.526886e-09
2.32106977e-06	8.346466e-09
2.32108834e-06	9.437936e-09
2.32110691e-06	9.420357e-09
2.32112547e-06	8.051630e-09
2.32114404e-06	6.580117e-09
2.32116261e-06	7.821016e-09
2.32118118e-06	6.151012e-09
2.32119975e-06	3.525795e-09
2.32121832e-06	6.425676e-09
2.32123689e-06	8.429494e-09
2.32125546e-06	9.061546e-09
2.32127403e-06	8.249555e-09
2.32129260e-06	8.297728e-09
2.32131117e-06	6.984756e-09
2.32132974e-06	4.932956e-09
2.32134831e-06	5.701645e-09
2.32136688e-06	7.264749e-09
2.32138545e-06	9.224423e-09
2.32140403e-06	9.424281e-09
2.32142260e-06	9.218310e-09
2.32144117e-06	8.966940e-09
2.32145974e-06	9.283847e-09
2.32147831e-06	9.047922e-09
2.32149688e-06	7.239704e-09
2.32151545e-06	6.991691e-09
2.32153403e-06	7.708352e-09
2.32155260e-06	8.572591e-09
2.32157117e-06	9.305388e-09
2.32158974e-06	9.340573e-09
2.32160832e-06	9.126695e-09
2.32162689e-06	8.049212e-09
2.32164546e-06	5.327422e-09
2.32166404e-06	6.607568e-09
2.32168261e-06	8.595662e-09
2.32170118e-06	9.311419e-09
2.32171976e-06	9.262349e-09
2.32173833e-06	9.019294e-09
2.32175690e-06	8.864616e-09
2.32177548e-06	7.995414e-09
2.32179405e-06	6.611081e-09
2.32181263e-06	8.162977e-09
2.32183120e-06	7.751252e-09
2.32184978e-06	7.654746e-09
2.32186835e-06	7.818898e-09
2.32188692e-06	8.164183e-09
2.32190550e-06	7.769498e-09
2.32192408e-06	8.237437e-09
2.32194265e-06	4.727595e-09
2.32196123e-06	3.739444e-09
2.32197980e-06	7.614509e-09
2.32199838e-06	7.985421e-09
2.32201695e-06	7.767646e-09
2.32203553e-06	7.798471e-09
2.32205411e-06	6.959140e-09
2.32207268e-06	3.277550e-09
2.32209126e-06	3.445206e-09
2.32210984e-06	6.085551e-09
2.32212841e-06	7.902086e-09
2.32214699e-06	8.248040e-09
2.32216557e-06	7.698809e-09
2.32218414e-06	5.150081e-09
2.32220272e-06	5.268486e-09
2.32222130e-06	7.751646e-09
2.32223988e-06	7.526263e-09
2.32225846e-06	7.189129e-09
2.32227703e-06	8.807010e-09
2.32229561e-06	8.601210e-09
2.32231419e-06	7.435715e-09
2.32233277e-06	7.887053e-09
2.32235135e-06	7.588957e-09
2.32236993e-06	4.968729e-09
2.32238850e-06	5.663185e-09
2.32240708e-06	7.965813e-09
2.32242566e-06	8.370293e-09
2.32244424e-06	8.611195e-09
2.32246282e-06	6.553843e-09
2.32248140e-06	6.339542e-09
2.32249998e-06	7.090828e-09
2.32251856e-06	8.760123e-09
2.32253714e-06	7.983003e-09
2.32255572e-06	6.805253e-09
2.32257430e-06	7.019990e-09
2.32259288e-06	8.721112e-09
2.32261146e-06	8.439888e-09
2.32263005e-06	7.078269e-09
2.32264863e-06	3.791200e-09
2.32266721e-06	3.753967e-09
2.32268579e-06	4.110143e-09
2.32270437e-06	5.783066e-09
2.32272295e-06	4.673952e-09
2.32274153e-06	4.772956e-09
2.32276012e-06	4.315490e-09
2.32277870e-06	7.611516e-09
2.32279728e-06	8.047232e-09
2.32281586e-06	4.853629e-09
2.32283444e-06	5.982942e-09
2.32285303e-06	5.746789e-09
2.32287161e-06	4.209916e-09
2.32289019e-06	6.783631e-09
2.32290878e-06	6.018580e-09
2.32292736e-06	4.334473e-09
2.32294594e-06	6.320075e-09
2.32296453e-06	5.123230e-09
2.32298311e-06	7.896640e-09
2.32300169e-06	6.941886e-09
2.32302028e-06	3.986609e-09
2.32303886e-06	6.454140e-09
2.32305745e-06	8.563942e-09
2.32307603e-06	6.739516e-09
2.32309462e-06	4.850701e-09
2.32311320e-06	6.485095e-09
2.32313179e-06	5.580292e-09
2.32315037e-06	4.157132e-09
2.32316896e-06	3.557983e-09
2.32318754e-06	4.417334e-09
2.32320613e-06	4.716741e-09
2.32322471e-06	4.561261e-09
2.32324330e-06	7.933919e-09
2.32326188e-06	6.644931e-09
2.32328047e-06	5.515436e-09
2.32329906e-06	8.745990e-09
2.32331764e-06	8.865049e-09
2.32333623e-06	6.487203e-09
2.32335482e-06	5.170060e-09
2.32337340e-06	5.665106e-09
2.32339199e-06	7.776804e-09
2.32341058e-06	8.368655e-09
2.32342916e-06	7.505425e-09
2.32344775e-06	3.974435e-09
2.32346634e-06	5.490252e-09
2.32348493e-06	8.524381e-09
2.32350352e-06	8.997186e-09
2.32352210e-06	8.922962e-09
2.32354069e-06	7.005214e-09
2.32355928e-06	5.063802e-09
2.32357787e-06	7.132948e-09
2.32359646e-06	6.351611e-09
2.32361504e-06	3.386215e-09
2.32363363e-06	3.452807e-09
2.32365222e-06	6.317853e-09
2.32367081e-06	7.723432e-09
2.32368940e-06	8.347518e-09
2.32370799e-06	6.938757e-09
2.32372658e-06	4.022689e-09
2.32374517e-06	4.703075e-09
2.32376376e-06	6.725848e-09
2.32378235e-06	8.070082e-09
2.32380094e-06	5.640662e-09
2.32381953e-06	5.817043e-09
2.32383812e-06	8.371185e-09
2.32385671e-06	8.721133e-09
2.32387530e-06	8.750021e-09
2.32389389e-06	7.918905e-09
2.32391249e-06	7.884432e-09
2.32393108e-06	5.726233e-09
2.32394967e-06	6.161004e-09
2.32396826e-06	8.257672e-09
2.32398685e-06	7.792467e-09
2.32400544e-06	4.820227e-09
2.32402404e-06	3.002825e-09
2.32404263e-06	3.955793e-09
2.32406122e-06	4.800555e-09
2.32407981e-06	8.038215e-09
2.32409840e-06	7.630508e-09
2.32411700e-06	8.441864e-09
2.32413559e-06	9.037353e-09
2.32415418e-06	9.422904e-09
2.32417278e-06	9.145919e-09
2.32419137e-06	8.560624e-09
2.32420996e-06	8.710967e-09
2.32422856e-06	8.876710e-09
2.32424715e-06	8.984380e-09
2.32426575e-06	7.852506e-09
2.32428434e-06	5.295994e-09
2.32430293e-06	6.858915e-09
2.32432153e-06	8.654899e-09
2.32434012e-06	7.034839e-09
2.32435872e-06	6.918747e-09
2.32437731e-06	7.728319e-09
2.32439591e-06	5.401032e-09
2.32441450e-06	3.939792e-09
2.32443310e-06	7.390093e-09
2.32445169e-06	8.598016e-09
2.32447029e-06	7.486119e-09
2.32448888e-06	8.569220e-09
2.32450748e-06	9.218509e-09
2.32452608e-06	7.778224e-09
2.32454467e-06	7.138242e-09
2.32456327e-06	7.896550e-09
2.32458187e-06	8.891980e-09
2.32460046e-06	9.102085e-09
2.32461906e-06	8.453650e-09
2.32463766e-06	8.916112e-09
2.32465625e-06	8.405423e-09
2.32467485e-06	5.932225e-09
2.32469345e-06	6.546061e-09
2.32471205e-06	8.601426e-09
2.32473064e-06	6.096491e-09
2.32474924e-06	5.164651e-09
2.32476784e-06	7.714862e-09
2.32478644e-06	7.454441e-09
2.32480504e-06	3.861645e-09
2.32482363e-06	4.530066e-09
2.32484223e-06	6.684658e-09
2.32486083e-06	5.112816e-09
2.32487943e-06	6.041576e-09
2.32489803e-06	6.196114e-09
2.32491663e-06	7.128798e-09
2.32493523e-06	8.573691e-09
2.32495383e-06	8.498984e-09
2.32497243e-06	8.560986e-09
2.32499103e-06	7.324360e-09
2.32500963e-06	8.005839e-09
2.32502823e-06	8.670053e-09
2.32504683e-06	9.239741e-09
2.32506543e-06	9.204349e-09
2.32508403e-06	8.746116e-09
2.32510263e-06	7.204733e-09
2.32512123e-06	5.500467e-09
2.32513983e-06	7.508647e-09
2.32515843e-06	7.178955e-09
2.32517703e-06	5.955507e-09
2.32519563e-06	3.336331e-09
2.32521424e-06	3.292219e-09
2.32523284e-06	5.365006e-09
2.32525144e-06	3.790386e-09
2.32527004e-06	5.124738e-09
2.32528864e-06	7.878248e-09
2.32530725e-06	7.630363e-09
2.32532585e-06	7.389083e-09
2.32534445e-06	7.995513e-09
2.32536305e-06	9.065051e-09
2.32538166e-06	9.267446e-09
2.32540026e-06	8.912762e-09
2.32541886e-06	8.489910e-09
2.32543747e-06	8.310656e-09
2.32545607e-06	7.992687e-09
2.32547467e-06	8.985151e-09
2.32549328e-06	8.048731e-09
2.32551188e-06	7.554272e-09
2.32553048e-06	7.650673e-09
2.32554909e-06	8.033025e-09
2.32556769e-06	8.232335e-09
2.32558630e-06	6.935845e-09
2.32560490e-06	6.015733e-09
2.32562351e-06	7.338733e-09
2.32564211e-06	8.047018e-09
2.32566072e-06	6.532342e-09
2.32567932e-06	7.699253e-09
2.32569793e-06	8.621083e-09
2.32571654e-06	7.295590e-09
2.32573514e-06	3.714300e-09
2.32575375e-06	4.952432e-09
2.32577235e-06	8.159253e-09
2.32579096e-06	8.553641e-09
2.32580956e-06	9.075705e-09
2.32582817e-06	8.631147e-09
2.32584678e-06	5.759579e-09
2.32586538e-06	5.030431e-09
2.32588399e-06	4.910493e-09
2.32590260e-06	6.921775e-09
2.32592121e-06	7.513304e-09
2.32593981e-06	7.293494e-09
2.32595842e-06	5.857403e-09
2.32597703e-06	5.185152e-09
2.32599564e-06	5.053686e-09
2.32601424e-06	7.733373e-09
2.32603285e-06	7.986519e-09
2.32605146e-06	7.238553e-09
2.32607007e-06	7.646429e-09
2.32608868e-06	5.959370e-09
2.32610729e-06	5.774532e-09
2.32612590e-06	6.241890e-09
2.32614450e-06	8.714760e-09
2.32616311e-06	8.359505e-09
2.32618172e-06	7.610836e-09
2.32620033e-06	8.291713e-09
2.32621894e-06	8.152312e-09
2.32623755e-06	7.681295e-09
2.32625616e-06	3.963004e-09
2.32627477e-06	4.213107e-09
2.32629338e-06	5.641668e-09
2.32631199e-06	4.406708e-09
2.32633060e-06	6.164837e-09
2.32634921e-06	6.180543e-09
2.32636782e-06	7.217965e-09
2.32638643e-06	7.639274e-09
2.32640505e-06	7.496325e-09
2.32642366e-06	7.446791e-09
2.32644227e-06	7.111507e-09
2.32646088e-06	8.061305e-09
2.32647949e-06	8.234281e-09
2.32649810e-06	8.494695e-09
2.32651671e-06	8.598198e-09
2.32653533e-06	9.485191e-09
2.32655394e-06	8.677632e-09
2.32657255e-06	8.829426e-09
2.32659116e-06	8.863204e-09
2.32660978e-06	8.301071e-09
2.32662839e-06	7.114713e-09
2.32664700e-06	7.034162e-09
2.32666562e-06	7.544417e-09
2.32668423e-06	5.977656e-09
2.32670284e-06	7.890746e-09
2.32672146e-06	7.223933e-09
2.32674007e-06	7.396273e-09
2.32675869e-06	8.442837e-09
2.32677730e-06	8.011076e-09
2.32679591e-06	6.400128e-09
2.32681453e-06	3.357145e-09
2.32683314e-06	3.633539e-09
2.32685176e-06	5.603857e-09
2.32687037e-06	7.580885e-09
2.32688899e-06	7.642522e-09
2.32690760e-06	7.585248e-09
2.32692622e-06	8.025037e-09
2.32694483e-06	7.327445e-09
2.32696345e-06	7.609063e-09
2.32698206e-06	8.183565e-09
2.32700068e-06	8.155701e-09
2.32701930e-06	7.424332e-09
2.32703791e-06	8.309858e-09
2.32705653e-06	9.252324e-09
2.32707514e-06	8.309490e-09
2.32709376e-06	7.137662e-09
2.32711238e-06	6.178376e-09
2.32713099e-06	4.863523e-09
2.32714961e-06	6.321547e-09
2.32716823e-06	7.867086e-09
2.32718685e-06	7.244358e-09
2.32720546e-06	8.242053e-09
2.32722408e-06	8.425583e-09
2.32724270e-06	7.605739e-09
2.32726132e-06	9.141903e-09
2.32727993e-06	8.244333e-09
2.32729855e-06	6.210646e-09
2.32731717e-06	7.147044e-09
2.32733579e-06	8.870703e-09
2.32735441e-06	9.356071e-09
2.32737303e-06	8.371706e-09
2.32739165e-06	7.784339e-09
2.32741027e-06	7.078440e-09
2.32742888e-06	4.060756e-09
2.32744750e-06	3.931857e-09
2.32746612e-06	7.023665e-09
2.32748474e-06	8.290368e-09
2.32750336e-06	8.798555e-09
2.32752198e-06	8.431704e-09
2.32754060e-06	8.630995e-09
2.32755922e-06	8.583522e-09
2.32757784e-06	9.223635e-09
2.32759646e-06	7.723105e-09
2.32761509e-06	5.422828e-09
2.32763371e-06	7.926492e-09
2.32765233e-06	9.185609e-09
2.32767095e-06	8.707279e-09
2.32768957e-06	8.392626e-09
2.32770819e-06	8.716850e-09
2.32772681e-06	8.560313e-09
2.32774544e-06	8.911737e-09
2.32776406e-06	9.071827e-09
2.32778268e-06	9.101960e-09
2.32780130e-06	8.877987e-09
2.32781992e-06	8.118706e-09
2.32783855e-06	4.639178e-09
2.32785717e-06	4.028302e-09
2.32787579e-06	6.038954e-09
2.32789442e-06	7.349018e-09
2.32791304e-06	5.413687e-09
2.32793166e-06	5.830504e-09
2.32795028e-06	4.231975e-09
2.32796891e-06	3.982393e-09
2.32798753e-06	7.845344e-09
2.32800616e-06	8.706203e-09
2.32802478e-06	8.942668e-09
2.32804340e-06	8.453181e-09
2.32806203e-06	7.014613e-09
2.32808065e-06	3.737757e-09
2.32809928e-06	4.056882e-09
2.32811790e-06	7.075947e-09
2.32813653e-06	7.297766e-09
2.32815515e-06	7.605434e-09
2.32817378e-06	8.829603e-09
2.32819240e-06	8.181579e-09
2.32821103e-06	7.844804e-09
2.32822965e-06	7.058188e-09
2.32824828e-06	8.073615e-09
2.32826691e-06	8.731589e-09
2.32828553e-06	8.255724e-09
2.32830416e-06	5.989719e-09
2.32832279e-06	6.172624e-09
2.32834141e-06	8.134461e-09
2.32836004e-06	8.594867e-09
2.32837867e-06	8.248833e-09
2.32839729e-06	6.172611e-09
2.32841592e-06	4.325658e-09
2.32843455e-06	7.161419e-09
2.32845317e-06	6.808718e-09
2.32847180e-06	3.171367e-09
2.32849043e-06	3.406016e-09
2.32850906e-06	5.827324e-09
2.32852769e-06	7.150069e-09
2.32854631e-06	7.418915e-09
2.32856494e-06	8.544142e-09
2.32858357e-06	9.221041e-09
2.32860220e-06	8.867270e-09
2.32862083e-06	8.122850e-09
2.32863946e-06	6.288018e-09
2.32865809e-06	6.156799e-09
2.32867672e-06	6.674496e-09
2.32869535e-06	7.221805e-09
2.32871397e-06	4.574084e-09
2.32873260e-06	5.704322e-09
2.32875123e-06	7.304823e-09
2.32876987e-06	3.765464e-09
2.32878849e-06	4.052412e-09
2.32880712e-06	5.890225e-09
2.32882576e-06	6.745303e-09
2.32884439e-06	8.551538e-09
2.32886302e-06	8.801055e-09
2.32888165e-06	7.747199e-09
2.32890028e-06	7.429596e-09
2.32891891e-06	7.240686e-09
2.32893754e-06	6.887398e-09
2.32895617e-06	7.368171e-09
2.32897481e-06	8.250893e-09
2.32899344e-06	7.086416e-09
2.32901207e-06	7.167338e-09
2.32903070e-06	8.538401e-09
2.32904933e-06	8.459595e-09
2.32906797e-06	7.623741e-09
2.32908660e-06	5.037343e-09
2.32910523e-06	6.662286e-09
2.32912386e-06	9.124734e-09
2.32914250e-06	8.987974e-09
2.32916113e-06	8.585949e-09
2.32917976e-06	7.574991e-09
2.32919840e-06	4.312567e-09
2.32921703e-06	4.520933e-09
2.32923566e-06	8.372277e-09
2.32925430e-06	9.075533e-09
2.32927293e-06	8.366801e-09
2.32929157e-06	8.767680e-09
2.32931020e-06	9.464292e-09
2.32932883e-06	9.278791e-09
2.32934747e-06	8.235790e-09
2.32936610e-06	7.291193e-09
2.32938474e-06	6.491409e-09
2.32940337e-06	7.971075e-09
2.32942201e-06	7.132032e-09
2.32944065e-06	8.100151e-09
2.32945928e-06	7.131703e-09
2.32947792e-06	5.442539e-09
2.32949655e-06	4.328342e-09
2.32951519e-06	3.677284e-09
2.32953382e-06	6.953981e-09
2.32955246e-06	7.897411e-09
2.32957110e-06	8.607447e-09
2.32958973e-06	9.057124e-09
2.32960837e-06	9.477538e-09
2.32962701e-06	9.327854e-09
2.32964564e-06	8.463215e-09
2.32966428e-06	9.321337e-09
2.32968292e-06	9.716233e-09
2.32970156e-06	1.006085e-08
2.32972019e-06	9.992946e-09
2.32973883e-06	9.604743e-09
2.32975747e-06	8.803130e-09
2.32977611e-06	8.736512e-09
2.32979475e-06	6.772520e-09
2.32981338e-06	7.071320e-09
2.32983202e-06	9.152741e-09
2.32985066e-06	8.813267e-09
2.32986930e-06	7.735354e-09
2.32988794e-06	8.798575e-09
2.32990658e-06	8.744368e-09
2.32992522e-06	7.805218e-09
2.32994386e-06	7.783002e-09
2.32996250e-06	7.559371e-09
2.32998113e-06	8.329551e-09
2.32999977e-06	8.453253e-09
2.33001842e-06	5.432001e-09
2.33003706e-06	4.638115e-09
2.33005570e-06	8.076329e-09
2.33007434e-06	8.309729e-09
2.33009298e-06	6.728041e-09
2.33011162e-06	6.553796e-09
2.33013026e-06	7.210093e-09
2.33014890e-06	7.382283e-09
2.33016754e-06	4.530835e-09
2.33018618e-06	3.451432e-09
2.33020482e-06	3.979988e-09
2.33022347e-06	6.814193e-09
2.33024211e-06	7.026361e-09
2.33026075e-06	5.716134e-09
2.33027939e-06	3.657637e-09
2.33029803e-06	4.605162e-09
2.33031667e-06	7.884974e-09
2.33033532e-06	8.358156e-09
2.33035396e-06	8.500832e-09
2.33037260e-06	8.104332e-09
2.33039125e-06	5.390707e-09
2.33040989e-06	6.479130e-09
2.33042853e-06	8.459701e-09
2.33044718e-06	6.310399e-09
2.33046582e-06	4.684950e-09
2.33048446e-06	6.796199e-09
2.33050311e-06	7.308748e-09
2.33052175e-06	3.459361e-09
2.33054040e-06	4.084350e-09
2.33055904e-06	7.771664e-09
2.33057768e-06	6.464434e-09
2.33059633e-06	3.305044e-09
2.33061497e-06	5.392051e-09
2.33063362e-06	5.497404e-09
2.33065226e-06	4.951531e-09
2.33067091e-06	4.940748e-09
2.33068955e-06	5.793337e-09
2.33070820e-06	4.743404e-09
2.33072685e-06	6.495824e-09
2.33074549e-06	4.974791e-09
2.33076414e-06	6.723278e-09
2.33078278e-06	7.362393e-09
2.33080143e-06	6.376993e-09
2.33082008e-06	7.740312e-09
2.33083872e-06	8.404025e-09
2.33085737e-06	8.627011e-09
2.33087602e-06	8.101146e-09
2.33089466e-06	7.605389e-09
2.33091331e-06	8.406980e-09
2.33093196e-06	8.039834e-09
2.33095061e-06	7.428259e-09
2.33096925e-06	7.993445e-09
2.33098790e-06	7.007248e-09
2.33100655e-06	7.191314e-09
2.33102520e-06	5.810327e-09
2.33104384e-06	7.211224e-09
2.33106249e-06	8.106963e-09
2.33108114e-06	4.418304e-09
2.33109979e-06	3.664091e-09
2.33111844e-06	6.537646e-09
2.33113709e-06	7.611588e-09
2.33115574e-06	6.561473e-09
2.33117439e-06	6.819150e-09
2.33119304e-06	6.379462e-09
2.33121169e-06	3.337887e-09
2.33123033e-06	5.043668e-09
2.33124898e-06	6.676103e-09
2.33126763e-06	6.745918e-09
2.33128629e-06	8.585028e-09
2.33130493e-06	8.016297e-09
2.33132359e-06	7.751025e-09
2.33134224e-06	8.856635e-09
2.33136089e-06	8.304323e-09
2.33137954e-06	5.899121e-09
2.33139819e-06	7.073637e-09
2.33141684e-06	8.074127e-09
2.33143549e-06	7.783851e-09
2.33145414e-06	7.763013e-09
2.33147280e-06	8.673237e-09
2.33149145e-06	8.322050e-09
2.33151010e-06	8.340892e-09
2.33152875e-06	7.685639e-09
2.33154740e-06	5.793855e-09
2.33156606e-06	7.182265e-09
2.33158471e-06	6.880794e-09
2.33160336e-06	4.692255e-09
2.33162201e-06	6.118420e-09
2.33164067e-06	5.454817e-09
2.33165932e-06	4.851736e-09
2.33167797e-06	8.544040e-09
2.33169663e-06	8.540149e-09
2.33171528e-06	6.664537e-09
2.33173393e-06	5.017806e-09
2.33175259e-06	8.037719e-09
2.33177124e-06	7.433913e-09
2.33178990e-06	6.076815e-09
2.33180855e-06	7.835855e-09
2.33182720e-06	7.986177e-09
2.33184586e-06	8.301024e-09
2.33186451e-06	6.650419e-09
2.33188317e-06	6.802667e-09
2.33190182e-06	5.894199e-09
2.33192048e-06	3.230870e-09
2.33193913e-06	3.593417e-09
2.33195779e-06	3.638011e-09
2.33197644e-06	5.760917e-09
2.33199510e-06	6.639707e-09
2.33201376e-06	7.232095e-09
2.33203241e-06	8.651119e-09
2.33205107e-06	8.889206e-09
2.33206973e-06	8.643869e-09
2.33208838e-06	8.658900e-09
2.33210704e-06	6.968803e-09
2.33212570e-06	8.069561e-09
2.33214435e-06	8.980592e-09
2.33216301e-06	8.434221e-09
2.33218167e-06	8.610858e-09
2.33220033e-06	8.932303e-09
2.33221898e-06	7.021819e-09
2.33223764e-06	6.699584e-09
2.33225630e-06	5.897957e-09
2.33227496e-06	7.665402e-09
2.33229361e-06	9.050738e-09
2.33231227e-06	9.522241e-09
2.33233093e-06	8.977103e-09
2.33234959e-06	9.038156e-09
2.33236825e-06	9.014579e-09
2.33238691e-06	7.561856e-09
2.33240557e-06	7.355363e-09
2.33242423e-06	8.793776e-09
2.33244288e-06	8.826662e-09
2.33246154e-06	7.793350e-09
2.33248020e-06	7.038141e-09
2.33249886e-06	7.667664e-09
2.33251752e-06	8.808998e-09
2.33253618e-06	8.872704e-09
2.33255485e-06	6.274313e-09
2.33257350e-06	5.842697e-09
2.33259217e-06	7.711460e-09
2.33261083e-06	8.033428e-09
2.33262949e-06	9.164955e-09
2.33264815e-06	9.142639e-09
2.33266681e-06	8.609282e-09
2.33268547e-06	9.369751e-09
2.33270413e-06	9.295216e-09
2.33272279e-06	8.289178e-09
2.33274146e-06	7.191913e-09
2.33276012e-06	7.764437e-09
2.33277878e-06	6.626270e-09
2.33279744e-06	7.078562e-09
2.33281610e-06	7.020565e-09
2.33283477e-06	3.746900e-09
2.33285343e-06	3.644261e-09
2.33287209e-06	6.799077e-09
2.33289075e-06	4.379557e-09
2.33290942e-06	3.206635e-09
2.33292808e-06	7.289267e-09
2.33294675e-06	8.335315e-09
2.33296541e-06	8.559620e-09
2.33298407e-06	7.948961e-09
2.33300274e-06	8.202919e-09
2.33302140e-06	9.035841e-09
2.33304006e-06	8.615898e-09
2.33305873e-06	8.430076e-09
2.33307739e-06	8.574616e-09
2.33309606e-06	8.384332e-09
2.33311472e-06	7.562269e-09
2.33313339e-06	7.885230e-09
2.33315205e-06	6.604122e-09
2.33317072e-06	5.855435e-09
2.33318938e-06	8.120349e-09
2.33320805e-06	8.488603e-09
2.33322671e-06	6.479802e-09
2.33324538e-06	5.922543e-09
2.33326405e-06	7.479684e-09
2.33328271e-06	6.186855e-09
2.33330138e-06	8.187097e-09
2.33332004e-06	8.703510e-09
2.33333871e-06	8.616563e-09
2.33335738e-06	7.869659e-09
2.33337604e-06	7.079437e-09
2.33339471e-06	7.637198e-09
2.33341338e-06	7.558824e-09
2.33343205e-06	9.100250e-09
2.33345071e-06	9.226082e-09
2.33346938e-06	9.185972e-09
2.33348805e-06	8.632976e-09
2.33350672e-06	7.398312e-09
2.33352538e-06	6.078800e-09
2.33354405e-06	6.766911e-09
2.33356272e-06	6.030794e-09
2.33358139e-06	4.445076e-09
2.33360006e-06	7.882983e-09
2.33361873e-06	8.627792e-09
2.33363740e-06	7.767182e-09
2.33365607e-06	7.768821e-09
2.33367473e-06	7.821563e-09
2.33369340e-06	5.714640e-09
2.33371207e-06	3.308747e-09
2.33373074e-06	3.429101e-09
2.33374941e-06	6.004427e-09
2.33376808e-06	4.283671e-09
2.33378675e-06	3.631292e-09
2.33380542e-06	6.614852e-09
2.33382410e-06	8.354664e-09
2.33384277e-06	7.946814e-09
2.33386144e-06	8.371693e-09
2.33388011e-06	9.140377e-09
2.33389878e-06	8.695553e-09
2.33391745e-06	8.734632e-09
2.33393612e-06	8.069478e-09
2.33395479e-06	6.702268e-09
2.33397346e-06	8.448961e-09
2.33399213e-06	9.599987e-09
2.33401081e-06	9.248519e-09
2.33402948e-06	8.679921e-09
2.33404815e-06	8.239509e-09
2.33406682e-06	8.776385e-09
2.33408550e-06	9.611740e-09
2.33410417e-06	9.680819e-09
2.33412284e-06	8.414849e-09
2.33414152e-06	5.090375e-09
2.33416019e-06	3.664101e-09
2.33417886e-06	6.263478e-09
2.33419754e-06	5.607739e-09
2.33421621e-06	5.260020e-09
2.33423488e-06	7.264195e-09
2.33425356e-06	8.151429e-09
2.33427223e-06	7.883753e-09
2.33429090e-06	6.415207e-09
2.33430958e-06	4.470023e-09
2.33432825e-06	5.816699e-09
2.33434693e-06	6.507404e-09
2.33436560e-06	7.081656e-09
2.33438428e-06	8.239970e-09
2.33440295e-06	8.820945e-09
2.33442163e-06	7.221731e-09
2.33444030e-06	5.214865e-09
2.33445898e-06	6.598842e-09
2.33447765e-06	7.272349e-09
2.33449633e-06	7.641076e-09
2.33451501e-06	6.613088e-09
2.33453368e-06	7.661857e-09
2.33455236e-06	8.193316e-09
2.33457104e-06	7.046017e-09
2.33458971e-06	8.313652e-09
2.33460839e-06	8.916322e-09
2.33462706e-06	6.744135e-09
2.33464574e-06	6.348590e-09
2.33466442e-06	7.962055e-09
2.33468310e-06	8.981586e-09
2.33470177e-06	8.495072e-09
2.33472045e-06	7.875377e-09
2.33473913e-06	5.494270e-09
2.33475781e-06	3.643791e-09
2.33477648e-06	3.334869e-09
2.33479516e-06	5.491854e-09
2.33481384e-06	6.693415e-09
2.33483252e-06	6.095477e-09
2.33485120e-06	6.029074e-09
2.33486988e-06	5.824635e-09
2.33488856e-06	6.928016e-09
2.33490724e-06	9.078517e-09
2.33492591e-06	9.493346e-09
2.33494460e-06	9.136185e-09
2.33496327e-06	8.563555e-09
2.33498195e-06	6.136427e-09
2.33500063e-06	6.622885e-09
2.33501931e-06	9.052475e-09
2.33503799e-06	9.311762e-09
2.33505667e-06	9.477615e-09
2.33507535e-06	9.243092e-09
2.33509404e-06	7.575271e-09
2.33511272e-06	4.153180e-09
2.33513140e-06	4.353506e-09
2.33515008e-06	7.938371e-09
2.33516876e-06	7.852078e-09
2.33518744e-06	6.155240e-09
2.33520612e-06	6.655346e-09
2.33522480e-06	7.697884e-09
2.33524348e-06	6.535675e-09
2.33526217e-06	6.371595e-09
2.33528085e-06	7.588242e-09
2.33529953e-06	7.891543e-09
2.33531821e-06	7.422536e-09
2.33533690e-06	7.052218e-09
2.33535558e-06	7.329965e-09
2.33537426e-06	5.580799e-09
2.33539294e-06	5.239222e-09
2.33541163e-06	7.741238e-09
2.33543031e-06	8.006006e-09
2.33544900e-06	7.970329e-09
2.33546768e-06	7.233868e-09
2.33548636e-06	7.023100e-09
2.33550505e-06	7.193346e-09
2.33552373e-06	5.486122e-09
2.33554242e-06	3.327742e-09
2.33556110e-06	4.281046e-09
2.33557978e-06	7.369918e-09
2.33559847e-06	7.870724e-09
2.33561715e-06	7.624198e-09
2.33563584e-06	7.369367e-09
2.33565452e-06	5.888598e-09
2.33567321e-06	3.850059e-09
2.33569189e-06	6.321728e-09
2.33571058e-06	6.297020e-09
2.33572927e-06	6.272621e-09
2.33574795e-06	6.405908e-09
2.33576664e-06	3.639043e-09
2.33578532e-06	3.635139e-09
2.33580401e-06	6.253435e-09
2.33582269e-06	7.612801e-09
2.33584138e-06	8.457920e-09
2.33586007e-06	8.854043e-09
2.33587876e-06	8.331554e-09
2.33589744e-06	6.858141e-09
2.33591613e-06	7.154430e-09
2.33593482e-06	8.736428e-09
2.33595350e-06	8.445909e-09
2.33597219e-06	6.634777e-09
2.33599088e-06	7.276968e-09
2.33600957e-06	8.073271e-09
2.33602826e-06	8.150939e-09
2.33604694e-06	8.473728e-09
2.33606563e-06	9.059655e-09
2.33608432e-06	9.551797e-09
2.33610301e-06	9.676991e-09
2.33612170e-06	9.751149e-09
2.33614039e-06	9.304784e-09
2.33615908e-06	8.745017e-09
2.33617777e-06	8.871312e-09
2.33619646e-06	8.040173e-09
2.33621514e-06	8.109220e-09
2.33623383e-06	9.037172e-09
2.33625253e-06	8.280729e-09
2.33627121e-06	8.072088e-09
2.33628990e-06	7.845577e-09
2.33630860e-06	8.284707e-09
2.33632729e-06	6.624384e-09
2.33634598e-06	4.621826e-09
2.33636467e-06	5.339858e-09
2.33638336e-06	8.159400e-09
2.33640205e-06	7.532496e-09
2.33642074e-06	7.497256e-09
2.33643943e-06	8.737340e-09
2.33645812e-06	7.538978e-09
2.33647681e-06	8.669328e-09
2.33649551e-06	8.710629e-09
2.33651420e-06	8.607413e-09
2.33653289e-06	9.496428e-09
2.33655158e-06	8.839525e-09
2.33657028e-06	7.844092e-09
2.33658897e-06	8.836554e-09
2.33660766e-06	8.269248e-09
2.33662635e-06	8.006901e-09
2.33664505e-06	8.308553e-09
2.33666374e-06	8.671641e-09
2.33668243e-06	8.148065e-09
2.33670113e-06	5.186051e-09
2.33671982e-06	4.423382e-09
2.33673851e-06	6.032324e-09
2.33675721e-06	6.202507e-09
2.33677590e-06	7.829814e-09
2.33679460e-06	8.197534e-09
2.33681329e-06	6.808538e-09
2.33683198e-06	3.612425e-09
2.33685068e-06	3.932750e-09
2.33686937e-06	6.449711e-09
2.33688807e-06	6.749526e-09
2.33690676e-06	6.706982e-09
2.33692546e-06	7.011052e-09
2.33694415e-06	7.021413e-09
2.33696285e-06	7.300843e-09
2.33698155e-06	4.702130e-09
2.33700024e-06	5.421510e-09
2.33701894e-06	7.085455e-09
2.33703763e-06	7.803208e-09
2.33705633e-06	7.618713e-09
2.33707503e-06	8.276291e-09
2.33709372e-06	8.495243e-09
2.33711242e-06	8.331461e-09
2.33713112e-06	8.551349e-09
2.33714981e-06	7.782562e-09
2.33716851e-06	8.306523e-09
2.33718721e-06	9.340600e-09
2.33720591e-06	7.929296e-09
2.33722460e-06	7.103336e-09
2.33724330e-06	7.896712e-09
2.33726200e-06	7.778139e-09
2.33728070e-06	5.948570e-09
2.33729940e-06	6.038539e-09
2.33731809e-06	8.228522e-09
2.33733679e-06	8.648671e-09
2.33735549e-06	8.590438e-09
2.33737419e-06	8.140666e-09
2.33739289e-06	5.558643e-09
2.33741159e-06	3.282540e-09
2.33743029e-06	4.492781e-09
2.33744899e-06	7.458806e-09
2.33746769e-06	8.002945e-09
2.33748639e-06	7.046188e-09
2.33750509e-06	7.467526e-09
2.33752379e-06	8.065729e-09
2.33754249e-06	8.286258e-09
2.33756119e-06	8.555177e-09
2.33757989e-06	9.469183e-09
2.33759859e-06	9.489094e-09
2.33761729e-06	8.690906e-09
2.33763599e-06	7.197520e-09
2.33765469e-06	8.456328e-09
2.33767339e-06	8.315419e-09
2.33769209e-06	8.215247e-09
2.33771079e-06	7.745372e-09
2.33772950e-06	6.261398e-09
2.33774820e-06	4.050446e-09
2.33776690e-06	6.511789e-09
2.33778560e-06	8.466856e-09
2.33780431e-06	8.602501e-09
2.33782301e-06	8.691542e-09
2.33784171e-06	8.049504e-09
2.33786041e-06	8.187806e-09
2.33787912e-06	8.660222e-09
2.33789782e-06	8.029230e-09
2.33791652e-06	5.965965e-09
2.33793523e-06	3.606780e-09
2.33795393e-06	4.044068e-09
2.33797263e-06	6.448174e-09
2.33799134e-06	7.812944e-09
2.33801004e-06	8.363959e-09
2.33802874e-06	7.558939e-09
2.33804745e-06	6.539351e-09
2.33806615e-06	7.936680e-09
2.33808486e-06	7.866359e-09
2.33810356e-06	8.487002e-09
2.33812227e-06	7.634669e-09
2.33814097e-06	8.180058e-09
2.33815968e-06	8.345847e-09
2.33817838e-06	7.350112e-09
2.33819709e-06	6.387232e-09
2.33821579e-06	7.253664e-09
2.33823450e-06	5.016656e-09
2.33825321e-06	7.638522e-09
2.33827191e-06	7.863939e-09
2.33829062e-06	7.762536e-09
2.33830932e-06	7.588465e-09
2.33832803e-06	5.399533e-09
2.33834674e-06	5.478995e-09
2.33836544e-06	8.340832e-09
2.33838415e-06	7.993095e-09
2.33840286e-06	8.714000e-09
2.33842156e-06	8.538841e-09
2.33844027e-06	7.295581e-09
2.33845898e-06	5.381686e-09
2.33847769e-06	6.856836e-09
2.33849639e-06	7.648837e-09
2.33851510e-06	7.415274e-09
2.33853381e-06	6.415091e-09
2.33855252e-06	6.886367e-09
2.33857123e-06	6.902653e-09
2.33858994e-06	6.232970e-09
2.33860864e-06	6.818879e-09
2.33862735e-06	8.158510e-09
2.33864606e-06	8.043889e-09
2.33866477e-06	7.811063e-09
2.33868348e-06	6.627640e-09
2.33870219e-06	6.599458e-09
2.33872090e-06	4.660808e-09
2.33873961e-06	3.954047e-09
2.33875832e-06	6.228483e-09
2.33877703e-06	6.838692e-09
2.33879574e-06	8.327298e-09
2.33881445e-06	8.669861e-09
2.33883316e-06	9.164247e-09
2.33885187e-06	9.344280e-09
2.33887058e-06	8.061864e-09
2.33888929e-06	8.102749e-09
2.33890800e-06	7.912171e-09
2.33892672e-06	7.464709e-09
2.33894543e-06	5.360492e-09
2.33896414e-06	4.986542e-09
2.33898285e-06	7.793923e-09
2.33900156e-06	8.046821e-09
2.33902027e-06	7.730033e-09
2.33903899e-06	7.681062e-09
2.33905770e-06	6.363488e-09
2.33907641e-06	3.598362e-09
2.33909512e-06	3.794860e-09
2.33911384e-06	6.839868e-09
2.33913255e-06	7.990771e-09
2.33915126e-06	7.691620e-09
2.33916998e-06	7.623484e-09
2.33918869e-06	6.184079e-09
2.33920740e-06	6.715906e-09
2.33922612e-06	7.219255e-09
2.33924483e-06	8.193820e-09
2.33926354e-06	8.780957e-09
2.33928226e-06	7.483546e-09
2.33930097e-06	5.085670e-09
2.33931969e-06	3.203482e-09
2.33933840e-06	4.015284e-09
2.33935712e-06	7.716429e-09
2.33937583e-06	8.505875e-09
2.33939455e-06	8.492214e-09
2.33941326e-06	8.652742e-09
2.33943198e-06	8.672345e-09
2.33945069e-06	7.678311e-09
2.33946941e-06	5.194532e-09
2.33948812e-06	6.221735e-09
2.33950684e-06	8.391269e-09
2.33952556e-06	8.882894e-09
2.33954427e-06	8.914018e-09
2.33956299e-06	8.250063e-09
2.33958171e-06	7.888651e-09
2.33960042e-06	5.487170e-09
2.33961914e-06	4.793533e-09
2.33963785e-06	7.261032e-09
2.33965657e-06	6.167673e-09
2.33967529e-06	5.542403e-09
2.33969401e-06	8.704521e-09
2.33971272e-06	8.622348e-09
2.33973144e-06	7.562090e-09
2.33975016e-06	6.241349e-09
2.33976888e-06	7.751372e-09
2.33978760e-06	8.121791e-09
2.33980631e-06	8.184256e-09
2.33982503e-06	9.069679e-09
2.33984375e-06	8.473910e-09
2.33986247e-06	5.490471e-09
2.33988119e-06	3.051235e-09
2.33989991e-06	3.350243e-09
2.33991863e-06	6.838315e-09
2.33993735e-06	8.727859e-09
2.33995607e-06	7.734332e-09
2.33997479e-06	8.814715e-09
2.33999351e-06	9.088127e-09
2.34001223e-06	7.613580e-09
2.34003095e-06	5.306258e-09
2.34004967e-06	5.762425e-09
2.34006839e-06	5.608077e-09
2.34008711e-06	6.605891e-09
2.34010583e-06	8.157981e-09
2.34012455e-06	6.228649e-09
2.34014327e-06	7.457052e-09
2.34016199e-06	7.059393e-09
2.34018071e-06	6.835064e-09
2.34019943e-06	7.578854e-09
2.34021815e-06	8.363675e-09
2.34023688e-06	7.474968e-09
2.34025560e-06	3.620658e-09
2.34027432e-06	3.577823e-09
2.34029304e-06	4.747096e-09
2.34031177e-06	7.213860e-09
2.34033049e-06	7.962797e-09
2.34034921e-06	5.992946e-09
2.34036793e-06	4.729175e-09
2.34038666e-06	4.673167e-09
2.34040538e-06	4.482835e-09
2.34042410e-06	4.836028e-09
2.34044283e-06	4.517107e-09
2.34046155e-06	7.269058e-09
2.34048027e-06	8.748093e-09
2.34049900e-06	8.415768e-09
2.34051772e-06	4.871701e-09
2.34053644e-06	5.469007e-09
2.34055517e-06	7.225056e-09
2.34057389e-06	5.903740e-09
2.34059262e-06	7.048709e-09
2.34061134e-06	5.856388e-09
2.34063007e-06	5.118689e-09
2.34064879e-06	7.486997e-09
2.34066752e-06	6.452892e-09
2.34068624e-06	7.580867e-09
2.34070497e-06	9.384201e-09
2.34072369e-06	9.215381e-09
2.34074242e-06	9.035887e-09
2.34076115e-06	9.315915e-09
2.34077987e-06	8.410682e-09
2.34079860e-06	9.024136e-09
2.34081733e-06	8.451117e-09
2.34083605e-06	7.662935e-09
2.34085478e-06	8.513029e-09
2.34087350e-06	8.196899e-09
2.34089223e-06	8.104186e-09
2.34091096e-06	8.538864e-09
2.34092969e-06	8.374963e-09
2.34094841e-06	9.357225e-09
2.34096714e-06	8.778169e-09
2.34098587e-06	8.301638e-09
2.34100460e-06	8.397595e-09
2.34102333e-06	8.439715e-09
2.34104205e-06	7.819338e-09
2.34106078e-06	4.709086e-09
2.34107951e-06	3.154906e-09
2.34109824e-06	5.355757e-09
2.34111697e-06	7.126249e-09
2.34113570e-06	5.560149e-09
2.34115443e-06	3.111999e-09
2.34117315e-06	6.469795e-09
2.34119188e-06	8.144929e-09
2.34121061e-06	8.459344e-09
2.34122934e-06	8.115703e-09
2.34124807e-06	7.339651e-09
2.34126680e-06	3.220281e-09
2.34128553e-06	3.296541e-09
2.34130426e-06	8.020232e-09
2.34132299e-06	8.536180e-09
2.34134172e-06	6.586278e-09
2.34136045e-06	3.927402e-09
2.34137919e-06	7.429730e-09
2.34139792e-06	8.401611e-09
2.34141665e-06	7.705415e-09
2.34143538e-06	7.365860e-09
2.34145411e-06	5.969716e-09
2.34147284e-06	5.123219e-09
2.34149158e-06	3.616022e-09
2.34151031e-06	4.960053e-09
2.34152904e-06	7.236166e-09
2.34154777e-06	6.426808e-09
2.34156650e-06	7.003074e-09
2.34158524e-06	7.596266e-09
2.34160397e-06	8.890540e-09
2.34162270e-06	9.030588e-09
2.34164143e-06	9.071407e-09
2.34166017e-06	8.850158e-09
2.34167890e-06	7.404758e-09
2.34169763e-06	4.297153e-09
2.34171637e-06	4.327575e-09
2.34173510e-06	6.758168e-09
2.34175384e-06	7.722806e-09
2.34177257e-06	8.996443e-09
2.34179130e-06	8.431905e-09
2.34181004e-06	8.931175e-09
2.34182877e-06	8.894529e-09
2.34184751e-06	7.406310e-09
2.34186624e-06	5.499987e-09
2.34188498e-06	4.532998e-09
2.34190371e-06	7.444501e-09
2.34192245e-06	7.123267e-09
2.34194118e-06	5.918606e-09
2.34195992e-06	6.593458e-09
2.34197865e-06	7.498808e-09
2.34199739e-06	8.143625e-09
2.34201613e-06	8.028852e-09
2.34203486e-06	4.692378e-09
2.34205360e-06	2.916662e-09
2.34207233e-06	5.726721e-09
2.34209107e-06	7.079892e-09
2.34210981e-06	8.572640e-09
2.34212855e-06	9.081404e-09
2.34214728e-06	8.362991e-09
2.34216602e-06	6.858208e-09
2.34218476e-06	7.211760e-09
2.34220349e-06	8.693657e-09
2.34222223e-06	9.333653e-09
2.34224097e-06	9.419788e-09
2.34225971e-06	9.525775e-09
2.34227844e-06	9.856400e-09
2.34229718e-06	1.014274e-08
2.34231592e-06	9.550052e-09
2.34233466e-06	8.958866e-09
2.34235340e-06	9.473148e-09
2.34237214e-06	8.536962e-09
2.34239088e-06	8.099578e-09
2.34240962e-06	8.337941e-09
2.34242835e-06	8.290596e-09
2.34244709e-06	6.178341e-09
2.34246583e-06	7.416836e-09
2.34248457e-06	8.806648e-09
2.34250331e-06	9.212340e-09
2.34252205e-06	9.393858e-09
2.34254079e-06	7.703074e-09
2.34255953e-06	6.211104e-09
2.34257827e-06	6.771910e-09
2.34259702e-06	6.638952e-09
2.34261576e-06	7.613536e-09
2.34263450e-06	8.879102e-09
2.34265324e-06	9.120084e-09
2.34267198e-06	8.294337e-09
2.34269072e-06	7.282801e-09
2.34270946e-06	8.461911e-09
2.34272820e-06	7.463517e-09
2.34274695e-06	3.510392e-09
2.34276569e-06	3.567988e-09
2.34278443e-06	6.124298e-09
2.34280317e-06	7.942845e-09
2.34282191e-06	8.343985e-09
2.34284066e-06	6.816963e-09
2.34285940e-06	6.571124e-09
2.34287814e-06	7.054179e-09
2.34289689e-06	7.610684e-09
2.34291563e-06	8.420668e-09
2.34293437e-06	8.892030e-09
2.34295312e-06	8.930010e-09
2.34297186e-06	8.319257e-09
2.34299060e-06	7.369197e-09
2.34300935e-06	8.363885e-09
2.34302809e-06	9.131117e-09
2.34304684e-06	8.357517e-09
2.34306558e-06	7.182565e-09
2.34308432e-06	8.442769e-09
2.34310307e-06	9.122640e-09
2.34312181e-06	8.875496e-09
2.34314056e-06	8.795421e-09
2.34315930e-06	6.899469e-09
2.34317805e-06	7.851142e-09
2.34319679e-06	8.743071e-09
2.34321554e-06	7.587740e-09
2.34323429e-06	5.347595e-09
2.34325303e-06	5.348010e-09
2.34327178e-06	3.059181e-09
2.34329052e-06	6.367434e-09
2.34330927e-06	7.366136e-09
2.34332802e-06	8.731249e-09
2.34334676e-06	9.503694e-09
2.34336551e-06	9.188598e-09
2.34338426e-06	7.729059e-09
2.34340300e-06	8.404559e-09
2.34342175e-06	7.650336e-09
2.34344050e-06	7.431435e-09
2.34345925e-06	7.467874e-09
2.34347799e-06	5.216568e-09
2.34349674e-06	4.369167e-09
2.34351549e-06	7.278809e-09
2.34353424e-06	8.242931e-09
2.34355299e-06	7.999997e-09
2.34357173e-06	8.115399e-09
2.34359048e-06	7.012273e-09
2.34360923e-06	4.399179e-09
2.34362798e-06	3.999143e-09
2.34364673e-06	7.213801e-09
2.34366548e-06	5.864061e-09
2.34368423e-06	3.378859e-09
2.34370298e-06	4.488776e-09
2.34372173e-06	6.350894e-09
2.34374048e-06	8.623118e-09
2.34375923e-06	8.045009e-09
2.34377798e-06	8.234715e-09
2.34379673e-06	8.620271e-09
2.34381548e-06	5.753668e-09
2.34383423e-06	4.331368e-09
2.34385298e-06	6.521767e-09
2.34387173e-06	7.230794e-09
2.34389048e-06	8.621833e-09
2.34390923e-06	7.942266e-09
2.34392798e-06	7.787623e-09
2.34394673e-06	9.074182e-09
2.34396549e-06	8.691711e-09
2.34398424e-06	7.061838e-09
2.34400299e-06	8.021961e-09
2.34402174e-06	7.040445e-09
2.34404049e-06	6.033720e-09
2.34405925e-06	3.523720e-09
2.34407800e-06	3.632305e-09
2.34409675e-06	6.917265e-09
2.34411550e-06	7.744641e-09
2.34413426e-06	7.323542e-09
2.34415301e-06	8.057210e-09
2.34417176e-06	8.801732e-09
2.34419052e-06	8.769657e-09
2.34420927e-06	8.353665e-09
2.34422802e-06	8.505522e-09
2.34424678e-06	8.709331e-09
2.34426553e-06	9.008210e-09
2.34428429e-06	7.559301e-09
2.34430304e-06	7.435905e-09
2.34432179e-06	6.452256e-09
2.34434055e-06	7.275265e-09
2.34435930e-06	8.405252e-09
2.34437806e-06	8.093515e-09
2.34439681e-06	7.534529e-09
2.34441557e-06	7.446601e-09
2.34443432e-06	7.299759e-09
2.34445308e-06	4.182352e-09
2.34447183e-06	4.642598e-09
2.34449059e-06	6.662869e-09
2.34450935e-06	5.492826e-09
2.34452810e-06	6.614801e-09
2.34454686e-06	7.613711e-09
2.34456562e-06	6.952283e-09
2.34458437e-06	7.042538e-09
2.34460313e-06	8.340744e-09
2.34462189e-06	8.874317e-09
2.34464064e-06	8.223034e-09
2.34465940e-06	7.784460e-09
2.34467816e-06	6.545764e-09
2.34469691e-06	3.028520e-09
2.34471567e-06	2.993160e-09
2.34473443e-06	6.621416e-09
2.34475319e-06	7.139458e-09
2.34477195e-06	5.570903e-09
2.34479070e-06	3.282643e-09
2.34480946e-06	4.205489e-09
2.34482822e-06	5.981272e-09
2.34484698e-06	8.316228e-09
2.34486574e-06	8.092412e-09
2.34488450e-06	5.915826e-09
2.34490326e-06	6.248276e-09
2.34492202e-06	6.747739e-09
2.34494077e-06	7.302635e-09
2.34495953e-06	5.090839e-09
2.34497829e-06	6.951494e-09
2.34499705e-06	7.938999e-09
2.34501581e-06	6.412605e-09
2.34503457e-06	2.959419e-09
2.34505333e-06	3.458415e-09
2.34507209e-06	6.488759e-09
2.34509086e-06	5.772651e-09
2.34510962e-06	7.759964e-09
2.34512838e-06	8.952313e-09
2.34514714e-06	9.228431e-09
2.34516590e-06	8.589336e-09
2.34518466e-06	7.996819e-09
2.34520342e-06	7.917119e-09
2.34522218e-06	6.010776e-09
2.34524094e-06	4.490412e-09
2.34525971e-06	6.647368e-09
2.34527847e-06	6.775383e-09
2.34529723e-06	3.417336e-09
2.34531599e-06	4.125928e-09
2.34533476e-06	7.225058e-09
2.34535352e-06	7.598119e-09
2.34537228e-06	5.913560e-09
2.34539104e-06	6.050050e-09
2.34540981e-06	3.558689e-09
2.34542857e-06	3.648766e-09
2.34544733e-06	4.282292e-09
2.34546610e-06	5.575499e-09
2.34548486e-06	4.028439e-09
2.34550363e-06	5.171870e-09
2.34552239e-06	8.257468e-09
2.34554115e-06	8.419365e-09
2.34555992e-06	7.227131e-09
2.34557868e-06	8.264462e-09
2.34559745e-06	8.767600e-09
2.34561621e-06	5.432357e-09
2.34563498e-06	5.752793e-09
2.34565374e-06	8.161929e-09
2.34567251e-06	9.295943e-09
2.34569127e-06	8.686016e-09
2.34571004e-06	8.186732e-09
2.34572880e-06	9.105498e-09
2.34574757e-06	7.795037e-09
2.34576634e-06	7.751541e-09
2.34578510e-06	9.645686e-09
2.34580387e-06	9.939328e-09
2.34582263e-06	9.165234e-09
2.34584140e-06	7.210546e-09
2.34586017e-06	7.557034e-09
2.34587894e-06	9.411423e-09
2.34589770e-06	9.216917e-09
2.34591647e-06	9.337310e-09
2.34593524e-06	9.241639e-09
2.34595400e-06	8.804809e-09
2.34597277e-06	7.422806e-09
2.34599154e-06	6.636389e-09
2.34601031e-06	9.211254e-09
2.34602908e-06	9.873052e-09
2.34604784e-06	8.118029e-09
2.34606661e-06	7.249418e-09
2.34608538e-06	8.337228e-09
2.34610415e-06	7.792682e-09
2.34612292e-06	7.778592e-09
2.34614169e-06	8.744962e-09
2.34616046e-06	8.087443e-09
2.34617923e-06	6.608095e-09
2.34619800e-06	8.514622e-09
2.34621676e-06	9.298600e-09
2.34623553e-06	8.926462e-09
2.34625430e-06	8.624750e-09
2.34627307e-06	8.929192e-09
2.34629184e-06	9.170265e-09
2.34631061e-06	7.694985e-09
2.34632938e-06	7.542089e-09
2.34634816e-06	7.622745e-09
2.34636693e-06	7.876840e-09
2.34638570e-06	8.359000e-09
2.34640447e-06	7.925264e-09
2.34642324e-06	7.346152e-09
2.34644201e-06	3.893088e-09
2.34646078e-06	2.924900e-09
2.34647955e-06	5.968451e-09
2.34649833e-06	7.811162e-09
2.34651710e-06	8.469529e-09
2.34653587e-06	7.905766e-09
2.34655464e-06	8.794753e-09
2.34657341e-06	9.274039e-09
2.34659219e-06	8.668630e-09
2.34661096e-06	8.085234e-09
2.34662973e-06	8.174149e-09
2.34664851e-06	7.383966e-09
2.34666728e-06	7.601480e-09
2.34668605e-06	8.987075e-09
2.34670483e-06	9.398243e-09
2.34672360e-06	8.925118e-09
2.34674237e-06	8.809385e-09
2.34676115e-06	8.071340e-09
2.34677992e-06	6.669529e-09
2.34679870e-06	3.554343e-09
2.34681747e-06	3.578684e-09
2.34683625e-06	7.209591e-09
2.34685502e-06	8.055245e-09
2.34687379e-06	7.756341e-09
2.34689257e-06	4.922274e-09
2.34691134e-06	3.852214e-09
2.34693012e-06	5.118351e-09
2.34694889e-06	6.855808e-09
2.34696767e-06	7.839013e-09
2.34698645e-06	8.781376e-09
2.34700522e-06	8.383961e-09
2.34702400e-06	8.233488e-09
2.34704277e-06	8.883329e-09
2.34706155e-06	8.768518e-09
2.34708033e-06	9.228068e-09
2.34709910e-06	9.679059e-09
2.34711788e-06	9.311376e-09
2.34713666e-06	8.818257e-09
2.34715543e-06	7.036335e-09
2.34717421e-06	6.291659e-09
2.34719299e-06	5.284145e-09
2.34721177e-06	7.437480e-09
2.34723054e-06	7.387504e-09
2.34724932e-06	7.379414e-09
2.34726810e-06	7.938392e-09
2.34728688e-06	7.301142e-09
2.34730566e-06	7.376969e-09
2.34732444e-06	5.261399e-09
2.34734321e-06	8.058206e-09
2.34736199e-06	8.774743e-09
2.34738077e-06	8.727826e-09
2.34739955e-06	7.219075e-09
2.34741833e-06	5.093919e-09
2.34743711e-06	6.087750e-09
2.34745589e-06	8.399078e-09
2.34747467e-06	8.597471e-09
2.34749345e-06	6.665379e-09
2.34751223e-06	3.993144e-09
2.34753101e-06	5.758049e-09
2.34754979e-06	4.861047e-09
2.34756857e-06	5.535757e-09
2.34758735e-06	7.234957e-09
2.34760613e-06	8.577435e-09
2.34762491e-06	8.798020e-09
2.34764369e-06	7.531421e-09
2.34766247e-06	5.394555e-09
2.34768125e-06	6.202861e-09
2.34770004e-06	6.619096e-09
2.34771882e-06	6.199579e-09
2.34773760e-06	5.919905e-09
2.34775638e-06	7.083873e-09
2.34777516e-06	6.543184e-09
2.34779395e-06	7.411948e-09
2.34781273e-06	7.708844e-09
2.34783151e-06	7.915447e-09
2.34785029e-06	9.369515e-09
2.34786908e-06	8.811139e-09
2.34788786e-06	8.513375e-09
2.34790664e-06	9.374634e-09
2.34792542e-06	9.502093e-09
2.34794421e-06	9.041533e-09
2.34796299e-06	8.608068e-09
2.34798178e-06	9.031667e-09
2.34800056e-06	9.177408e-09
2.34801934e-06	8.277924e-09
2.34803813e-06	8.951726e-09
2.34805691e-06	8.907421e-09
2.34807570e-06	8.553541e-09
2.34809448e-06	8.090387e-09
2.34811327e-06	7.365536e-09
2.34813205e-06	6.537850e-09
2.34815084e-06	6.554618e-09
2.34816962e-06	8.304471e-09
2.34818841e-06	8.446932e-09
2.34820719e-06	7.663608e-09
2.34822598e-06	3.955876e-09
2.34824476e-06	3.538548e-09
2.34826355e-06	6.103425e-09
2.34828234e-06	7.744916e-09
2.34830112e-06	8.506680e-09
2.34831991e-06	9.054934e-09
2.34833869e-06	8.258382e-09
2.34835748e-06	8.383702e-09
2.34837627e-06	8.139037e-09
2.34839506e-06	8.749339e-09
2.34841384e-06	7.920722e-09
2.34843263e-06	7.743870e-09
2.34845142e-06	7.830647e-09
2.34847021e-06	8.849623e-09
2.34848899e-06	8.628631e-09
2.34850778e-06	8.561506e-09
2.34852657e-06	7.038781e-09
2.34854536e-06	6.871072e-09
2.34856415e-06	7.805445e-09
2.34858293e-06	8.269772e-09
2.34860172e-06	8.208284e-09
2.34862051e-06	9.391516e-09
2.34863930e-06	9.242996e-09
2.34865809e-06	8.220321e-09
2.34867688e-06	5.520313e-09
2.34869567e-06	6.002128e-09
2.34871446e-06	7.502388e-09
2.34873325e-06	7.342774e-09
2.34875204e-06	9.093633e-09
2.34877083e-06	9.461106e-09
2.34878962e-06	8.236200e-09
2.34880841e-06	7.336894e-09
2.34882720e-06	6.813698e-09
2.34884599e-06	6.855633e-09
2.34886478e-06	8.436203e-09
2.34888357e-06	8.348038e-09
2.34890236e-06	8.723502e-09
2.34892115e-06	9.446485e-09
2.34893994e-06	9.530683e-09
2.34895873e-06	7.215726e-09
2.34897753e-06	7.882630e-09
2.34899632e-06	7.010894e-09
2.34901511e-06	6.311829e-09
2.34903390e-06	8.596827e-09
2.34905269e-06	8.620620e-09
2.34907149e-06	8.658184e-09
2.34909028e-06	8.116886e-09
2.34910907e-06	7.733507e-09
2.34912787e-06	8.492811e-09
2.34914666e-06	8.212739e-09
2.34916545e-06	7.302695e-09
2.34918425e-06	7.877622e-09
2.34920304e-06	6.971579e-09
2.34922183e-06	7.472648e-09
2.34924063e-06	7.046215e-09
2.34925942e-06	8.486308e-09
2.34927821e-06	9.103204e-09
2.34929701e-06	6.603655e-09
2.34931580e-06	7.104850e-09
2.34933460e-06	7.239038e-09
2.34935339e-06	5.937472e-09
2.34937219e-06	4.658236e-09
2.34939098e-06	6.589357e-09
2.34940978e-06	7.352760e-09
2.34942857e-06	4.779234e-09
2.34944737e-06	7.469425e-09
2.34946616e-06	7.809264e-09
2.34948496e-06	6.597631e-09
2.34950375e-06	3.057644e-09
2.34952255e-06	6.052731e-09
2.34954135e-06	8.417994e-09
2.34956014e-06	8.823488e-09
2.34957894e-06	7.910427e-09
2.34959774e-06	8.930112e-09
2.34961653e-06	7.020327e-09
2.34963533e-06	6.077205e-09
2.34965413e-06	7.291054e-09
2.34967292e-06	5.830374e-09
2.34969172e-06	5.788719e-09
2.34971052e-06	3.551801e-09
2.34972932e-06	4.087856e-09
2.34974812e-06	6.584677e-09
2.34976691e-06	4.285630e-09
2.34978571e-06	6.377486e-09
2.34980451e-06	6.917672e-09
2.34982331e-06	5.861183e-09
2.34984211e-06	3.293583e-09
2.34986090e-06	5.472422e-09
2.34987970e-06	6.368914e-09
2.34989850e-06	6.988776e-09
2.34991730e-06	8.871599e-09
2.34993610e-06	8.528533e-09
2.34995490e-06	8.893805e-09
2.34997370e-06	7.503227e-09
