2.30001633e-06	8.889218e-09
2.30003473e-06	8.242779e-09
2.30005313e-06	8.899852e-09
2.30007153e-06	8.663539e-09
2.30008993e-06	8.400939e-09
2.30010833e-06	9.027817e-09
2.30012673e-06	9.194946e-09
2.30014513e-06	9.284970e-09
2.30016353e-06	9.194302e-09
2.30018194e-06	9.256052e-09
2.30020034e-06	9.311956e-09
2.30021874e-06	9.454352e-09
2.30023714e-06	9.221949e-09
2.30025554e-06	9.019441e-09
2.30027395e-06	9.106693e-09
2.30029235e-06	8.940369e-09
2.30031075e-06	9.029054e-09
2.30032915e-06	9.070881e-09
2.30034756e-06	9.192448e-09
2.30036596e-06	8.897815e-09
2.30038436e-06	8.801798e-09
2.30040276e-06	8.953131e-09
2.30042117e-06	8.844431e-09
2.30043957e-06	8.914708e-09
2.30045797e-06	8.848969e-09
2.30047638e-06	8.587526e-09
2.30049478e-06	8.661973e-09
2.30051319e-06	8.064991e-09
2.30053159e-06	8.593157e-09
2.30054999e-06	9.552269e-09
2.30056840e-06	7.964627e-09
2.30058680e-06	8.249472e-09
2.30060521e-06	8.146593e-09
2.30062361e-06	8.219949e-09
2.30064202e-06	8.580227e-09
2.30066042e-06	8.625020e-09
2.30067883e-06	8.743738e-09
2.30069723e-06	8.694259e-09
2.30071564e-06	8.364454e-09
2.30073404e-06	8.109246e-09
2.30075245e-06	8.013691e-09
2.30077086e-06	8.545959e-09
2.30078926e-06	8.735086e-09
2.30080767e-06	8.955060e-09
2.30082608e-06	8.977588e-09
2.30084448e-06	9.071708e-09
2.30086289e-06	9.079582e-09
2.30088129e-06	9.050721e-09
2.30089970e-06	9.039826e-09
2.30091811e-06	8.982659e-09
2.30093652e-06	8.995172e-09
2.30095492e-06	9.064832e-09
2.30097333e-06	8.660066e-09
2.30099174e-06	8.415602e-09
2.30101015e-06	8.419451e-09
2.30102856e-06	8.642788e-09
2.30104696e-06	8.847414e-09
2.30106537e-06	8.768022e-09
2.30108378e-06	8.200755e-09
2.30110219e-06	8.076209e-09
2.30112060e-06	8.488572e-09
2.30113901e-06	8.846490e-09
2.30115742e-06	8.972196e-09
2.30117583e-06	8.968448e-09
2.30119423e-06	8.666269e-09
2.30121265e-06	8.461973e-09
2.30123105e-06	8.654615e-09
2.30124946e-06	8.585483e-09
2.30126787e-06	8.431668e-09
2.30128628e-06	8.586443e-09
2.30130469e-06	9.047332e-09
2.30132310e-06	9.471910e-09
2.30134152e-06	8.172600e-09
2.30135993e-06	8.276111e-09
2.30137834e-06	8.348934e-09
2.30139675e-06	8.115412e-09
2.30141516e-06	8.101893e-09
2.30143357e-06	8.623126e-09
2.30145198e-06	8.763290e-09
2.30147039e-06	8.493440e-09
2.30148881e-06	7.968658e-09
2.30150722e-06	7.993079e-09
2.30152563e-06	8.469273e-09
2.30154404e-06	8.892133e-09
2.30156245e-06	8.998048e-09
2.30158087e-06	9.047658e-09
2.30159928e-06	9.229059e-09
2.30161769e-06	9.174606e-09
2.30163611e-06	8.824418e-09
2.30165452e-06	8.693745e-09
2.30167293e-06	8.692915e-09
2.30169135e-06	8.930706e-09
2.30170976e-06	9.123573e-09
2.30172817e-06	9.314585e-09
2.30174659e-06	9.215674e-09
2.30176500e-06	8.805585e-09
2.30178341e-06	9.128081e-09
2.30180183e-06	9.026617e-09
2.30182024e-06	8.797597e-09
2.30183866e-06	9.092876e-09
2.30185707e-06	8.919790e-09
2.30187549e-06	8.879265e-09
2.30189390e-06	9.042503e-09
2.30191232e-06	9.262228e-09
2.30193073e-06	9.218722e-09
2.30194915e-06	9.154040e-09
2.30196756e-06	9.235418e-09
2.30198598e-06	9.142495e-09
2.30200440e-06	8.950579e-09
2.30202281e-06	8.607599e-09
2.30204123e-06	8.616205e-09
2.30205964e-06	8.678518e-09
2.30207806e-06	8.458295e-09
2.30209648e-06	8.164725e-09
2.30211489e-06	8.966644e-09
2.30213331e-06	9.479625e-09
2.30215173e-06	7.888753e-09
2.30217014e-06	8.396574e-09
2.30218856e-06	8.665134e-09
2.30220698e-06	8.894495e-09
2.30222540e-06	8.952740e-09
2.30224381e-06	9.035476e-09
2.30226223e-06	8.800157e-09
2.30228065e-06	8.560546e-09
2.30229907e-06	9.005775e-09
2.30231749e-06	9.045050e-09
2.30233591e-06	9.081918e-09
2.30235433e-06	9.251600e-09
2.30237274e-06	9.363505e-09
2.30239116e-06	9.441923e-09
2.30240958e-06	9.268407e-09
2.30242800e-06	9.178068e-09
2.30244642e-06	9.284478e-09
2.30246484e-06	9.236471e-09
2.30248326e-06	9.245292e-09
2.30250168e-06	9.281129e-09
2.30252010e-06	9.261296e-09
2.30253852e-06	9.059989e-09
2.30255694e-06	9.201234e-09
2.30257536e-06	9.189432e-09
2.30259378e-06	9.226807e-09
2.30261220e-06	9.095928e-09
2.30263062e-06	9.184938e-09
2.30264904e-06	9.087655e-09
2.30266747e-06	9.037815e-09
2.30268589e-06	9.180091e-09
2.30270431e-06	9.159930e-09
2.30272273e-06	8.953093e-09
2.30274115e-06	8.564337e-09
2.30275957e-06	8.105043e-09
2.30277800e-06	8.076869e-09
2.30279642e-06	8.258750e-09
2.30281484e-06	8.305283e-09
2.30283326e-06	8.856399e-09
2.30285168e-06	8.915305e-09
2.30287011e-06	8.917044e-09
2.30288853e-06	8.868993e-09
2.30290695e-06	8.715461e-09
2.30292538e-06	8.457571e-09
2.30294380e-06	8.213443e-09
2.30296222e-06	8.087930e-09
2.30298065e-06	9.711678e-09
2.30299907e-06	8.420312e-09
2.30301750e-06	8.194027e-09
2.30303592e-06	8.467262e-09
2.30305434e-06	8.734289e-09
2.30307277e-06	8.844033e-09
2.30309119e-06	8.902597e-09
2.30310962e-06	8.837008e-09
2.30312804e-06	8.593344e-09
2.30314647e-06	8.997217e-09
2.30316489e-06	9.183054e-09
2.30318332e-06	8.911094e-09
2.30320174e-06	8.177134e-09
2.30322017e-06	8.292761e-09
2.30323860e-06	9.092889e-09
2.30325702e-06	9.268593e-09
2.30327545e-06	9.156667e-09
2.30329387e-06	8.823050e-09
2.30331230e-06	8.276066e-09
2.30333073e-06	8.273871e-09
2.30334915e-06	8.496412e-09
2.30336758e-06	8.833720e-09
2.30338601e-06	9.164847e-09
2.30340443e-06	9.307932e-09
2.30342286e-06	9.519788e-09
2.30344129e-06	9.474946e-09
2.30345972e-06	9.272945e-09
2.30347814e-06	9.356713e-09
2.30349657e-06	9.419219e-09
2.30351500e-06	9.383685e-09
2.30353343e-06	9.096644e-09
2.30355186e-06	8.994250e-09
2.30357028e-06	8.853625e-09
2.30358871e-06	8.456532e-09
2.30360714e-06	8.586366e-09
2.30362557e-06	8.858351e-09
2.30364400e-06	8.910998e-09
2.30366243e-06	9.152316e-09
2.30368086e-06	9.059577e-09
2.30369929e-06	9.051356e-09
2.30371772e-06	8.846282e-09
2.30373615e-06	8.568964e-09
2.30375458e-06	8.503107e-09
2.30377301e-06	8.385674e-09
2.30379144e-06	8.557651e-09
2.30380987e-06	8.492985e-09
2.30382830e-06	8.384000e-09
2.30384673e-06	7.990634e-09
2.30386516e-06	9.477675e-09
2.30388359e-06	8.904383e-09
2.30390202e-06	8.388905e-09
2.30392045e-06	8.352584e-09
2.30393888e-06	8.591104e-09
2.30395731e-06	8.703436e-09
2.30397575e-06	8.864398e-09
2.30399418e-06	8.918026e-09
2.30401261e-06	8.976057e-09
2.30403104e-06	9.196535e-09
2.30404947e-06	9.131053e-09
2.30406791e-06	8.965892e-09
2.30408634e-06	8.968528e-09
2.30410477e-06	9.003301e-09
2.30412321e-06	9.227723e-09
2.30414164e-06	9.270509e-09
2.30416007e-06	9.063402e-09
2.30417850e-06	9.058583e-09
2.30419694e-06	9.142718e-09
2.30421537e-06	8.739567e-09
2.30423381e-06	8.803319e-09
2.30425224e-06	9.214699e-09
2.30427067e-06	9.045595e-09
2.30428911e-06	9.005905e-09
2.30430754e-06	9.068119e-09
2.30432598e-06	8.867668e-09
2.30434441e-06	9.188015e-09
2.30436285e-06	9.467065e-09
2.30438128e-06	9.678889e-09
2.30439971e-06	9.500800e-09
2.30441815e-06	9.568895e-09
2.30443659e-06	9.480697e-09
2.30445502e-06	9.072667e-09
2.30447346e-06	8.966328e-09
2.30449189e-06	8.833987e-09
2.30451033e-06	9.158664e-09
2.30452877e-06	9.162749e-09
2.30454720e-06	9.294622e-09
2.30456564e-06	9.239722e-09
2.30458407e-06	9.319155e-09
2.30460251e-06	9.282874e-09
2.30462095e-06	9.016686e-09
2.30463938e-06	8.844615e-09
2.30465782e-06	9.019968e-09
2.30467626e-06	9.074991e-09
2.30469470e-06	8.879202e-09
2.30471313e-06	8.573891e-09
2.30473157e-06	8.250249e-09
2.30475001e-06	8.280018e-09
2.30476845e-06	8.134558e-09
2.30478688e-06	8.148644e-09
2.30480532e-06	9.718734e-09
2.30482376e-06	7.926962e-09
2.30484220e-06	8.185146e-09
2.30486064e-06	8.489395e-09
2.30487908e-06	8.577306e-09
2.30489752e-06	8.622167e-09
2.30491596e-06	8.559924e-09
2.30493440e-06	8.127743e-09
2.30495284e-06	8.259588e-09
2.30497128e-06	8.109709e-09
2.30498972e-06	8.121660e-09
2.30500815e-06	8.647528e-09
2.30502660e-06	8.892499e-09
2.30504504e-06	8.629956e-09
2.30506347e-06	8.784613e-09
2.30508192e-06	8.905225e-09
2.30510036e-06	8.916797e-09
2.30511880e-06	8.941305e-09
2.30513724e-06	9.112879e-09
2.30515568e-06	9.099513e-09
2.30517412e-06	9.091673e-09
2.30519256e-06	9.184752e-09
2.30521100e-06	8.902570e-09
2.30522944e-06	9.004961e-09
2.30524789e-06	8.952194e-09
2.30526633e-06	9.018434e-09
2.30528477e-06	9.112383e-09
2.30530321e-06	9.083997e-09
2.30532166e-06	8.606186e-09
2.30534010e-06	8.737554e-09
2.30535854e-06	8.998748e-09
2.30537698e-06	8.817766e-09
2.30539543e-06	8.403853e-09
2.30541387e-06	8.095723e-09
2.30543231e-06	8.187991e-09
2.30545076e-06	8.590449e-09
2.30546920e-06	8.470327e-09
2.30548764e-06	8.250747e-09
2.30550609e-06	8.480065e-09
2.30552453e-06	8.957958e-09
2.30554298e-06	9.080196e-09
2.30556142e-06	9.024128e-09
2.30557987e-06	8.955372e-09
2.30559831e-06	8.808178e-09
2.30561675e-06	8.487584e-09
2.30563520e-06	7.991011e-09
2.30565365e-06	8.137496e-09
2.30567209e-06	8.163973e-09
2.30569054e-06	8.369601e-09
2.30570898e-06	8.501977e-09
2.30572743e-06	8.404222e-09
2.30574587e-06	8.043928e-09
2.30576432e-06	8.942013e-09
2.30578276e-06	9.527217e-09
2.30580121e-06	7.818987e-09
2.30581966e-06	8.270665e-09
2.30583810e-06	8.566474e-09
2.30585655e-06	8.595794e-09
2.30587500e-06	8.621336e-09
2.30589344e-06	8.269127e-09
2.30591189e-06	8.575452e-09
2.30593034e-06	8.854474e-09
2.30594879e-06	8.778714e-09
2.30596723e-06	8.781006e-09
2.30598568e-06	8.663721e-09
2.30600413e-06	8.996716e-09
2.30602258e-06	9.290181e-09
2.30604102e-06	9.373431e-09
2.30605947e-06	9.424383e-09
2.30607792e-06	9.345547e-09
2.30609637e-06	9.257681e-09
2.30611482e-06	9.120478e-09
2.30613327e-06	8.773085e-09
2.30615172e-06	8.737481e-09
2.30617017e-06	9.106650e-09
2.30618862e-06	8.992251e-09
2.30620707e-06	8.766277e-09
2.30622551e-06	8.932216e-09
2.30624396e-06	9.229296e-09
2.30626241e-06	9.218909e-09
2.30628087e-06	9.138933e-09
2.30629932e-06	9.258063e-09
2.30631777e-06	9.485881e-09
2.30633622e-06	9.205115e-09
2.30635467e-06	8.807908e-09
2.30637312e-06	9.056003e-09
2.30639157e-06	8.998528e-09
2.30641002e-06	8.954525e-09
2.30642847e-06	9.084301e-09
2.30644692e-06	8.546807e-09
2.30646537e-06	8.510834e-09
2.30648383e-06	8.710351e-09
2.30650228e-06	8.363638e-09
2.30652073e-06	8.215773e-09
2.30653918e-06	8.615145e-09
2.30655763e-06	8.737048e-09
2.30657609e-06	8.736686e-09
2.30659454e-06	8.723995e-09
2.30661299e-06	8.813019e-09
2.30663144e-06	8.334231e-09
2.30664990e-06	8.132547e-09
2.30666835e-06	8.151192e-09
2.30668681e-06	8.277245e-09
2.30670526e-06	8.537148e-09
2.30672371e-06	8.472469e-09
2.30674217e-06	8.250647e-09
2.30676062e-06	7.901983e-09
2.30677907e-06	9.278801e-09
2.30679753e-06	9.327296e-09
2.30681598e-06	7.860764e-09
2.30683444e-06	8.324714e-09
2.30685289e-06	8.434638e-09
2.30687135e-06	8.672047e-09
2.30688980e-06	8.689255e-09
2.30690826e-06	8.539438e-09
2.30692671e-06	8.756410e-09
2.30694517e-06	8.951257e-09
2.30696362e-06	9.012799e-09
2.30698208e-06	9.029344e-09
2.30700053e-06	9.085543e-09
2.30701899e-06	9.335442e-09
2.30703745e-06	9.175642e-09
2.30705590e-06	8.987781e-09
2.30707436e-06	9.280085e-09
2.30709282e-06	9.282681e-09
2.30711127e-06	9.349152e-09
2.30712973e-06	9.366843e-09
2.30714819e-06	9.435877e-09
2.30716664e-06	9.323805e-09
2.30718510e-06	9.396517e-09
2.30720356e-06	9.453169e-09
2.30722202e-06	9.241993e-09
2.30724047e-06	9.049776e-09
2.30725893e-06	9.027525e-09
2.30727739e-06	9.124091e-09
2.30729585e-06	8.729079e-09
2.30731431e-06	8.587700e-09
2.30733277e-06	9.029110e-09
2.30735122e-06	9.251772e-09
2.30736968e-06	9.048086e-09
2.30738814e-06	8.615586e-09
2.30740660e-06	8.889630e-09
2.30742506e-06	9.190644e-09
2.30744352e-06	9.301527e-09
2.30746198e-06	9.275024e-09
2.30748044e-06	9.126048e-09
2.30749890e-06	8.976850e-09
2.30751736e-06	8.714116e-09
2.30753582e-06	8.826232e-09
2.30755428e-06	8.897623e-09
2.30757274e-06	8.739399e-09
2.30759120e-06	8.547289e-09
2.30760966e-06	8.341746e-09
2.30762812e-06	8.133722e-09
2.30764658e-06	8.359591e-09
2.30766504e-06	8.136539e-09
2.30768351e-06	8.304572e-09
2.30770197e-06	8.575012e-09
2.30772043e-06	8.787606e-09
2.30773889e-06	8.779899e-09
2.30775735e-06	8.717123e-09
2.30777581e-06	8.536017e-09
2.30779428e-06	8.295207e-09
2.30781274e-06	8.015939e-09
2.30783120e-06	9.192087e-09
2.30784966e-06	9.370031e-09
2.30786813e-06	7.785959e-09
2.30788659e-06	8.271006e-09
2.30790505e-06	8.524032e-09
2.30792352e-06	8.650808e-09
2.30794198e-06	8.818339e-09
2.30796044e-06	8.972747e-09
2.30797891e-06	9.075045e-09
2.30799737e-06	9.013164e-09
2.30801583e-06	8.911561e-09
2.30803430e-06	8.474614e-09
2.30805276e-06	8.082149e-09
2.30807123e-06	8.436131e-09
2.30808969e-06	8.995654e-09
2.30810816e-06	9.178261e-09
2.30812662e-06	9.149674e-09
2.30814509e-06	9.323783e-09
2.30816355e-06	9.448831e-09
2.30818202e-06	9.253837e-09
2.30820048e-06	8.841719e-09
2.30821895e-06	8.868254e-09
2.30823741e-06	9.220475e-09
2.30825588e-06	9.303085e-09
2.30827434e-06	8.963180e-09
2.30829281e-06	8.862709e-09
2.30831128e-06	9.137726e-09
2.30832974e-06	9.170378e-09
2.30834821e-06	9.045026e-09
2.30836668e-06	8.964077e-09
2.30838514e-06	9.105052e-09
2.30840361e-06	9.326563e-09
2.30842208e-06	9.375284e-09
2.30844055e-06	9.391333e-09
2.30845901e-06	9.224016e-09
2.30847748e-06	8.898312e-09
2.30849595e-06	8.678106e-09
2.30851442e-06	8.538988e-09
2.30853288e-06	8.822347e-09
2.30855135e-06	9.057576e-09
2.30856982e-06	9.174205e-09
2.30858829e-06	9.250527e-09
2.30860676e-06	9.340014e-09
2.30862523e-06	9.348758e-09
2.30864370e-06	9.205737e-09
2.30866217e-06	9.238537e-09
2.30868063e-06	9.375881e-09
2.30869911e-06	9.252955e-09
2.30871757e-06	9.065140e-09
2.30873604e-06	8.928248e-09
2.30875451e-06	8.986995e-09
2.30877298e-06	9.135618e-09
2.30879145e-06	8.999302e-09
2.30880992e-06	8.778616e-09
2.30882840e-06	8.718578e-09
2.30884687e-06	8.772799e-09
2.30886534e-06	8.610389e-09
2.30888381e-06	8.318074e-09
2.30890228e-06	7.949671e-09
2.30892075e-06	8.753836e-09
2.30893922e-06	9.606547e-09
2.30895769e-06	7.876580e-09
2.30897616e-06	8.175763e-09
2.30899464e-06	8.187503e-09
2.30901311e-06	8.405378e-09
2.30903158e-06	8.709000e-09
2.30905005e-06	8.817707e-09
2.30906852e-06	8.598850e-09
2.30908700e-06	8.400019e-09
2.30910547e-06	8.493230e-09
2.30912394e-06	8.390123e-09
2.30914242e-06	8.798145e-09
2.30916089e-06	8.807718e-09
2.30917936e-06	8.745142e-09
2.30919784e-06	8.183228e-09
2.30921631e-06	8.251867e-09
2.30923478e-06	8.760984e-09
2.30925326e-06	8.968082e-09
2.30927173e-06	9.229611e-09
2.30929021e-06	9.233481e-09
2.30930868e-06	9.333383e-09
2.30932715e-06	9.210418e-09
2.30934563e-06	8.854101e-09
2.30936410e-06	8.281298e-09
2.30938258e-06	8.550816e-09
2.30940105e-06	9.053010e-09
2.30941953e-06	9.133171e-09
2.30943800e-06	9.022612e-09
2.30945648e-06	8.885064e-09
2.30947495e-06	8.791494e-09
2.30949343e-06	8.851784e-09
2.30951191e-06	8.772770e-09
2.30953038e-06	8.622728e-09
2.30954886e-06	8.792386e-09
2.30956733e-06	8.975678e-09
2.30958581e-06	9.085638e-09
2.30960429e-06	8.910144e-09
2.30962277e-06	8.794515e-09
2.30964124e-06	8.493185e-09
2.30965972e-06	7.972216e-09
2.30967820e-06	8.223472e-09
2.30969667e-06	8.060893e-09
2.30971515e-06	8.518330e-09
2.30973363e-06	8.708418e-09
2.30975211e-06	8.408101e-09
2.30977059e-06	8.134465e-09
2.30978906e-06	8.090198e-09
2.30980754e-06	7.975839e-09
2.30982602e-06	8.073857e-09
2.30984450e-06	8.020712e-09
2.30986298e-06	8.620447e-09
2.30988146e-06	8.882583e-09
2.30989994e-06	8.814364e-09
2.30991842e-06	8.720608e-09
2.30993689e-06	8.253143e-09
2.30995537e-06	8.476478e-09
2.30997385e-06	8.683665e-09
2.30999233e-06	8.561376e-09
2.31001081e-06	8.390553e-09
2.31002929e-06	8.083994e-09
2.31004777e-06	7.918490e-09
2.31006625e-06	9.731441e-09
2.31008473e-06	8.141194e-09
2.31010321e-06	8.049819e-09
2.31012170e-06	8.257419e-09
2.31014018e-06	7.855432e-09
2.31015866e-06	8.257705e-09
2.31017714e-06	8.812844e-09
2.31019562e-06	8.902641e-09
2.31021410e-06	8.550580e-09
2.31023258e-06	8.744980e-09
2.31025107e-06	9.147839e-09
2.31026955e-06	9.279604e-09
2.31028803e-06	9.290143e-09
2.31030651e-06	9.221201e-09
2.31032499e-06	8.879537e-09
2.31034348e-06	8.843742e-09
2.31036196e-06	8.996053e-09
2.31038044e-06	8.723001e-09
2.31039893e-06	8.596847e-09
2.31041741e-06	8.777674e-09
2.31043589e-06	8.932100e-09
2.31045438e-06	8.555772e-09
2.31047286e-06	8.466294e-09
2.31049134e-06	8.730003e-09
2.31050983e-06	8.609010e-09
2.31052831e-06	8.933831e-09
2.31054680e-06	9.093098e-09
2.31056528e-06	8.992389e-09
2.31058377e-06	8.791751e-09
2.31060225e-06	9.100117e-09
2.31062073e-06	9.462743e-09
2.31063922e-06	9.372913e-09
2.31065770e-06	9.257548e-09
2.31067619e-06	9.291824e-09
2.31069467e-06	8.910567e-09
2.31071316e-06	8.992025e-09
2.31073165e-06	8.743291e-09
2.31075013e-06	8.756111e-09
2.31076862e-06	8.605160e-09
2.31078710e-06	8.811783e-09
2.31080559e-06	8.809186e-09
2.31082408e-06	8.958365e-09
2.31084256e-06	9.097073e-09
2.31086105e-06	8.961691e-09
2.31087954e-06	9.022739e-09
2.31089802e-06	8.737077e-09
2.31091651e-06	8.346490e-09
2.31093500e-06	8.484600e-09
2.31095349e-06	8.678113e-09
2.31097197e-06	8.433964e-09
2.31099046e-06	8.374393e-09
2.31100895e-06	8.334285e-09
2.31102744e-06	8.244607e-09
2.31104593e-06	8.945937e-09
2.31106441e-06	9.021956e-09
2.31108290e-06	8.907078e-09
2.31110139e-06	8.938553e-09
2.31111988e-06	8.834271e-09
2.31113837e-06	8.687675e-09
2.31115686e-06	8.426595e-09
2.31117535e-06	8.032638e-09
2.31119384e-06	8.235144e-09
2.31121233e-06	8.026191e-09
2.31123082e-06	9.177154e-09
2.31124931e-06	9.337598e-09
2.31126780e-06	7.817625e-09
2.31128629e-06	8.151979e-09
2.31130478e-06	8.444103e-09
2.31132327e-06	8.443123e-09
2.31134176e-06	8.491543e-09
2.31136025e-06	8.682723e-09
2.31137874e-06	8.844330e-09
2.31139723e-06	8.948467e-09
2.31141572e-06	8.722658e-09
2.31143421e-06	8.567038e-09
2.31145270e-06	8.796781e-09
2.31147120e-06	8.593875e-09
2.31148969e-06	8.735264e-09
2.31150818e-06	8.776023e-09
2.31152667e-06	8.596506e-09
2.31154516e-06	8.284215e-09
2.31156366e-06	8.095149e-09
2.31158215e-06	8.146120e-09
2.31160064e-06	8.612542e-09
2.31161913e-06	8.187792e-09
2.31163763e-06	7.908792e-09
2.31165612e-06	7.977934e-09
2.31167461e-06	8.047700e-09
2.31169311e-06	8.618810e-09
2.31171160e-06	8.873870e-09
2.31173009e-06	8.651258e-09
2.31174859e-06	8.794232e-09
2.31176708e-06	8.951057e-09
2.31178558e-06	8.609347e-09
2.31180407e-06	8.889662e-09
2.31182257e-06	9.047134e-09
2.31184106e-06	8.848132e-09
2.31185955e-06	8.902509e-09
2.31187805e-06	8.922804e-09
2.31189654e-06	7.972827e-09
2.31191504e-06	7.994258e-09
2.31193353e-06	8.745765e-09
2.31195203e-06	8.571291e-09
2.31197052e-06	8.950720e-09
2.31198902e-06	9.217206e-09
2.31200752e-06	8.998429e-09
2.31202601e-06	8.855761e-09
2.31204451e-06	8.540577e-09
2.31206301e-06	8.662398e-09
2.31208150e-06	8.828826e-09
2.31210000e-06	9.134939e-09
2.31211850e-06	8.963201e-09
2.31213699e-06	8.639805e-09
2.31215549e-06	9.029214e-09
2.31217399e-06	8.934260e-09
2.31219248e-06	8.419244e-09
2.31221098e-06	8.623026e-09
2.31222948e-06	8.668465e-09
2.31224798e-06	8.745583e-09
2.31226648e-06	8.847881e-09
2.31228497e-06	8.558899e-09
2.31230347e-06	8.332805e-09
2.31232197e-06	8.790793e-09
2.31234047e-06	8.610360e-09
2.31235897e-06	8.411435e-09
2.31237747e-06	8.406632e-09
2.31239596e-06	8.380381e-09
2.31241446e-06	8.101150e-09
2.31243296e-06	7.803793e-09
2.31245146e-06	9.688398e-09
2.31246996e-06	8.379496e-09
2.31248846e-06	7.981939e-09
2.31250696e-06	8.299519e-09
2.31252546e-06	8.539182e-09
2.31254396e-06	8.513750e-09
2.31256246e-06	8.707521e-09
2.31258096e-06	8.807292e-09
2.31259946e-06	8.715044e-09
2.31261796e-06	9.022872e-09
2.31263647e-06	9.052977e-09
2.31265497e-06	9.001030e-09
2.31267347e-06	9.205396e-09
2.31269197e-06	9.181786e-09
2.31271047e-06	8.860915e-09
2.31272897e-06	8.890301e-09
2.31274748e-06	8.989124e-09
2.31276598e-06	8.927066e-09
2.31278448e-06	9.232189e-09
2.31280298e-06	9.216548e-09
2.31282148e-06	9.060858e-09
2.31283999e-06	8.622276e-09
2.31285849e-06	8.242037e-09
2.31287699e-06	8.866153e-09
2.31289550e-06	8.979149e-09
2.31291400e-06	8.827159e-09
2.31293250e-06	8.757301e-09
2.31295100e-06	8.981764e-09
2.31296951e-06	8.953730e-09
2.31298801e-06	9.246055e-09
2.31300652e-06	8.929648e-09
2.31302502e-06	8.859060e-09
2.31304352e-06	8.873543e-09
2.31306203e-06	8.621784e-09
2.31308053e-06	8.697817e-09
2.31309904e-06	8.484676e-09
2.31311754e-06	7.984756e-09
2.31313605e-06	8.020423e-09
2.31315455e-06	8.520114e-09
2.31317306e-06	8.415694e-09
2.31319156e-06	8.770093e-09
2.31321007e-06	8.805965e-09
2.31322857e-06	8.373545e-09
2.31324708e-06	8.266022e-09
2.31326559e-06	8.819865e-09
2.31328409e-06	8.978817e-09
2.31330260e-06	8.951707e-09
2.31332111e-06	9.144068e-09
2.31333961e-06	9.349687e-09
2.31335812e-06	9.168268e-09
2.31337662e-06	8.964133e-09
2.31339513e-06	8.889587e-09
2.31341364e-06	8.914913e-09
2.31343215e-06	9.127899e-09
2.31345065e-06	9.200027e-09
2.31346916e-06	8.966199e-09
2.31348767e-06	8.999049e-09
2.31350618e-06	9.122962e-09
2.31352469e-06	9.042299e-09
2.31354319e-06	9.008298e-09
2.31356170e-06	8.784112e-09
2.31358021e-06	8.850106e-09
2.31359872e-06	8.625328e-09
2.31361723e-06	8.579310e-09
2.31363574e-06	8.547885e-09
2.31365425e-06	8.328381e-09
2.31367275e-06	8.044857e-09
2.31369127e-06	8.151508e-09
2.31370977e-06	9.669165e-09
2.31372828e-06	7.835634e-09
2.31374679e-06	8.002821e-09
2.31376530e-06	8.381981e-09
2.31378381e-06	8.435130e-09
2.31380232e-06	8.506300e-09
2.31382083e-06	8.418648e-09
2.31383935e-06	8.512613e-09
2.31385786e-06	8.751758e-09
2.31387637e-06	8.807353e-09
2.31389488e-06	8.737484e-09
2.31391339e-06	8.871323e-09
2.31393190e-06	8.850513e-09
2.31395041e-06	8.446708e-09
2.31396892e-06	8.559020e-09
2.31398744e-06	8.687863e-09
2.31400595e-06	8.482380e-09
2.31402446e-06	8.503693e-09
2.31404297e-06	8.194287e-09
2.31406148e-06	8.203695e-09
2.31408000e-06	8.494963e-09
2.31409851e-06	8.835670e-09
2.31411702e-06	8.733347e-09
2.31413553e-06	9.049983e-09
2.31415405e-06	9.095948e-09
2.31417256e-06	9.165250e-09
2.31419107e-06	9.101082e-09
2.31420959e-06	9.307018e-09
2.31422810e-06	9.168718e-09
2.31424662e-06	8.782737e-09
2.31426513e-06	8.982222e-09
2.31428364e-06	9.174702e-09
2.31430216e-06	9.302450e-09
2.31432067e-06	8.929113e-09
2.31433919e-06	8.929828e-09
2.31435770e-06	8.968200e-09
2.31437622e-06	8.404497e-09
2.31439473e-06	8.197831e-09
2.31441325e-06	8.880505e-09
2.31443176e-06	8.903336e-09
2.31445028e-06	9.045779e-09
2.31446879e-06	8.767405e-09
2.31448731e-06	8.640787e-09
2.31450582e-06	8.927984e-09
2.31452434e-06	8.838369e-09
2.31454286e-06	8.592642e-09
2.31456137e-06	8.879228e-09
2.31457989e-06	9.090942e-09
2.31459841e-06	9.044696e-09
2.31461692e-06	8.906506e-09
2.31463544e-06	8.696853e-09
2.31465396e-06	8.328936e-09
2.31467247e-06	8.090110e-09
2.31469099e-06	8.213501e-09
2.31470951e-06	8.262806e-09
2.31472803e-06	8.443221e-09
2.31474654e-06	8.465493e-09
2.31476506e-06	8.662553e-09
2.31478358e-06	8.777674e-09
2.31480210e-06	8.527424e-09
2.31482062e-06	8.522232e-09
2.31483913e-06	8.694059e-09
2.31485765e-06	8.475799e-09
2.31487617e-06	8.359573e-09
2.31489469e-06	8.532371e-09
2.31491321e-06	8.220369e-09
2.31493173e-06	8.196017e-09
2.31495025e-06	8.135683e-09
2.31496877e-06	8.021618e-09
2.31498729e-06	8.695238e-09
2.31500581e-06	9.639990e-09
2.31502433e-06	7.770012e-09
2.31504285e-06	8.014983e-09
2.31506137e-06	8.174325e-09
2.31507989e-06	8.325536e-09
2.31509841e-06	8.565416e-09
2.31511693e-06	8.402789e-09
2.31513545e-06	8.504604e-09
2.31515397e-06	8.816207e-09
2.31517250e-06	8.953371e-09
2.31519102e-06	9.059968e-09
2.31520954e-06	8.958611e-09
2.31522806e-06	8.621940e-09
2.31524658e-06	8.602171e-09
2.31526510e-06	8.630292e-09
2.31528362e-06	8.177812e-09
2.31530215e-06	8.088187e-09
2.31532067e-06	8.200245e-09
2.31533919e-06	8.725171e-09
2.31535771e-06	9.009899e-09
2.31537624e-06	9.151263e-09
2.31539476e-06	9.198680e-09
2.31541328e-06	8.973901e-09
2.31543181e-06	8.803502e-09
2.31545033e-06	8.901314e-09
2.31546885e-06	8.879707e-09
2.31548738e-06	8.820348e-09
2.31550590e-06	9.039109e-09
2.31552443e-06	9.104251e-09
2.31554295e-06	8.981959e-09
2.31556148e-06	8.977664e-09
2.31558000e-06	9.330075e-09
2.31559852e-06	8.857689e-09
2.31561705e-06	8.881130e-09
2.31563557e-06	9.238048e-09
2.31565410e-06	9.184635e-09
2.31567262e-06	9.164884e-09
2.31569115e-06	8.559901e-09
2.31570967e-06	8.333391e-09
2.31572820e-06	8.693132e-09
2.31574673e-06	8.771295e-09
2.31576525e-06	8.492090e-09
2.31578378e-06	8.658033e-09
2.31580231e-06	8.587325e-09
2.31582083e-06	8.088912e-09
2.31583936e-06	8.762189e-09
2.31585788e-06	8.723822e-09
2.31587641e-06	8.563596e-09
2.31589494e-06	8.946187e-09
2.31591347e-06	9.081752e-09
2.31593199e-06	9.306330e-09
2.31595052e-06	9.091804e-09
2.31596905e-06	8.856729e-09
2.31598758e-06	8.919165e-09
2.31600610e-06	8.703388e-09
2.31602463e-06	8.968066e-09
2.31604316e-06	9.180227e-09
2.31606169e-06	9.236758e-09
2.31608022e-06	9.176268e-09
2.31609875e-06	8.966130e-09
2.31611727e-06	8.660583e-09
2.31613580e-06	8.614420e-09
2.31615433e-06	8.587274e-09
2.31617286e-06	8.265760e-09
2.31619139e-06	8.597419e-09
2.31620992e-06	8.781367e-09
2.31622845e-06	8.476175e-09
2.31624698e-06	8.100681e-09
2.31626551e-06	8.154621e-09
2.31628404e-06	7.980833e-09
2.31630257e-06	7.918527e-09
2.31632110e-06	8.074481e-09
2.31633963e-06	9.688006e-09
2.31635816e-06	7.820102e-09
2.31637669e-06	8.060688e-09
2.31639522e-06	8.349439e-09
2.31641375e-06	8.401404e-09
2.31643229e-06	8.352597e-09
2.31645082e-06	8.487807e-09
2.31646935e-06	8.465910e-09
2.31648788e-06	8.736829e-09
2.31650641e-06	8.894099e-09
2.31652494e-06	8.815017e-09
2.31654348e-06	8.592896e-09
2.31656201e-06	7.825365e-09
2.31658054e-06	7.876968e-09
2.31659908e-06	8.560685e-09
2.31661761e-06	8.628103e-09
2.31663614e-06	8.787361e-09
2.31665467e-06	8.949829e-09
2.31667321e-06	8.858917e-09
2.31669174e-06	8.509420e-09
2.31671027e-06	8.864738e-09
2.31672881e-06	9.024333e-09
2.31674734e-06	9.059251e-09
2.31676587e-06	8.780213e-09
2.31678441e-06	9.072162e-09
2.31680294e-06	9.138883e-09
2.31682148e-06	8.559465e-09
2.31684001e-06	8.206540e-09
2.31685855e-06	8.628097e-09
2.31687708e-06	9.008516e-09
2.31689562e-06	9.037737e-09
2.31691415e-06	9.193201e-09
2.31693269e-06	9.156905e-09
2.31695122e-06	9.251679e-09
2.31696976e-06	9.236645e-09
2.31698830e-06	8.501638e-09
2.31700683e-06	8.427302e-09
2.31702537e-06	8.623607e-09
2.31704390e-06	8.491910e-09
2.31706244e-06	8.754153e-09
2.31708098e-06	9.002479e-09
2.31709951e-06	9.212631e-09
2.31711805e-06	9.075696e-09
2.31713659e-06	8.670806e-09
2.31715512e-06	7.898490e-09
2.31717366e-06	7.931179e-09
2.31719220e-06	8.755129e-09
2.31721073e-06	9.024261e-09
2.31722927e-06	8.808456e-09
2.31724781e-06	8.895938e-09
2.31726635e-06	9.048532e-09
2.31728489e-06	8.877538e-09
2.31730342e-06	9.089934e-09
2.31732196e-06	8.963341e-09
2.31734050e-06	8.847749e-09
2.31735904e-06	9.111776e-09
2.31737758e-06	9.096787e-09
2.31739612e-06	8.725772e-09
2.31741466e-06	8.577396e-09
2.31743320e-06	8.770843e-09
2.31745174e-06	8.483009e-09
2.31747028e-06	8.662179e-09
2.31748882e-06	8.224967e-09
2.31750736e-06	7.932625e-09
2.31752590e-06	8.451047e-09
2.31754444e-06	8.588754e-09
2.31756298e-06	8.473863e-09
2.31758152e-06	8.165051e-09
2.31760006e-06	8.280340e-09
2.31761860e-06	8.342298e-09
2.31763714e-06	8.063272e-09
2.31765568e-06	8.168116e-09
2.31767422e-06	8.013768e-09
2.31769276e-06	7.789774e-09
2.31771131e-06	9.558376e-09
2.31772985e-06	8.323730e-09
2.31774839e-06	7.984296e-09
2.31776693e-06	8.205959e-09
2.31778547e-06	8.142732e-09
2.31780401e-06	8.308474e-09
2.31782256e-06	8.534585e-09
2.31784110e-06	8.823612e-09
2.31785964e-06	8.936538e-09
2.31787819e-06	8.765327e-09
2.31789673e-06	8.645392e-09
2.31791527e-06	8.987254e-09
2.31793381e-06	8.965873e-09
2.31795236e-06	8.808280e-09
2.31797090e-06	8.968811e-09
2.31798945e-06	9.062859e-09
2.31800799e-06	8.752611e-09
2.31802653e-06	8.649479e-09
2.31804508e-06	8.627555e-09
2.31806362e-06	8.829390e-09
2.31808217e-06	8.911605e-09
2.31810071e-06	8.664209e-09
2.31811926e-06	8.996794e-09
2.31813780e-06	8.865769e-09
2.31815635e-06	8.360344e-09
2.31817489e-06	8.443579e-09
2.31819344e-06	9.074029e-09
2.31821198e-06	8.966043e-09
2.31823053e-06	8.408202e-09
2.31824907e-06	8.264729e-09
2.31826762e-06	8.138739e-09
2.31828617e-06	8.465003e-09
2.31830471e-06	8.957231e-09
2.31832326e-06	9.244190e-09
2.31834181e-06	9.091781e-09
2.31836035e-06	8.720066e-09
2.31837890e-06	8.890967e-09
2.31839745e-06	9.192673e-09
2.31841599e-06	9.237809e-09
2.31843454e-06	9.129857e-09
2.31845309e-06	8.486362e-09
2.31847164e-06	7.951160e-09
2.31849018e-06	7.988967e-09
2.31850873e-06	8.132871e-09
2.31852728e-06	8.622069e-09
2.31854583e-06	8.837940e-09
2.31856438e-06	9.171543e-09
2.31858292e-06	9.062769e-09
2.31860147e-06	8.806007e-09
2.31862002e-06	8.829226e-09
2.31863857e-06	8.718018e-09
2.31865712e-06	9.041079e-09
2.31867567e-06	9.001498e-09
2.31869422e-06	8.810017e-09
2.31871277e-06	8.931063e-09
2.31873132e-06	9.174272e-09
2.31874987e-06	9.159185e-09
2.31876842e-06	9.267401e-09
2.31878697e-06	9.422975e-09
2.31880552e-06	9.271593e-09
2.31882407e-06	8.878056e-09
2.31884262e-06	9.034801e-09
2.31886117e-06	8.849041e-09
2.31887972e-06	8.640415e-09
2.31889827e-06	8.819905e-09
2.31891682e-06	9.016868e-09
2.31893538e-06	8.892178e-09
2.31895393e-06	8.868380e-09
2.31897248e-06	8.921752e-09
2.31899103e-06	8.813639e-09
2.31900958e-06	8.771776e-09
2.31902813e-06	8.656326e-09
2.31904669e-06	8.558691e-09
2.31906524e-06	8.376569e-09
2.31908379e-06	8.206280e-09
2.31910234e-06	7.817254e-09
2.31912090e-06	9.106370e-09
2.31913945e-06	9.210108e-09
2.31915800e-06	7.755411e-09
2.31917656e-06	8.129680e-09
2.31919511e-06	8.396569e-09
2.31921366e-06	8.625158e-09
2.31923222e-06	8.741863e-09
2.31925077e-06	8.691888e-09
2.31926932e-06	8.761663e-09
2.31928788e-06	8.712600e-09
2.31930643e-06	8.595137e-09
2.31932499e-06	8.874879e-09
2.31934354e-06	8.340500e-09
2.31936210e-06	8.546298e-09
2.31938065e-06	8.844601e-09
2.31939921e-06	9.087158e-09
2.31941776e-06	9.078115e-09
2.31943632e-06	9.146473e-09
2.31945487e-06	8.982499e-09
2.31947343e-06	8.367068e-09
2.31949198e-06	8.439812e-09
2.31951054e-06	8.481650e-09
2.31952910e-06	8.445655e-09
2.31954765e-06	8.458210e-09
2.31956621e-06	8.263827e-09
2.31958477e-06	8.268497e-09
2.31960332e-06	8.951189e-09
2.31962188e-06	9.226625e-09
2.31964044e-06	9.296823e-09
2.31965899e-06	9.205610e-09
2.31967755e-06	8.778251e-09
2.31969611e-06	8.119105e-09
2.31971466e-06	8.466789e-09
2.31973322e-06	8.959857e-09
2.31975178e-06	9.264967e-09
2.31977034e-06	9.392133e-09
2.31978890e-06	9.353776e-09
2.31980746e-06	9.469969e-09
2.31982601e-06	9.423914e-09
2.31984457e-06	9.354590e-09
2.31986313e-06	9.123053e-09
2.31988169e-06	8.917443e-09
2.31990025e-06	9.227407e-09
2.31991881e-06	9.391422e-09
2.31993737e-06	9.372706e-09
2.31995593e-06	9.003094e-09
2.31997449e-06	8.787765e-09
2.31999305e-06	8.382742e-09
2.32001161e-06	8.060180e-09
2.32003017e-06	8.490618e-09
2.32004873e-06	8.949993e-09
2.32006729e-06	8.713334e-09
2.32008585e-06	8.698567e-09
2.32010441e-06	9.053589e-09
2.32012297e-06	9.283861e-09
2.32014153e-06	9.193239e-09
2.32016009e-06	9.279925e-09
2.32017865e-06	9.123931e-09
2.32019721e-06	9.075372e-09
2.32021577e-06	8.861473e-09
2.32023434e-06	8.847115e-09
2.32025290e-06	8.480569e-09
2.32027146e-06	7.960442e-09
2.32029002e-06	8.588823e-09
2.32030858e-06	9.085932e-09
2.32032715e-06	9.115796e-09
2.32034571e-06	8.890688e-09
2.32036427e-06	8.484840e-09
2.32038284e-06	8.428811e-09
2.32040140e-06	8.500981e-09
2.32041996e-06	7.940970e-09
2.32043853e-06	7.980716e-09
2.32045709e-06	8.415501e-09
2.32047565e-06	8.567934e-09
2.32049422e-06	8.424263e-09
2.32051278e-06	8.373218e-09
2.32053135e-06	8.155285e-09
2.32054991e-06	7.956179e-09
2.32056847e-06	7.991732e-09
2.32058704e-06	9.654165e-09
2.32060560e-06	8.064616e-09
2.32062417e-06	8.086467e-09
2.32064273e-06	8.293921e-09
2.32066130e-06	8.429934e-09
2.32067986e-06	8.505751e-09
2.32069843e-06	8.611407e-09
2.32071699e-06	8.712749e-09
2.32073556e-06	8.446164e-09
2.32075413e-06	8.480363e-09
2.32077269e-06	8.486986e-09
2.32079126e-06	8.905272e-09
2.32080982e-06	9.147617e-09
2.32082839e-06	9.155240e-09
2.32084696e-06	9.058745e-09
2.32086552e-06	8.796041e-09
2.32088409e-06	8.441495e-09
2.32090266e-06	8.536172e-09
2.32092123e-06	8.658763e-09
2.32093979e-06	8.453583e-09
2.32095836e-06	8.471473e-09
2.32097693e-06	8.868537e-09
2.32099550e-06	8.961017e-09
2.32101406e-06	8.834176e-09
2.32103263e-06	8.752825e-09
2.32105120e-06	8.636840e-09
2.32106977e-06	8.989668e-09
2.32108834e-06	9.240536e-09
2.32110691e-06	9.190088e-09
2.32112547e-06	8.781471e-09
2.32114404e-06	8.473781e-09
2.32116261e-06	8.612739e-09
2.32118118e-06	8.222280e-09
2.32119975e-06	8.092551e-09
2.32121832e-06	8.224902e-09
2.32123689e-06	8.750102e-09
2.32125546e-06	9.034843e-09
2.32127403e-06	8.884802e-09
2.32129260e-06	8.826927e-09
2.32131117e-06	8.389012e-09
2.32132974e-06	8.116128e-09
2.32134831e-06	8.196703e-09
2.32136688e-06	8.526763e-09
2.32138545e-06	9.123133e-09
2.32140403e-06	9.301575e-09
2.32142260e-06	9.335606e-09
2.32144117e-06	9.357301e-09
2.32145974e-06	9.303143e-09
2.32147831e-06	9.143220e-09
2.32149688e-06	8.671202e-09
2.32151545e-06	8.648002e-09
2.32153403e-06	8.882694e-09
2.32155260e-06	9.100386e-09
2.32157117e-06	9.318710e-09
2.32158974e-06	9.337809e-09
2.32160832e-06	9.111458e-09
2.32162689e-06	8.689304e-09
2.32164546e-06	8.190121e-09
2.32166404e-06	8.403061e-09
2.32168261e-06	8.937518e-09
2.32170118e-06	9.177626e-09
2.32171976e-06	9.166261e-09
2.32173833e-06	9.150086e-09
2.32175690e-06	9.146289e-09
2.32177548e-06	8.764192e-09
2.32179405e-06	8.292284e-09
2.32181263e-06	8.883023e-09
2.32183120e-06	8.890262e-09
2.32184978e-06	8.694083e-09
2.32186835e-06	8.656685e-09
2.32188692e-06	8.793106e-09
2.32190550e-06	8.679233e-09
2.32192408e-06	8.596753e-09
2.32194265e-06	7.877936e-09
2.32196123e-06	7.896233e-09
2.32197980e-06	8.376561e-09
2.32199838e-06	8.577188e-09
2.32201695e-06	8.465083e-09
2.32203553e-06	8.231753e-09
2.32205411e-06	7.826692e-09
2.32207268e-06	8.795260e-09
2.32209126e-06	9.419224e-09
2.32210984e-06	7.718151e-09
2.32212841e-06	8.076321e-09
2.32214699e-06	8.363781e-09
2.32216557e-06	8.494081e-09
2.32218414e-06	8.230737e-09
2.32220272e-06	8.104684e-09
2.32222130e-06	8.500381e-09
2.32223988e-06	8.605185e-09
2.32225846e-06	8.578970e-09
2.32227703e-06	8.968243e-09
2.32229561e-06	8.980853e-09
2.32231419e-06	8.716705e-09
2.32233277e-06	8.771519e-09
2.32235135e-06	8.658728e-09
2.32236993e-06	8.280135e-09
2.32238850e-06	8.320999e-09
2.32240708e-06	8.754368e-09
2.32242566e-06	8.815674e-09
2.32244424e-06	8.861767e-09
2.32246282e-06	8.419485e-09
2.32248140e-06	8.432312e-09
2.32249998e-06	8.592551e-09
2.32251856e-06	8.969087e-09
2.32253714e-06	8.844002e-09
2.32255572e-06	8.270196e-09
2.32257430e-06	8.112783e-09
2.32259288e-06	8.727380e-09
2.32261146e-06	8.656350e-09
2.32263005e-06	8.275962e-09
2.32264863e-06	8.848341e-09
2.32266721e-06	9.413858e-09
2.32268579e-06	9.280988e-09
2.32270437e-06	8.711540e-09
2.32272295e-06	9.059383e-09
2.32274153e-06	9.042825e-09
2.32276012e-06	9.116367e-09
2.32277870e-06	8.477102e-09
2.32279728e-06	8.614918e-09
2.32281586e-06	8.916202e-09
2.32283444e-06	8.740597e-09
2.32285303e-06	8.691306e-09
2.32287161e-06	9.158220e-09
2.32289019e-06	8.400044e-09
2.32290878e-06	8.313392e-09
2.32292736e-06	8.001243e-09
2.32294594e-06	8.537387e-09
2.32296453e-06	8.964052e-09
2.32298311e-06	8.591343e-09
2.32300169e-06	8.439231e-09
2.32302028e-06	9.264782e-09
2.32303886e-06	8.428344e-09
2.32305745e-06	8.724035e-09
2.32307603e-06	8.062658e-09
2.32309462e-06	7.833611e-09
2.32311320e-06	8.078805e-09
2.32313179e-06	8.740592e-09
2.32315037e-06	8.486000e-09
2.32316896e-06	7.942678e-09
2.32318754e-06	7.879959e-09
2.32320613e-06	8.897372e-09
2.32322471e-06	8.959146e-09
2.32324330e-06	8.508903e-09
2.32326188e-06	7.979042e-09
2.32328047e-06	7.760246e-09
2.32329906e-06	8.693935e-09
2.32331764e-06	8.751040e-09
2.32333623e-06	8.173152e-09
2.32335482e-06	8.625736e-09
2.32337340e-06	8.803386e-09
2.32339199e-06	8.670795e-09
2.32341058e-06	8.762084e-09
2.32342916e-06	8.447010e-09
2.32344775e-06	9.224851e-09
2.32346634e-06	8.533700e-09
2.32348493e-06	8.594661e-09
2.32350352e-06	8.723774e-09
2.32352210e-06	8.664835e-09
2.32354069e-06	8.244689e-09
2.32355928e-06	7.994180e-09
2.32357787e-06	8.086780e-09
2.32359646e-06	7.793728e-09
2.32361504e-06	9.252323e-09
2.32363363e-06	9.298629e-09
2.32365222e-06	7.772058e-09
2.32367081e-06	8.155944e-09
2.32368940e-06	8.321507e-09
2.32370799e-06	8.188882e-09
2.32372658e-06	9.185555e-09
2.32374517e-06	8.548684e-09
2.32376376e-06	8.383942e-09
2.32378235e-06	8.606140e-09
2.32380094e-06	8.041215e-09
2.32381953e-06	8.072682e-09
2.32383812e-06	8.711983e-09
2.32385671e-06	8.932889e-09
2.32387530e-06	8.993044e-09
2.32389389e-06	8.836864e-09
2.32391249e-06	8.781108e-09
2.32393108e-06	8.864028e-09
2.32394967e-06	8.612322e-09
2.32396826e-06	8.678758e-09
2.32398685e-06	8.474692e-09
2.32400544e-06	8.000324e-09
2.32402404e-06	8.176368e-09
2.32404263e-06	9.132500e-09
2.32406122e-06	8.777183e-09
2.32407981e-06	8.420480e-09
2.32409840e-06	8.511588e-09
2.32411700e-06	8.796664e-09
2.32413559e-06	9.033864e-09
2.32415418e-06	9.169832e-09
2.32417278e-06	9.071754e-09
2.32419137e-06	8.836554e-09
2.32420996e-06	9.026472e-09
2.32422856e-06	9.092127e-09
2.32424715e-06	9.101131e-09
2.32426575e-06	8.764104e-09
2.32428434e-06	8.898465e-09
2.32430293e-06	8.621896e-09
2.32432153e-06	8.923678e-09
2.32434012e-06	8.597560e-09
2.32435872e-06	8.532449e-09
2.32437731e-06	8.551923e-09
2.32439591e-06	8.563419e-09
2.32441450e-06	9.211221e-09
2.32443310e-06	8.387859e-09
2.32445169e-06	8.763887e-09
2.32447029e-06	8.539660e-09
2.32448888e-06	8.905966e-09
2.32450748e-06	9.139321e-09
2.32452608e-06	8.694892e-09
2.32454467e-06	8.523110e-09
2.32456327e-06	8.691922e-09
2.32458187e-06	9.038554e-09
2.32460046e-06	9.082772e-09
2.32461906e-06	8.715150e-09
2.32463766e-06	9.096478e-09
2.32465625e-06	8.906312e-09
2.32467485e-06	8.851622e-09
2.32469345e-06	8.748940e-09
2.32471205e-06	8.866839e-09
2.32473064e-06	8.463234e-09
2.32474924e-06	8.402485e-09
2.32476784e-06	8.652403e-09
2.32478644e-06	8.429396e-09
2.32480504e-06	9.120418e-09
2.32482363e-06	8.789151e-09
2.32484223e-06	8.434499e-09
2.32486083e-06	8.404372e-09
2.32487943e-06	8.509369e-09
2.32489803e-06	8.429390e-09
2.32491663e-06	8.484501e-09
2.32493523e-06	8.911892e-09
2.32495383e-06	8.943733e-09
2.32497243e-06	9.012317e-09
2.32499103e-06	8.797618e-09
2.32500963e-06	8.871910e-09
2.32502823e-06	8.888131e-09
2.32504683e-06	8.998269e-09
2.32506543e-06	8.963790e-09
2.32508403e-06	8.807342e-09
2.32510263e-06	8.526961e-09
2.32512123e-06	8.878899e-09
2.32513983e-06	8.345981e-09
2.32515843e-06	8.197240e-09
2.32517703e-06	7.813892e-09
2.32519563e-06	9.194141e-09
2.32521424e-06	8.899865e-09
2.32523284e-06	8.002436e-09
2.32525144e-06	9.297266e-09
2.32527004e-06	8.426352e-09
2.32528864e-06	8.347172e-09
2.32530725e-06	8.538884e-09
2.32532585e-06	8.510919e-09
2.32534445e-06	8.609033e-09
2.32536305e-06	8.925432e-09
2.32538166e-06	9.052031e-09
2.32540026e-06	8.905241e-09
2.32541886e-06	8.712504e-09
2.32543747e-06	8.851923e-09
2.32545607e-06	8.743148e-09
2.32547467e-06	9.002814e-09
2.32549328e-06	8.897212e-09
2.32551188e-06	8.782361e-09
2.32553048e-06	8.808365e-09
2.32554909e-06	8.862520e-09
2.32556769e-06	8.852305e-09
2.32558630e-06	8.789744e-09
2.32560490e-06	8.841047e-09
2.32562351e-06	8.593875e-09
2.32564211e-06	8.771643e-09
2.32566072e-06	8.463946e-09
2.32567932e-06	8.715601e-09
2.32569793e-06	8.745409e-09
2.32571654e-06	8.305089e-09
2.32573514e-06	9.324067e-09
2.32575375e-06	8.565138e-09
2.32577235e-06	8.558599e-09
2.32579096e-06	8.788869e-09
2.32580956e-06	8.948328e-09
2.32582817e-06	8.767694e-09
2.32584678e-06	8.136761e-09
2.32586538e-06	8.103514e-09
2.32588399e-06	8.148166e-09
2.32590260e-06	8.537709e-09
2.32592121e-06	8.749379e-09
2.32593981e-06	8.660350e-09
2.32595842e-06	8.432892e-09
2.32597703e-06	8.427132e-09
2.32599564e-06	8.368840e-09
2.32601424e-06	8.683180e-09
2.32603285e-06	8.711893e-09
2.32605146e-06	8.660801e-09
2.32607007e-06	8.764156e-09
2.32608868e-06	8.481010e-09
2.32610729e-06	8.566300e-09
2.32612590e-06	8.857057e-09
2.32614450e-06	8.917234e-09
2.32616311e-06	8.921789e-09
2.32618172e-06	8.730365e-09
2.32620033e-06	8.818601e-09
2.32621894e-06	8.737825e-09
2.32623755e-06	8.480713e-09
2.32625616e-06	9.077661e-09
2.32627477e-06	8.933502e-09
2.32629338e-06	8.109321e-09
2.32631199e-06	8.116151e-09
2.32633060e-06	8.357937e-09
2.32634921e-06	8.438271e-09
2.32636782e-06	8.713455e-09
2.32638643e-06	8.742974e-09
2.32640505e-06	8.685508e-09
2.32642366e-06	8.684159e-09
2.32644227e-06	8.426174e-09
2.32646088e-06	8.680764e-09
2.32647949e-06	8.913726e-09
2.32649810e-06	8.996253e-09
2.32651671e-06	8.983380e-09
2.32653533e-06	9.238900e-09
2.32655394e-06	8.980490e-09
2.32657255e-06	9.036229e-09
2.32659116e-06	9.059304e-09
2.32660978e-06	8.775969e-09
2.32662839e-06	8.326012e-09
2.32664700e-06	8.247529e-09
2.32666562e-06	8.595410e-09
2.32668423e-06	8.917462e-09
2.32670284e-06	8.620971e-09
2.32672146e-06	8.485682e-09
2.32674007e-06	8.460883e-09
2.32675869e-06	8.432282e-09
2.32677730e-06	8.145425e-09
2.32679591e-06	7.792238e-09
2.32681453e-06	9.086954e-09
2.32683314e-06	9.691064e-09
2.32685176e-06	7.908954e-09
2.32687037e-06	8.140789e-09
2.32688899e-06	8.349876e-09
2.32690760e-06	8.459389e-09
2.32692622e-06	8.558383e-09
2.32694483e-06	8.346782e-09
2.32696345e-06	8.470560e-09
2.32698206e-06	8.709267e-09
2.32700068e-06	8.862763e-09
2.32701930e-06	8.788571e-09
2.32703791e-06	8.959338e-09
2.32705653e-06	9.085058e-09
2.32707514e-06	8.932751e-09
2.32709376e-06	8.610591e-09
2.32711238e-06	8.327960e-09
2.32713099e-06	8.139974e-09
2.32714961e-06	8.375206e-09
2.32716823e-06	8.714209e-09
2.32718685e-06	8.599158e-09
2.32720546e-06	8.955604e-09
2.32722408e-06	9.050172e-09
2.32724270e-06	8.773802e-09
2.32726132e-06	9.120519e-09
2.32727993e-06	8.924664e-09
2.32729855e-06	8.908655e-09
2.32731717e-06	8.567017e-09
2.32733579e-06	9.007012e-09
2.32735441e-06	9.089844e-09
2.32737303e-06	8.866456e-09
2.32739165e-06	8.684091e-09
2.32741027e-06	8.409752e-09
2.32742888e-06	8.927925e-09
2.32744750e-06	9.109715e-09
2.32746612e-06	8.344928e-09
2.32748474e-06	8.721998e-09
2.32750336e-06	8.907067e-09
2.32752198e-06	8.919050e-09
2.32754060e-06	8.982102e-09
2.32755922e-06	8.946714e-09
2.32757784e-06	9.075785e-09
2.32759646e-06	8.661514e-09
2.32761509e-06	8.306448e-09
2.32763371e-06	8.765976e-09
2.32765233e-06	9.107640e-09
2.32767095e-06	8.915261e-09
2.32768957e-06	8.951824e-09
2.32770819e-06	9.132938e-09
2.32772681e-06	9.053977e-09
2.32774544e-06	9.124834e-09
2.32776406e-06	9.168019e-09
2.32778268e-06	9.109708e-09
2.32780130e-06	8.923329e-09
2.32781992e-06	8.503304e-09
2.32783855e-06	7.899179e-09
2.32785717e-06	7.903749e-09
2.32787579e-06	7.930721e-09
2.32789442e-06	8.359007e-09
2.32791304e-06	8.299665e-09
2.32793166e-06	8.339709e-09
2.32795028e-06	8.421433e-09
2.32796891e-06	7.974847e-09
2.32798753e-06	8.470142e-09
2.32800616e-06	8.791962e-09
2.32802478e-06	8.857365e-09
2.32804340e-06	8.626694e-09
2.32806203e-06	8.244575e-09
2.32808065e-06	9.113264e-09
2.32809928e-06	8.993021e-09
2.32811790e-06	8.301375e-09
2.32813653e-06	8.496830e-09
2.32815515e-06	8.685542e-09
2.32817378e-06	8.921673e-09
2.32819240e-06	8.716673e-09
2.32821103e-06	8.769045e-09
2.32822965e-06	8.664142e-09
2.32824828e-06	8.866782e-09
2.32826691e-06	8.961770e-09
2.32828553e-06	8.749742e-09
2.32830416e-06	8.384512e-09
2.32832279e-06	8.478385e-09
2.32834141e-06	8.710936e-09
2.32836004e-06	8.775812e-09
2.32837867e-06	8.660459e-09
2.32839729e-06	8.169888e-09
2.32841592e-06	8.015251e-09
2.32843455e-06	8.112903e-09
2.32845317e-06	7.853688e-09
2.32847180e-06	8.491196e-09
2.32849043e-06	9.358435e-09
2.32850906e-06	7.706121e-09
2.32852769e-06	8.117403e-09
2.32854631e-06	8.326757e-09
2.32856494e-06	8.556260e-09
2.32858357e-06	8.719835e-09
2.32860220e-06	8.820030e-09
2.32862083e-06	8.739621e-09
2.32863946e-06	8.872132e-09
2.32865809e-06	8.471039e-09
2.32867672e-06	8.514045e-09
2.32869535e-06	8.529808e-09
2.32871397e-06	7.966766e-09
2.32873260e-06	8.271554e-09
2.32875123e-06	8.313604e-09
2.32876987e-06	9.174784e-09
2.32878849e-06	8.948247e-09
2.32880712e-06	8.271518e-09
2.32882576e-06	8.400923e-09
2.32884439e-06	8.726652e-09
2.32886302e-06	8.878188e-09
2.32888165e-06	8.636521e-09
2.32890028e-06	8.494298e-09
2.32891891e-06	8.560116e-09
2.32893754e-06	8.668527e-09
2.32895617e-06	8.804261e-09
2.32897481e-06	8.955023e-09
2.32899344e-06	8.677882e-09
2.32901207e-06	8.594554e-09
2.32903070e-06	8.935415e-09
2.32904933e-06	8.970819e-09
2.32906797e-06	8.713104e-09
2.32908660e-06	8.355561e-09
2.32910523e-06	8.496749e-09
2.32912386e-06	8.975592e-09
2.32914250e-06	9.023859e-09
2.32916113e-06	8.856097e-09
2.32917976e-06	8.466760e-09
2.32919840e-06	7.977496e-09
2.32921703e-06	7.947914e-09
2.32923566e-06	8.570089e-09
2.32925430e-06	9.021402e-09
2.32927293e-06	9.088834e-09
2.32929157e-06	9.158177e-09
2.32931020e-06	9.266056e-09
2.32932883e-06	9.211959e-09
2.32934747e-06	8.954676e-09
2.32936610e-06	8.750073e-09
2.32938474e-06	8.928310e-09
2.32940337e-06	8.835187e-09
2.32942201e-06	8.724510e-09
2.32944065e-06	8.803751e-09
2.32945928e-06	8.547667e-09
2.32947792e-06	8.348386e-09
2.32949655e-06	8.592715e-09
2.32951519e-06	9.409357e-09
2.32953382e-06	8.208276e-09
2.32955246e-06	8.644133e-09
2.32957110e-06	8.835390e-09
2.32958973e-06	9.084621e-09
2.32960837e-06	9.198339e-09
2.32962701e-06	9.125955e-09
2.32964564e-06	8.925339e-09
2.32966428e-06	9.160121e-09
2.32968292e-06	9.375370e-09
2.32970156e-06	9.481993e-09
2.32972019e-06	9.467878e-09
2.32973883e-06	9.390900e-09
2.32975747e-06	9.164260e-09
2.32977611e-06	9.065091e-09
2.32979475e-06	8.635486e-09
2.32981338e-06	8.698437e-09
2.32983202e-06	9.153181e-09
2.32985066e-06	9.031411e-09
2.32986930e-06	8.696634e-09
2.32988794e-06	9.074552e-09
2.32990658e-06	9.026773e-09
2.32992522e-06	8.756924e-09
2.32994386e-06	8.711247e-09
2.32996250e-06	8.556727e-09
2.32998113e-06	8.771143e-09
2.32999977e-06	8.719884e-09
2.33001842e-06	8.121086e-09
2.33003706e-06	8.022244e-09
2.33005570e-06	8.541823e-09
2.33007434e-06	8.656909e-09
2.33009298e-06	8.433452e-09
2.33011162e-06	8.393606e-09
2.33013026e-06	8.353183e-09
2.33014890e-06	8.113411e-09
2.33016754e-06	8.487905e-09
2.33018618e-06	9.454556e-09
2.33020482e-06	8.051364e-09
2.33022347e-06	7.999069e-09
2.33024211e-06	8.170562e-09
2.33026075e-06	8.060802e-09
2.33027939e-06	9.551669e-09
2.33029803e-06	8.237767e-09
2.33031667e-06	8.318258e-09
2.33033532e-06	8.572862e-09
2.33035396e-06	8.694612e-09
2.33037260e-06	8.617917e-09
2.33039125e-06	8.302722e-09
2.33040989e-06	8.419803e-09
2.33042853e-06	8.691589e-09
2.33044718e-06	8.418796e-09
2.33046582e-06	8.364153e-09
2.33048446e-06	8.387568e-09
2.33050311e-06	8.320491e-09
2.33052175e-06	8.077030e-09
2.33054040e-06	7.965529e-09
2.33055904e-06	8.293842e-09
2.33057768e-06	8.129694e-09
2.33059633e-06	7.998488e-09
2.33061497e-06	8.020528e-09
2.33063362e-06	8.141099e-09
2.33065226e-06	8.281332e-09
2.33067091e-06	8.395505e-09
2.33068955e-06	8.321077e-09
2.33070820e-06	7.985625e-09
2.33072685e-06	8.312221e-09
2.33074549e-06	8.186321e-09
2.33076414e-06	8.427100e-09
2.33078278e-06	8.538340e-09
2.33080143e-06	8.311011e-09
2.33082008e-06	8.767083e-09
2.33083872e-06	9.001804e-09
2.33085737e-06	9.030387e-09
2.33087602e-06	8.868379e-09
2.33089466e-06	8.740327e-09
2.33091331e-06	8.886836e-09
2.33093196e-06	8.816755e-09
2.33095061e-06	8.705209e-09
2.33096925e-06	8.790361e-09
2.33098790e-06	8.885526e-09
2.33100655e-06	8.649235e-09
2.33102520e-06	8.326492e-09
2.33104384e-06	8.487530e-09
2.33106249e-06	8.365669e-09
2.33108114e-06	8.595210e-09
2.33109979e-06	9.379515e-09
2.33111844e-06	8.109078e-09
2.33113709e-06	8.478950e-09
2.33115574e-06	8.470554e-09
2.33117439e-06	8.248656e-09
2.33119304e-06	8.099869e-09
2.33121169e-06	7.993098e-09
2.33123033e-06	7.893073e-09
2.33124898e-06	8.224686e-09
2.33126763e-06	8.415908e-09
2.33128629e-06	8.789940e-09
2.33130493e-06	8.783525e-09
2.33132359e-06	8.841744e-09
2.33134224e-06	9.056553e-09
2.33136089e-06	8.896047e-09
2.33137954e-06	8.494893e-09
2.33139819e-06	8.688491e-09
2.33141684e-06	8.905279e-09
2.33143549e-06	8.840168e-09
2.33145414e-06	8.717388e-09
2.33147280e-06	8.959487e-09
2.33149145e-06	8.888013e-09
2.33151010e-06	8.778313e-09
2.33152875e-06	8.704582e-09
2.33154740e-06	8.362046e-09
2.33156606e-06	8.524492e-09
2.33158471e-06	8.487849e-09
2.33160336e-06	8.332633e-09
2.33162201e-06	8.319732e-09
2.33164067e-06	7.881064e-09
2.33165932e-06	7.815965e-09
2.33167797e-06	8.571854e-09
2.33169663e-06	8.812141e-09
2.33171528e-06	8.342439e-09
2.33173393e-06	8.061433e-09
2.33175259e-06	8.586553e-09
2.33177124e-06	8.590206e-09
2.33178990e-06	8.404660e-09
2.33180855e-06	8.618215e-09
2.33182720e-06	8.498579e-09
2.33184586e-06	8.552401e-09
2.33186451e-06	8.686331e-09
2.33188317e-06	8.247675e-09
2.33190182e-06	7.994981e-09
2.33192048e-06	8.668362e-09
2.33193913e-06	9.688344e-09
2.33195779e-06	9.279820e-09
2.33197644e-06	8.124412e-09
2.33199510e-06	8.249910e-09
2.33201376e-06	8.380607e-09
2.33203241e-06	8.641428e-09
2.33205107e-06	8.751426e-09
2.33206973e-06	8.780508e-09
2.33208838e-06	8.868063e-09
2.33210704e-06	8.586186e-09
2.33212570e-06	8.775825e-09
2.33214435e-06	8.833719e-09
2.33216301e-06	8.783921e-09
2.33218167e-06	8.892428e-09
2.33220033e-06	8.973735e-09
2.33221898e-06	8.610708e-09
2.33223764e-06	8.526377e-09
2.33225630e-06	8.299536e-09
2.33227496e-06	8.656789e-09
2.33229361e-06	9.066559e-09
2.33231227e-06	9.315961e-09
2.33233093e-06	9.252440e-09
2.33234959e-06	9.279250e-09
2.33236825e-06	9.124077e-09
2.33238691e-06	8.548826e-09
2.33240557e-06	8.332405e-09
2.33242423e-06	8.857747e-09
2.33244288e-06	9.085997e-09
2.33246154e-06	8.672743e-09
2.33248020e-06	8.369964e-09
2.33249886e-06	8.554701e-09
2.33251752e-06	8.966509e-09
2.33253618e-06	8.913022e-09
2.33255485e-06	8.317016e-09
2.33257350e-06	8.275649e-09
2.33259217e-06	8.679633e-09
2.33261083e-06	8.770028e-09
2.33262949e-06	9.118733e-09
2.33264815e-06	9.150281e-09
2.33266681e-06	8.968006e-09
2.33268547e-06	9.195252e-09
2.33270413e-06	9.108181e-09
2.33272279e-06	8.813284e-09
2.33274146e-06	8.482365e-09
2.33276012e-06	8.636723e-09
2.33277878e-06	8.764392e-09
2.33279744e-06	8.476065e-09
2.33281610e-06	8.273967e-09
2.33283477e-06	9.056391e-09
2.33285343e-06	9.257762e-09
2.33287209e-06	8.107711e-09
2.33289075e-06	7.987576e-09
2.33290942e-06	8.121757e-09
2.33292808e-06	8.218240e-09
2.33294675e-06	8.604126e-09
2.33296541e-06	8.848608e-09
2.33298407e-06	8.757581e-09
2.33300274e-06	8.765381e-09
2.33302140e-06	9.125018e-09
2.33304006e-06	9.021238e-09
2.33305873e-06	8.916280e-09
2.33307739e-06	8.947968e-09
2.33309606e-06	8.959737e-09
2.33311472e-06	8.779634e-09
2.33313339e-06	8.834599e-09
2.33315205e-06	8.565001e-09
2.33317072e-06	8.299663e-09
2.33318938e-06	8.702942e-09
2.33320805e-06	8.838401e-09
2.33322671e-06	8.476210e-09
2.33324538e-06	8.395144e-09
2.33326405e-06	8.643508e-09
2.33328271e-06	8.406326e-09
2.33330138e-06	8.816338e-09
2.33332004e-06	8.951695e-09
2.33333871e-06	8.956020e-09
2.33335738e-06	8.832731e-09
2.33337604e-06	8.604181e-09
2.33339471e-06	8.716921e-09
2.33341338e-06	8.634247e-09
2.33343205e-06	9.036149e-09
2.33345071e-06	9.105806e-09
2.33346938e-06	9.127549e-09
2.33348805e-06	8.946738e-09
2.33350672e-06	8.632460e-09
2.33352538e-06	8.342179e-09
2.33354405e-06	8.420574e-09
2.33356272e-06	8.229847e-09
2.33358139e-06	8.024839e-09
2.33360006e-06	8.483023e-09
2.33361873e-06	8.733241e-09
2.33363740e-06	8.618826e-09
2.33365607e-06	8.490649e-09
2.33367473e-06	8.200241e-09
2.33369340e-06	7.798294e-09
2.33371207e-06	9.173281e-09
2.33373074e-06	8.647844e-09
2.33374941e-06	8.254741e-09
2.33376808e-06	8.739054e-09
2.33378675e-06	9.479104e-09
2.33380542e-06	8.004469e-09
2.33382410e-06	8.401908e-09
2.33384277e-06	8.598218e-09
2.33386144e-06	8.753065e-09
2.33388011e-06	8.861343e-09
2.33389878e-06	8.818315e-09
2.33391745e-06	8.934400e-09
2.33393612e-06	8.750904e-09
2.33395479e-06	8.402812e-09
2.33397346e-06	8.849990e-09
2.33399213e-06	9.198874e-09
2.33401081e-06	9.203827e-09
2.33402948e-06	9.084423e-09
2.33404815e-06	8.973407e-09
2.33406682e-06	9.029442e-09
2.33408550e-06	9.151726e-09
2.33410417e-06	9.042661e-09
2.33412284e-06	8.678182e-09
2.33414152e-06	8.088470e-09
2.33416019e-06	8.051713e-09
2.33417886e-06	8.380738e-09
2.33419754e-06	8.370442e-09
2.33421621e-06	8.386266e-09
2.33423488e-06	8.598651e-09
2.33425356e-06	8.705242e-09
2.33427223e-06	8.729114e-09
2.33429090e-06	8.548736e-09
2.33430958e-06	8.381647e-09
2.33432825e-06	8.366039e-09
2.33434693e-06	8.417454e-09
2.33436560e-06	8.564043e-09
2.33438428e-06	8.872906e-09
2.33440295e-06	8.977043e-09
2.33442163e-06	8.551411e-09
2.33444030e-06	8.279307e-09
2.33445898e-06	8.459683e-09
2.33447765e-06	8.586839e-09
2.33449633e-06	8.713900e-09
2.33451501e-06	8.408847e-09
2.33453368e-06	8.529438e-09
2.33455236e-06	8.822664e-09
2.33457104e-06	8.692203e-09
2.33458971e-06	8.946614e-09
2.33460839e-06	8.877860e-09
2.33462706e-06	8.414459e-09
2.33464574e-06	8.411690e-09
2.33466442e-06	8.696013e-09
2.33468310e-06	8.749685e-09
2.33470177e-06	8.640622e-09
2.33472045e-06	8.386930e-09
2.33473913e-06	8.155931e-09
2.33475781e-06	9.549242e-09
2.33477648e-06	8.488885e-09
2.33479516e-06	8.100567e-09
2.33481384e-06	8.294414e-09
2.33483252e-06	8.248801e-09
2.33485120e-06	8.334926e-09
2.33486988e-06	8.254662e-09
2.33488856e-06	8.380551e-09
2.33490724e-06	8.892200e-09
2.33492591e-06	9.074452e-09
2.33494460e-06	9.047842e-09
2.33496327e-06	8.852654e-09
2.33498195e-06	8.216741e-09
2.33500063e-06	8.376246e-09
2.33501931e-06	9.019912e-09
2.33503799e-06	9.144000e-09
2.33505667e-06	9.126474e-09
2.33507535e-06	9.009575e-09
2.33509404e-06	8.507362e-09
2.33511272e-06	7.966751e-09
2.33513140e-06	7.844295e-09
2.33515008e-06	8.355378e-09
2.33516876e-06	8.740434e-09
2.33518744e-06	8.510140e-09
2.33520612e-06	8.561914e-09
2.33522480e-06	8.689009e-09
2.33524348e-06	8.406377e-09
2.33526217e-06	8.408735e-09
2.33528085e-06	8.639699e-09
2.33529953e-06	8.726867e-09
2.33531821e-06	8.691416e-09
2.33533690e-06	8.567970e-09
2.33535558e-06	8.602048e-09
2.33537426e-06	8.352386e-09
2.33539294e-06	8.328491e-09
2.33541163e-06	8.684401e-09
2.33543031e-06	8.815919e-09
2.33544900e-06	8.815818e-09
2.33546768e-06	8.974322e-09
2.33548636e-06	9.071110e-09
2.33550505e-06	8.267955e-09
2.33552373e-06	7.691814e-09
2.33554242e-06	9.233278e-09
2.33556110e-06	7.874259e-09
2.33557978e-06	8.130957e-09
2.33559847e-06	8.434085e-09
2.33561715e-06	8.452148e-09
2.33563584e-06	8.316514e-09
2.33565452e-06	8.056409e-09
2.33567321e-06	7.964806e-09
2.33569189e-06	8.159629e-09
2.33571058e-06	8.280737e-09
2.33572927e-06	8.146242e-09
2.33574795e-06	8.031722e-09
2.33576664e-06	8.847146e-09
2.33578532e-06	9.441260e-09
2.33580401e-06	8.458582e-09
2.33582269e-06	8.423905e-09
2.33584138e-06	8.695525e-09
2.33586007e-06	8.894082e-09
2.33587876e-06	8.838697e-09
2.33589744e-06	8.479502e-09
2.33591613e-06	8.413749e-09
2.33593482e-06	8.936427e-09
2.33595350e-06	8.967324e-09
2.33597219e-06	8.629312e-09
2.33599088e-06	8.776793e-09
2.33600957e-06	8.949187e-09
2.33602826e-06	8.954112e-09
2.33604694e-06	9.018616e-09
2.33606563e-06	9.252609e-09
2.33608432e-06	9.408736e-09
2.33610301e-06	9.486545e-09
2.33612170e-06	9.524135e-09
2.33614039e-06	9.368838e-09
2.33615908e-06	9.150463e-09
2.33617777e-06	9.144463e-09
2.33619646e-06	8.925427e-09
2.33621514e-06	8.942978e-09
2.33623383e-06	9.186708e-09
2.33625253e-06	8.987556e-09
2.33627121e-06	8.827477e-09
2.33628990e-06	8.653410e-09
2.33630860e-06	8.792664e-09
2.33632729e-06	8.524678e-09
2.33634598e-06	8.216134e-09
2.33636467e-06	8.252117e-09
2.33638336e-06	8.750518e-09
2.33640205e-06	8.728180e-09
2.33642074e-06	8.765826e-09
2.33643943e-06	9.032073e-09
2.33645812e-06	8.699417e-09
2.33647681e-06	9.013246e-09
2.33649551e-06	9.029714e-09
2.33651420e-06	9.012735e-09
2.33653289e-06	9.294832e-09
2.33655158e-06	9.056005e-09
2.33657028e-06	8.700032e-09
2.33658897e-06	9.046475e-09
2.33660766e-06	8.909956e-09
2.33662635e-06	8.803129e-09
2.33664505e-06	8.853091e-09
2.33666374e-06	8.877733e-09
2.33668243e-06	8.677905e-09
2.33670113e-06	8.327477e-09
2.33671982e-06	8.395158e-09
2.33673851e-06	8.354584e-09
2.33675721e-06	8.275976e-09
2.33677590e-06	8.520894e-09
2.33679460e-06	8.464689e-09
2.33681329e-06	8.040586e-09
2.33683198e-06	9.405245e-09
2.33685068e-06	8.769233e-09
2.33686937e-06	8.279389e-09
2.33688807e-06	8.410979e-09
2.33690676e-06	8.369244e-09
2.33692546e-06	8.404503e-09
2.33694415e-06	8.429602e-09
2.33696285e-06	8.571180e-09
2.33698155e-06	8.353389e-09
2.33700024e-06	8.389417e-09
2.33701894e-06	8.610301e-09
2.33703763e-06	8.749722e-09
2.33705633e-06	8.616819e-09
2.33707503e-06	8.771839e-09
2.33709372e-06	8.900933e-09
2.33711242e-06	8.949460e-09
2.33713112e-06	8.945570e-09
2.33714981e-06	8.726493e-09
2.33716851e-06	8.897865e-09
2.33718721e-06	9.120226e-09
2.33720591e-06	8.718216e-09
2.33722460e-06	8.499042e-09
2.33724330e-06	8.707864e-09
2.33726200e-06	8.673733e-09
2.33728070e-06	8.394203e-09
2.33729940e-06	8.377633e-09
2.33731809e-06	8.638049e-09
2.33733679e-06	8.648030e-09
2.33735549e-06	8.487563e-09
2.33737419e-06	8.169211e-09
2.33739289e-06	7.684817e-09
2.33741159e-06	9.154613e-09
2.33743029e-06	7.748510e-09
2.33744899e-06	8.208655e-09
2.33746769e-06	8.506083e-09
2.33748639e-06	8.526488e-09
2.33750509e-06	8.678448e-09
2.33752379e-06	8.839154e-09
2.33754249e-06	8.813173e-09
2.33756119e-06	8.709670e-09
2.33757989e-06	9.082287e-09
2.33759859e-06	9.125111e-09
2.33761729e-06	8.887819e-09
2.33763599e-06	8.532634e-09
2.33765469e-06	8.967453e-09
2.33767339e-06	8.987334e-09
2.33769209e-06	8.865523e-09
2.33771079e-06	8.656713e-09
2.33772950e-06	8.377131e-09
2.33774820e-06	8.351228e-09
2.33776690e-06	8.388691e-09
2.33778560e-06	8.725545e-09
2.33780431e-06	8.859725e-09
2.33782301e-06	8.894351e-09
2.33784171e-06	8.790625e-09
2.33786041e-06	8.825564e-09
2.33787912e-06	8.689491e-09
2.33789782e-06	8.395249e-09
2.33791652e-06	7.991842e-09
2.33793523e-06	9.415101e-09
2.33795393e-06	8.613951e-09
2.33797263e-06	8.056180e-09
2.33799134e-06	8.417953e-09
2.33801004e-06	8.648203e-09
2.33802874e-06	8.681594e-09
2.33804745e-06	8.649023e-09
2.33806615e-06	8.833319e-09
2.33808486e-06	8.862883e-09
2.33810356e-06	8.971878e-09
2.33812227e-06	8.705245e-09
2.33814097e-06	8.696522e-09
2.33815968e-06	8.744607e-09
2.33817838e-06	8.613635e-09
2.33819709e-06	8.389760e-09
2.33821579e-06	8.379659e-09
2.33823450e-06	7.928959e-09
2.33825321e-06	8.450916e-09
2.33827191e-06	8.693056e-09
2.33829062e-06	8.718846e-09
2.33830932e-06	8.612513e-09
2.33832803e-06	8.354149e-09
2.33834674e-06	8.348920e-09
2.33836544e-06	8.818263e-09
2.33838415e-06	8.818124e-09
2.33840286e-06	9.037685e-09
2.33842156e-06	8.968554e-09
2.33844027e-06	8.532584e-09
2.33845898e-06	8.099552e-09
2.33847769e-06	8.400023e-09
2.33849639e-06	8.742291e-09
2.33851510e-06	8.818820e-09
2.33853381e-06	8.807925e-09
2.33855252e-06	9.462903e-09
2.33857123e-06	8.893054e-09
2.33858994e-06	8.464149e-09
2.33860864e-06	8.545711e-09
2.33862735e-06	8.921926e-09
2.33864606e-06	8.863450e-09
2.33866477e-06	8.757910e-09
2.33868348e-06	8.437825e-09
2.33870219e-06	8.316938e-09
2.33872090e-06	8.071476e-09
2.33873961e-06	8.172383e-09
2.33875832e-06	8.212715e-09
2.33877703e-06	8.328765e-09
2.33879574e-06	8.868094e-09
2.33881445e-06	8.986965e-09
2.33883316e-06	9.087712e-09
2.33885187e-06	9.083090e-09
2.33887058e-06	8.471765e-09
2.33888929e-06	8.723441e-09
2.33890800e-06	8.781250e-09
2.33892672e-06	8.613404e-09
2.33894543e-06	8.313576e-09
2.33896414e-06	8.294739e-09
2.33898285e-06	8.622535e-09
2.33900156e-06	8.622278e-09
2.33902027e-06	8.511674e-09
2.33903899e-06	8.344899e-09
2.33905770e-06	8.039243e-09
2.33907641e-06	9.450423e-09
2.33909512e-06	8.782306e-09
2.33911384e-06	8.202339e-09
2.33913255e-06	8.521600e-09
2.33915126e-06	8.670283e-09
2.33916998e-06	8.620659e-09
2.33918869e-06	8.248211e-09
2.33920740e-06	8.315058e-09
2.33922612e-06	8.637056e-09
2.33924483e-06	8.612556e-09
2.33926354e-06	8.563925e-09
2.33928226e-06	8.271108e-09
2.33930097e-06	7.986984e-09
2.33931969e-06	8.986118e-09
2.33933840e-06	7.994361e-09
2.33935712e-06	8.161893e-09
2.33937583e-06	8.469070e-09
2.33939455e-06	8.618282e-09
2.33941326e-06	8.807745e-09
2.33943198e-06	8.785972e-09
2.33945069e-06	8.565478e-09
2.33946941e-06	8.246067e-09
2.33948812e-06	8.387859e-09
2.33950684e-06	8.867259e-09
2.33952556e-06	9.086374e-09
2.33954427e-06	9.050109e-09
2.33956299e-06	8.778316e-09
2.33958171e-06	8.582969e-09
2.33960042e-06	8.131474e-09
2.33961914e-06	8.165685e-09
2.33963785e-06	8.546036e-09
2.33965657e-06	8.287193e-09
2.33967529e-06	8.173441e-09
2.33969401e-06	8.776455e-09
2.33971272e-06	8.867326e-09
2.33973144e-06	8.551620e-09
2.33975016e-06	8.349976e-09
2.33976888e-06	8.671136e-09
2.33978760e-06	8.746185e-09
2.33980631e-06	8.665552e-09
2.33982503e-06	8.806244e-09
2.33984375e-06	8.593640e-09
2.33986247e-06	8.044218e-09
2.33988119e-06	8.117061e-09
2.33989991e-06	7.979267e-09
2.33991863e-06	7.980839e-09
2.33993735e-06	8.644251e-09
2.33995607e-06	8.628603e-09
2.33997479e-06	8.960755e-09
2.33999351e-06	9.011636e-09
2.34001223e-06	8.717838e-09
2.34003095e-06	8.211547e-09
2.34004967e-06	8.166543e-09
2.34006839e-06	8.267092e-09
2.34008711e-06	8.423816e-09
2.34010583e-06	8.727735e-09
2.34012455e-06	8.364693e-09
2.34014327e-06	8.519766e-09
2.34016199e-06	8.216398e-09
2.34018071e-06	8.443144e-09
2.34019943e-06	8.639998e-09
2.34021815e-06	8.500214e-09
2.34023688e-06	8.123154e-09
2.34025560e-06	8.994432e-09
2.34027432e-06	9.317885e-09
2.34029304e-06	8.177007e-09
2.34031177e-06	8.348612e-09
2.34033049e-06	8.516399e-09
2.34034921e-06	8.269865e-09
2.34036793e-06	8.049727e-09
2.34038666e-06	8.209556e-09
2.34040538e-06	8.278778e-09
2.34042410e-06	8.106464e-09
2.34044283e-06	8.023577e-09
2.34046155e-06	8.637267e-09
2.34048027e-06	8.777167e-09
2.34049900e-06	8.647374e-09
2.34051772e-06	8.092731e-09
2.34053644e-06	8.153518e-09
2.34055517e-06	8.419832e-09
2.34057389e-06	8.185506e-09
2.34059262e-06	8.301470e-09
2.34061134e-06	8.312100e-09
2.34063007e-06	8.368661e-09
2.34064879e-06	8.612730e-09
2.34066752e-06	8.266932e-09
2.34068624e-06	8.521345e-09
2.34070497e-06	9.099134e-09
2.34072369e-06	9.194321e-09
2.34074242e-06	9.267976e-09
2.34076115e-06	9.207066e-09
2.34077987e-06	8.713767e-09
2.34079860e-06	8.975037e-09
2.34081733e-06	8.898164e-09
2.34083605e-06	8.708699e-09
2.34085478e-06	8.966977e-09
2.34087350e-06	8.913826e-09
2.34089223e-06	8.882139e-09
2.34091096e-06	8.940147e-09
2.34092969e-06	8.839187e-09
2.34094841e-06	9.161506e-09
2.34096714e-06	9.023174e-09
2.34098587e-06	8.922714e-09
2.34100460e-06	8.860343e-09
2.34102333e-06	8.727374e-09
2.34104205e-06	8.477105e-09
2.34106078e-06	8.150241e-09
2.34107951e-06	8.328727e-09
2.34109824e-06	8.199416e-09
2.34111697e-06	8.360563e-09
2.34113570e-06	7.956226e-09
2.34115443e-06	8.024984e-09
2.34117315e-06	8.090622e-09
2.34119188e-06	8.591794e-09
2.34121061e-06	8.457630e-09
2.34122934e-06	8.320196e-09
2.34124807e-06	8.036114e-09
2.34126680e-06	8.349249e-09
2.34128553e-06	8.262769e-09
2.34130426e-06	8.027494e-09
2.34132299e-06	8.405351e-09
2.34134172e-06	8.163051e-09
2.34136045e-06	8.011601e-09
2.34137919e-06	8.309989e-09
2.34139792e-06	8.627156e-09
2.34141665e-06	8.596440e-09
2.34143538e-06	8.501099e-09
2.34145411e-06	8.313203e-09
2.34147284e-06	8.089283e-09
2.34149158e-06	9.599675e-09
2.34151031e-06	8.118031e-09
2.34152904e-06	8.274943e-09
2.34154777e-06	8.348929e-09
2.34156650e-06	8.535506e-09
2.34158524e-06	8.696112e-09
2.34160397e-06	8.858193e-09
2.34162270e-06	8.868595e-09
2.34164143e-06	8.912592e-09
2.34166017e-06	8.765329e-09
2.34167890e-06	8.499888e-09
2.34169763e-06	8.292452e-09
2.34171637e-06	8.234440e-09
2.34173510e-06	8.497086e-09
2.34175384e-06	8.730123e-09
2.34177257e-06	8.914246e-09
2.34179130e-06	8.800126e-09
2.34181004e-06	9.028144e-09
2.34182877e-06	8.937248e-09
2.34184751e-06	8.442195e-09
2.34186624e-06	8.154466e-09
2.34188498e-06	8.130936e-09
2.34190371e-06	8.471461e-09
2.34192245e-06	8.334938e-09
2.34194118e-06	8.202924e-09
2.34195992e-06	8.392372e-09
2.34197865e-06	8.588044e-09
2.34199739e-06	8.621733e-09
2.34201613e-06	8.294183e-09
2.34203486e-06	7.851228e-09
2.34205360e-06	8.156446e-09
2.34207233e-06	8.107685e-09
2.34209107e-06	8.526739e-09
2.34210981e-06	8.861286e-09
2.34212855e-06	8.940277e-09
2.34214728e-06	8.725067e-09
2.34216602e-06	8.548050e-09
2.34218476e-06	8.703594e-09
2.34220349e-06	9.102661e-09
2.34222223e-06	9.299142e-09
2.34224097e-06	9.330209e-09
2.34225971e-06	9.359440e-09
2.34227844e-06	9.454964e-09
2.34229718e-06	9.471059e-09
2.34231592e-06	9.189088e-09
2.34233466e-06	8.997438e-09
2.34235340e-06	9.234010e-09
2.34237214e-06	8.940581e-09
2.34239088e-06	8.797364e-09
2.34240962e-06	8.888605e-09
2.34242835e-06	8.761498e-09
2.34244709e-06	8.031914e-09
2.34246583e-06	8.346961e-09
2.34248457e-06	9.047102e-09
2.34250331e-06	9.257404e-09
2.34252205e-06	9.147657e-09
2.34254079e-06	8.575362e-09
2.34255953e-06	8.372362e-09
2.34257827e-06	8.622907e-09
2.34259702e-06	8.587846e-09
2.34261576e-06	8.752970e-09
2.34263450e-06	8.935162e-09
2.34265324e-06	8.918267e-09
2.34267198e-06	8.644522e-09
2.34269072e-06	8.449123e-09
2.34270946e-06	8.457362e-09
2.34272820e-06	8.102629e-09
2.34274695e-06	8.822630e-09
2.34276569e-06	9.361736e-09
2.34278443e-06	8.008451e-09
2.34280317e-06	8.381942e-09
2.34282191e-06	8.593158e-09
2.34284066e-06	8.401600e-09
2.34285940e-06	8.334614e-09
2.34287814e-06	8.554081e-09
2.34289689e-06	8.721967e-09
2.34291563e-06	8.951134e-09
2.34293437e-06	9.011473e-09
2.34295312e-06	9.042315e-09
2.34297186e-06	8.910659e-09
2.34299060e-06	8.696113e-09
2.34300935e-06	8.930644e-09
2.34302809e-06	9.175146e-09
2.34304684e-06	8.912326e-09
2.34306558e-06	8.679309e-09
2.34308432e-06	8.909992e-09
2.34310307e-06	8.979853e-09
2.34312181e-06	8.953334e-09
2.34314056e-06	8.930565e-09
2.34315930e-06	8.425581e-09
2.34317805e-06	8.611663e-09
2.34319679e-06	8.719794e-09
2.34321554e-06	8.440628e-09
2.34323429e-06	8.102230e-09
2.34325303e-06	7.738693e-09
2.34327178e-06	8.628554e-09
2.34329052e-06	7.941734e-09
2.34330927e-06	8.403644e-09
2.34332802e-06	8.683933e-09
2.34334676e-06	8.980559e-09
2.34336551e-06	9.025830e-09
2.34338426e-06	8.661849e-09
2.34340300e-06	8.828836e-09
2.34342175e-06	8.640743e-09
2.34344050e-06	8.644238e-09
2.34345925e-06	8.583953e-09
2.34347799e-06	8.296206e-09
2.34349674e-06	8.309045e-09
2.34351549e-06	8.504288e-09
2.34353424e-06	8.763925e-09
2.34355299e-06	8.825920e-09
2.34357173e-06	8.767011e-09
2.34359048e-06	8.483098e-09
2.34360923e-06	8.204482e-09
2.34362798e-06	8.096673e-09
2.34364673e-06	8.357506e-09
2.34366548e-06	8.086560e-09
2.34368423e-06	8.054112e-09
2.34370298e-06	8.201480e-09
2.34372173e-06	8.424016e-09
2.34374048e-06	8.814421e-09
2.34375923e-06	8.725637e-09
2.34377798e-06	8.685885e-09
2.34379673e-06	8.750117e-09
2.34381548e-06	8.334064e-09
2.34383423e-06	8.333394e-09
2.34385298e-06	8.426098e-09
2.34387173e-06	8.586712e-09
2.34389048e-06	8.905005e-09
2.34390923e-06	8.799632e-09
2.34392798e-06	8.757158e-09
2.34394673e-06	8.968026e-09
2.34396549e-06	8.797877e-09
2.34398424e-06	8.399086e-09
2.34400299e-06	8.543803e-09
2.34402174e-06	8.226840e-09
2.34404049e-06	8.063050e-09
2.34405925e-06	9.234496e-09
2.34407800e-06	8.930030e-09
2.34409675e-06	8.069952e-09
2.34411550e-06	8.377674e-09
2.34413426e-06	8.463985e-09
2.34415301e-06	8.656040e-09
2.34417176e-06	8.854152e-09
2.34419052e-06	8.947445e-09
2.34420927e-06	8.876497e-09
2.34422802e-06	8.866643e-09
2.34424678e-06	8.932529e-09
2.34426553e-06	9.058609e-09
2.34428429e-06	8.619742e-09
2.34430304e-06	8.572068e-09
2.34432179e-06	8.357038e-09
2.34434055e-06	8.616506e-09
2.34435930e-06	8.909951e-09
2.34437806e-06	8.913066e-09
2.34439681e-06	8.712464e-09
2.34441557e-06	8.602285e-09
2.34443432e-06	8.525730e-09
2.34445308e-06	8.368378e-09
2.34447183e-06	8.386603e-09
2.34449059e-06	8.441617e-09
2.34450935e-06	8.291042e-09
2.34452810e-06	8.487011e-09
2.34454686e-06	8.569031e-09
2.34456562e-06	8.406073e-09
2.34458437e-06	8.553959e-09
2.34460313e-06	8.782573e-09
2.34462189e-06	8.728115e-09
2.34464064e-06	8.596100e-09
2.34465940e-06	8.417184e-09
2.34467816e-06	8.074583e-09
2.34469691e-06	8.326460e-09
2.34471567e-06	8.328666e-09
2.34473443e-06	7.996260e-09
2.34475319e-06	8.226266e-09
2.34477195e-06	8.091422e-09
2.34479070e-06	8.107939e-09
2.34480946e-06	7.956140e-09
2.34482822e-06	8.133103e-09
2.34484698e-06	8.640942e-09
2.34486574e-06	8.683848e-09
2.34488450e-06	8.405162e-09
2.34490326e-06	8.450510e-09
2.34492202e-06	8.389259e-09
2.34494077e-06	8.479111e-09
2.34495953e-06	8.207706e-09
2.34497829e-06	8.414897e-09
2.34499705e-06	8.445991e-09
2.34501581e-06	8.047590e-09
2.34503457e-06	8.145992e-09
2.34505333e-06	7.996006e-09
2.34507209e-06	8.146738e-09
2.34509086e-06	8.066356e-09
2.34510962e-06	8.489668e-09
2.34512838e-06	8.857150e-09
2.34514714e-06	8.948819e-09
2.34516590e-06	8.849807e-09
2.34518466e-06	8.633475e-09
2.34520342e-06	8.554321e-09
2.34522218e-06	8.343616e-09
2.34524094e-06	8.318049e-09
2.34525971e-06	8.379360e-09
2.34527847e-06	8.252844e-09
2.34529723e-06	8.051720e-09
2.34531599e-06	7.854393e-09
2.34533476e-06	8.310362e-09
2.34535352e-06	8.446818e-09
2.34537228e-06	8.312297e-09
2.34539104e-06	8.033827e-09
2.34540981e-06	9.378932e-09
2.34542857e-06	8.796418e-09
2.34544733e-06	8.229740e-09
2.34546610e-06	8.227170e-09
2.34548486e-06	8.287557e-09
2.34550363e-06	8.249930e-09
2.34552239e-06	8.603895e-09
2.34554115e-06	8.678437e-09
2.34555992e-06	8.402191e-09
2.34557868e-06	8.664903e-09
2.34559745e-06	8.630650e-09
2.34561621e-06	7.785889e-09
2.34563498e-06	7.942340e-09
2.34565374e-06	8.695057e-09
2.34567251e-06	9.098148e-09
2.34569127e-06	8.877211e-09
2.34571004e-06	8.639810e-09
2.34572880e-06	9.038829e-09
2.34574757e-06	8.775438e-09
2.34576634e-06	8.777586e-09
2.34578510e-06	9.263297e-09
2.34580387e-06	9.376448e-09
2.34582263e-06	9.091579e-09
2.34584140e-06	8.448156e-09
2.34586017e-06	8.722818e-09
2.34587894e-06	9.258363e-09
2.34589770e-06	9.358705e-09
2.34591647e-06	9.369451e-09
2.34593524e-06	9.252405e-09
2.34595400e-06	9.103004e-09
2.34597277e-06	8.681097e-09
2.34599154e-06	8.451404e-09
2.34601031e-06	9.068910e-09
2.34602908e-06	9.282949e-09
2.34604784e-06	8.854494e-09
2.34606661e-06	8.744319e-09
2.34608538e-06	8.953393e-09
2.34610415e-06	8.790432e-09
2.34612292e-06	8.730846e-09
2.34614169e-06	9.020928e-09
2.34616046e-06	8.767800e-09
2.34617923e-06	8.345588e-09
2.34619800e-06	8.920847e-09
2.34621676e-06	9.143160e-09
2.34623553e-06	9.065223e-09
2.34625430e-06	8.995095e-09
2.34627307e-06	9.051484e-09
2.34629184e-06	9.111809e-09
2.34631061e-06	8.715306e-09
2.34632938e-06	8.668359e-09
2.34634816e-06	8.438817e-09
2.34636693e-06	8.448411e-09
2.34638570e-06	8.578296e-09
2.34640447e-06	8.516168e-09
2.34642324e-06	8.232320e-09
2.34644201e-06	8.027493e-09
2.34646078e-06	8.364052e-09
2.34647955e-06	8.008883e-09
2.34649833e-06	8.350377e-09
2.34651710e-06	8.652218e-09
2.34653587e-06	8.649998e-09
2.34655464e-06	8.865020e-09
2.34657341e-06	9.057606e-09
2.34659219e-06	8.921364e-09
2.34661096e-06	8.751897e-09
2.34662973e-06	8.820337e-09
2.34664851e-06	8.730413e-09
2.34666728e-06	8.734801e-09
2.34668605e-06	8.881413e-09
2.34670483e-06	8.951203e-09
2.34672360e-06	8.818645e-09
2.34674237e-06	8.675294e-09
2.34676115e-06	8.428059e-09
2.34677992e-06	8.057703e-09
2.34679870e-06	9.136658e-09
2.34681747e-06	8.961026e-09
2.34683625e-06	8.054127e-09
2.34685502e-06	8.398107e-09
2.34687379e-06	8.446954e-09
2.34689257e-06	8.222025e-09
2.34691134e-06	8.305976e-09
2.34693012e-06	8.229101e-09
2.34694889e-06	8.528148e-09
2.34696767e-06	8.761187e-09
2.34698645e-06	8.972307e-09
2.34700522e-06	8.989452e-09
2.34702400e-06	8.997066e-09
2.34704277e-06	9.080389e-09
2.34706155e-06	9.150037e-09
2.34708033e-06	9.172251e-09
2.34709910e-06	9.278345e-09
2.34711788e-06	9.197307e-09
2.34713666e-06	9.003461e-09
2.34715543e-06	8.542770e-09
2.34717421e-06	8.247011e-09
2.34719299e-06	7.771337e-09
2.34721177e-06	8.440867e-09
2.34723054e-06	8.679620e-09
2.34724932e-06	8.710380e-09
2.34726810e-06	8.720479e-09
2.34728688e-06	8.400630e-09
2.34730566e-06	8.319971e-09
2.34732444e-06	7.931323e-09
2.34734321e-06	8.694733e-09
2.34736199e-06	9.035085e-09
2.34738077e-06	8.989079e-09
2.34739955e-06	8.610772e-09
2.34741833e-06	8.353891e-09
2.34743711e-06	8.397686e-09
2.34745589e-06	8.773609e-09
2.34747467e-06	8.855565e-09
2.34749345e-06	8.419742e-09
2.34751223e-06	8.060907e-09
2.34753101e-06	8.220759e-09
2.34754979e-06	8.307346e-09
2.34756857e-06	8.299299e-09
2.34758735e-06	8.407638e-09
2.34760613e-06	8.738519e-09
2.34762491e-06	8.918709e-09
2.34764369e-06	8.370897e-09
2.34766247e-06	7.789784e-09
2.34768125e-06	8.344230e-09
2.34770004e-06	8.484157e-09
2.34771882e-06	8.443992e-09
2.34773760e-06	8.446747e-09
2.34775638e-06	8.547332e-09
2.34777516e-06	8.205227e-09
2.34779395e-06	8.526706e-09
2.34781273e-06	8.746225e-09
2.34783151e-06	8.895646e-09
2.34785029e-06	9.271492e-09
2.34786908e-06	9.056535e-09
2.34788786e-06	9.033441e-09
2.34790664e-06	9.351484e-09
2.34792542e-06	9.319391e-09
2.34794421e-06	9.170053e-09
2.34796299e-06	8.924833e-09
2.34798178e-06	9.062356e-09
2.34800056e-06	9.146837e-09
2.34801934e-06	8.772359e-09
2.34803813e-06	9.063616e-09
2.34805691e-06	9.150579e-09
2.34807570e-06	8.998922e-09
2.34809448e-06	8.777129e-09
2.34811327e-06	8.489198e-09
2.34813205e-06	8.404574e-09
2.34815084e-06	8.512805e-09
2.34816962e-06	8.679808e-09
2.34818841e-06	8.461325e-09
2.34820719e-06	8.106250e-09
2.34822598e-06	8.506045e-09
2.34824476e-06	9.391439e-09
2.34826355e-06	7.939781e-09
2.34828234e-06	8.374017e-09
2.34830112e-06	8.623325e-09
2.34831991e-06	8.823014e-09
2.34833869e-06	8.824510e-09
2.34835748e-06	8.934758e-09
2.34837627e-06	8.863384e-09
2.34839506e-06	9.044526e-09
2.34841384e-06	8.915649e-09
2.34843263e-06	8.698561e-09
2.34845142e-06	8.638422e-09
2.34847021e-06	9.088799e-09
2.34848899e-06	8.994794e-09
2.34850778e-06	9.006157e-09
2.34852657e-06	8.641780e-09
2.34854536e-06	8.646036e-09
2.34856415e-06	8.872160e-09
2.34858293e-06	8.858035e-09
2.34860172e-06	8.763808e-09
2.34862051e-06	9.183900e-09
2.34863930e-06	9.138977e-09
2.34865809e-06	8.776402e-09
2.34867688e-06	8.063993e-09
2.34869567e-06	8.058984e-09
2.34871446e-06	8.638341e-09
2.34873325e-06	8.627972e-09
2.34875204e-06	9.110564e-09
2.34877083e-06	9.251442e-09
2.34878962e-06	8.965338e-09
2.34880841e-06	8.737736e-09
2.34882720e-06	8.601397e-09
2.34884599e-06	8.683354e-09
2.34886478e-06	9.056364e-09
2.34888357e-06	8.973262e-09
2.34890236e-06	9.117139e-09
2.34892115e-06	9.287452e-09
2.34893994e-06	9.066002e-09
2.34895873e-06	8.290352e-09
2.34897753e-06	8.748229e-09
2.34899632e-06	8.581120e-09
2.34901511e-06	8.408833e-09
2.34903390e-06	9.035512e-09
2.34905269e-06	9.176429e-09
2.34907149e-06	9.165094e-09
2.34909028e-06	8.994242e-09
2.34910907e-06	8.694033e-09
2.34912787e-06	8.883355e-09
2.34914666e-06	8.829841e-09
2.34916545e-06	8.565589e-09
2.34918425e-06	8.772578e-09
2.34920304e-06	8.526923e-09
2.34922183e-06	8.668280e-09
2.34924063e-06	8.627585e-09
2.34925942e-06	8.945064e-09
2.34927821e-06	8.950186e-09
2.34929701e-06	8.169185e-09
2.34931580e-06	8.358066e-09
2.34933460e-06	8.584709e-09
2.34935339e-06	8.239271e-09
2.34937219e-06	8.147166e-09
2.34939098e-06	8.405889e-09
2.34940978e-06	8.426240e-09
2.34942857e-06	7.930881e-09
2.34944737e-06	8.356026e-09
2.34946616e-06	8.576540e-09
2.34948496e-06	7.989628e-09
2.34950375e-06	8.339960e-09
2.34952255e-06	7.966282e-09
2.34954135e-06	8.552325e-09
2.34956014e-06	8.714385e-09
2.34957894e-06	8.576894e-09
2.34959774e-06	8.753021e-09
2.34961653e-06	8.423764e-09
2.34963533e-06	8.291338e-09
2.34965413e-06	8.417629e-09
2.34967292e-06	8.211058e-09
2.34969172e-06	7.967337e-09
2.34971052e-06	9.412017e-09
2.34972932e-06	8.402176e-09
2.34974812e-06	7.977195e-09
2.34976691e-06	7.721620e-09
2.34978571e-06	8.221385e-09
2.34980451e-06	8.394124e-09
2.34982331e-06	8.229487e-09
2.34984211e-06	8.247007e-09
2.34986090e-06	8.122473e-09
2.34987970e-06	8.396531e-09
2.34989850e-06	8.557616e-09
2.34991730e-06	8.894022e-09
2.34993610e-06	8.943724e-09
2.34995490e-06	9.055373e-09
2.34997370e-06	8.812337e-09
