2.30001633e-06	1.217471e-08
2.30003473e-06	1.216363e-08
2.30005313e-06	1.229718e-08
2.30007153e-06	1.233476e-08
2.30008993e-06	1.226646e-08
2.30010833e-06	1.214421e-08
2.30012673e-06	1.213762e-08
2.30014513e-06	1.227094e-08
2.30016353e-06	1.232615e-08
2.30018194e-06	1.229279e-08
2.30020034e-06	1.228834e-08
2.30021874e-06	1.221466e-08
2.30023714e-06	1.223495e-08
2.30025554e-06	1.230584e-08
2.30027395e-06	1.239443e-08
2.30029235e-06	1.237806e-08
2.30031075e-06	1.235671e-08
2.30032915e-06	1.225996e-08
2.30034756e-06	1.221558e-08
2.30036596e-06	1.231600e-08
2.30038436e-06	1.235102e-08
2.30040276e-06	1.237097e-08
2.30042117e-06	1.233909e-08
2.30043957e-06	1.232189e-08
2.30045797e-06	1.227698e-08
2.30047638e-06	1.227202e-08
2.30049478e-06	1.249443e-08
2.30051319e-06	1.219101e-08
2.30053159e-06	1.283890e-08
2.30054999e-06	1.348780e-08
2.30056840e-06	1.209227e-08
2.30058680e-06	1.226555e-08
2.30060521e-06	1.242658e-08
2.30062361e-06	1.232360e-08
2.30064202e-06	1.230290e-08
2.30066042e-06	1.228571e-08
2.30067883e-06	1.226459e-08
2.30069723e-06	1.223600e-08
2.30071564e-06	1.224066e-08
2.30073404e-06	1.244665e-08
2.30075245e-06	1.238251e-08
2.30077086e-06	1.227351e-08
2.30078926e-06	1.223011e-08
2.30080767e-06	1.231064e-08
2.30082608e-06	1.232264e-08
2.30084448e-06	1.235116e-08
2.30086289e-06	1.235459e-08
2.30088129e-06	1.233830e-08
2.30089970e-06	1.234384e-08
2.30091811e-06	1.225977e-08
2.30093652e-06	1.223920e-08
2.30095492e-06	1.229790e-08
2.30097333e-06	1.233424e-08
2.30099174e-06	1.226598e-08
2.30101015e-06	1.221632e-08
2.30102856e-06	1.233056e-08
2.30104696e-06	1.229301e-08
2.30106537e-06	1.229987e-08
2.30108378e-06	1.232275e-08
2.30110219e-06	1.241430e-08
2.30112060e-06	1.227549e-08
2.30113901e-06	1.221706e-08
2.30115742e-06	1.216059e-08
2.30117583e-06	1.222481e-08
2.30119423e-06	1.230566e-08
2.30121265e-06	1.230672e-08
2.30123105e-06	1.222644e-08
2.30124946e-06	1.220068e-08
2.30126787e-06	1.216442e-08
2.30128628e-06	1.252168e-08
2.30130469e-06	1.320824e-08
2.30132310e-06	1.345110e-08
2.30134152e-06	1.231041e-08
2.30135993e-06	1.227423e-08
2.30137834e-06	1.226448e-08
2.30139675e-06	1.241312e-08
2.30141516e-06	1.232187e-08
2.30143357e-06	1.212755e-08
2.30145198e-06	1.212269e-08
2.30147039e-06	1.225312e-08
2.30148881e-06	1.238193e-08
2.30150722e-06	1.242686e-08
2.30152563e-06	1.227292e-08
2.30154404e-06	1.227780e-08
2.30156245e-06	1.229971e-08
2.30158087e-06	1.236868e-08
2.30159928e-06	1.236092e-08
2.30161769e-06	1.230441e-08
2.30163611e-06	1.232479e-08
2.30165452e-06	1.232359e-08
2.30167293e-06	1.228360e-08
2.30169135e-06	1.223925e-08
2.30170976e-06	1.222859e-08
2.30172817e-06	1.225104e-08
2.30174659e-06	1.230734e-08
2.30176500e-06	1.226172e-08
2.30178341e-06	1.216555e-08
2.30180183e-06	1.220014e-08
2.30182024e-06	1.228926e-08
2.30183866e-06	1.230363e-08
2.30185707e-06	1.229428e-08
2.30187549e-06	1.235748e-08
2.30189390e-06	1.235451e-08
2.30191232e-06	1.229929e-08
2.30193073e-06	1.235065e-08
2.30194915e-06	1.233811e-08
2.30196756e-06	1.225883e-08
2.30198598e-06	1.226958e-08
2.30200440e-06	1.230925e-08
2.30202281e-06	1.233000e-08
2.30204123e-06	1.232275e-08
2.30205964e-06	1.228358e-08
2.30207806e-06	1.216802e-08
2.30209648e-06	1.214546e-08
2.30211489e-06	1.315522e-08
2.30213331e-06	1.345227e-08
2.30215173e-06	1.205937e-08
2.30217014e-06	1.217132e-08
2.30218856e-06	1.218363e-08
2.30220698e-06	1.223681e-08
2.30222540e-06	1.229488e-08
2.30224381e-06	1.232714e-08
2.30226223e-06	1.233987e-08
2.30228065e-06	1.231138e-08
2.30229907e-06	1.235261e-08
2.30231749e-06	1.232469e-08
2.30233591e-06	1.225996e-08
2.30235433e-06	1.222945e-08
2.30237274e-06	1.226413e-08
2.30239116e-06	1.229683e-08
2.30240958e-06	1.234947e-08
2.30242800e-06	1.236503e-08
2.30244642e-06	1.234407e-08
2.30246484e-06	1.227286e-08
2.30248326e-06	1.227531e-08
2.30250168e-06	1.234570e-08
2.30252010e-06	1.238673e-08
2.30253852e-06	1.237090e-08
2.30255694e-06	1.234761e-08
2.30257536e-06	1.223666e-08
2.30259378e-06	1.227571e-08
2.30261220e-06	1.226383e-08
2.30263062e-06	1.233464e-08
2.30264904e-06	1.231715e-08
2.30266747e-06	1.227925e-08
2.30268589e-06	1.218675e-08
2.30270431e-06	1.229630e-08
2.30272273e-06	1.231323e-08
2.30274115e-06	1.227853e-08
2.30275957e-06	1.239488e-08
2.30277800e-06	1.235452e-08
2.30279642e-06	1.227553e-08
2.30281484e-06	1.230675e-08
2.30283326e-06	1.230912e-08
2.30285168e-06	1.230526e-08
2.30287011e-06	1.221731e-08
2.30288853e-06	1.223864e-08
2.30290695e-06	1.229753e-08
2.30292538e-06	1.226969e-08
2.30294380e-06	1.218245e-08
2.30296222e-06	1.232535e-08
2.30298065e-06	1.353612e-08
2.30299907e-06	1.262444e-08
2.30301750e-06	1.226082e-08
2.30303592e-06	1.227662e-08
2.30305434e-06	1.227098e-08
2.30307277e-06	1.226430e-08
2.30309119e-06	1.226942e-08
2.30310962e-06	1.230003e-08
2.30312804e-06	1.231535e-08
2.30314647e-06	1.229965e-08
2.30316489e-06	1.230483e-08
2.30318332e-06	1.229529e-08
2.30320174e-06	1.228639e-08
2.30322017e-06	1.222383e-08
2.30323860e-06	1.216910e-08
2.30325702e-06	1.227679e-08
2.30327545e-06	1.234351e-08
2.30329387e-06	1.232903e-08
2.30331230e-06	1.232397e-08
2.30333073e-06	1.233176e-08
2.30334915e-06	1.231764e-08
2.30336758e-06	1.235057e-08
2.30338601e-06	1.226621e-08
2.30340443e-06	1.219007e-08
2.30342286e-06	1.212090e-08
2.30344129e-06	1.225740e-08
2.30345972e-06	1.230523e-08
2.30347814e-06	1.235916e-08
2.30349657e-06	1.234708e-08
2.30351500e-06	1.231543e-08
2.30353343e-06	1.233349e-08
2.30355186e-06	1.235404e-08
2.30357028e-06	1.234952e-08
2.30358871e-06	1.231900e-08
2.30360714e-06	1.232809e-08
2.30362557e-06	1.234645e-08
2.30364400e-06	1.229825e-08
2.30366243e-06	1.224284e-08
2.30368086e-06	1.224496e-08
2.30369929e-06	1.227974e-08
2.30371772e-06	1.228968e-08
2.30373615e-06	1.232368e-08
2.30375458e-06	1.232604e-08
2.30377301e-06	1.232769e-08
2.30379144e-06	1.230266e-08
2.30380987e-06	1.229409e-08
2.30382830e-06	1.226124e-08
2.30384673e-06	1.211780e-08
2.30386516e-06	1.344648e-08
2.30388359e-06	1.310517e-08
2.30390202e-06	1.233587e-08
2.30392045e-06	1.224700e-08
2.30393888e-06	1.229698e-08
2.30395731e-06	1.232625e-08
2.30397575e-06	1.233649e-08
2.30399418e-06	1.224073e-08
2.30401261e-06	1.224888e-08
2.30403104e-06	1.224054e-08
2.30404947e-06	1.225608e-08
2.30406791e-06	1.226562e-08
2.30408634e-06	1.227367e-08
2.30410477e-06	1.224171e-08
2.30412321e-06	1.218903e-08
2.30414164e-06	1.216181e-08
2.30416007e-06	1.220798e-08
2.30417850e-06	1.225516e-08
2.30419694e-06	1.231545e-08
2.30421537e-06	1.224541e-08
2.30423381e-06	1.226267e-08
2.30425224e-06	1.228505e-08
2.30427067e-06	1.229455e-08
2.30428911e-06	1.227475e-08
2.30430754e-06	1.227532e-08
2.30432598e-06	1.230522e-08
2.30434441e-06	1.236057e-08
2.30436285e-06	1.234858e-08
2.30438128e-06	1.221253e-08
2.30439971e-06	1.217950e-08
2.30441815e-06	1.225919e-08
2.30443659e-06	1.227818e-08
2.30445502e-06	1.228644e-08
2.30447346e-06	1.220187e-08
2.30449189e-06	1.214129e-08
2.30451033e-06	1.228958e-08
2.30452877e-06	1.226883e-08
2.30454720e-06	1.221288e-08
2.30456564e-06	1.229108e-08
2.30458407e-06	1.232877e-08
2.30460251e-06	1.231738e-08
2.30462095e-06	1.230708e-08
2.30463938e-06	1.231607e-08
2.30465782e-06	1.231437e-08
2.30467626e-06	1.223603e-08
2.30469470e-06	1.226844e-08
2.30471313e-06	1.226634e-08
2.30473157e-06	1.230907e-08
2.30475001e-06	1.228620e-08
2.30476845e-06	1.215700e-08
2.30478688e-06	1.240248e-08
2.30480532e-06	1.353306e-08
2.30482376e-06	1.214764e-08
2.30484220e-06	1.215069e-08
2.30486064e-06	1.217189e-08
2.30487908e-06	1.219918e-08
2.30489752e-06	1.224592e-08
2.30491596e-06	1.226163e-08
2.30493440e-06	1.235096e-08
2.30495284e-06	1.228999e-08
2.30497128e-06	1.226669e-08
2.30498972e-06	1.230894e-08
2.30500815e-06	1.231995e-08
2.30502660e-06	1.226532e-08
2.30504504e-06	1.226939e-08
2.30506347e-06	1.231187e-08
2.30508192e-06	1.234161e-08
2.30510036e-06	1.233398e-08
2.30511880e-06	1.228974e-08
2.30513724e-06	1.230572e-08
2.30515568e-06	1.236844e-08
2.30517412e-06	1.234407e-08
2.30519256e-06	1.233446e-08
2.30521100e-06	1.233146e-08
2.30522944e-06	1.232434e-08
2.30524789e-06	1.225355e-08
2.30526633e-06	1.230177e-08
2.30528477e-06	1.231267e-08
2.30530321e-06	1.225236e-08
2.30532166e-06	1.222346e-08
2.30534010e-06	1.225279e-08
2.30535854e-06	1.231682e-08
2.30537698e-06	1.225848e-08
2.30539543e-06	1.225474e-08
2.30541387e-06	1.242504e-08
2.30543231e-06	1.230153e-08
2.30545076e-06	1.225507e-08
2.30546920e-06	1.231572e-08
2.30548764e-06	1.237751e-08
2.30550609e-06	1.230274e-08
2.30552453e-06	1.226667e-08
2.30554298e-06	1.221614e-08
2.30556142e-06	1.223338e-08
2.30557987e-06	1.228428e-08
2.30559831e-06	1.222535e-08
2.30561675e-06	1.218245e-08
2.30563520e-06	1.237340e-08
2.30565365e-06	1.246857e-08
2.30567209e-06	1.224942e-08
2.30569054e-06	1.220415e-08
2.30570898e-06	1.218854e-08
2.30572743e-06	1.224230e-08
2.30574587e-06	1.214794e-08
2.30576432e-06	1.312251e-08
2.30578276e-06	1.346217e-08
2.30580121e-06	1.209110e-08
2.30581966e-06	1.213327e-08
2.30583810e-06	1.216283e-08
2.30585655e-06	1.225880e-08
2.30587500e-06	1.234497e-08
2.30589344e-06	1.229240e-08
2.30591189e-06	1.228782e-08
2.30593034e-06	1.229845e-08
2.30594879e-06	1.232978e-08
2.30596723e-06	1.232197e-08
2.30598568e-06	1.230646e-08
2.30600413e-06	1.231172e-08
2.30602258e-06	1.233613e-08
2.30604102e-06	1.230612e-08
2.30605947e-06	1.228357e-08
2.30607792e-06	1.230212e-08
2.30609637e-06	1.231528e-08
2.30611482e-06	1.230965e-08
2.30613327e-06	1.233276e-08
2.30615172e-06	1.232976e-08
2.30617017e-06	1.236261e-08
2.30618862e-06	1.237019e-08
2.30620707e-06	1.234328e-08
2.30622551e-06	1.234982e-08
2.30624396e-06	1.234528e-08
2.30626241e-06	1.233241e-08
2.30628087e-06	1.230158e-08
2.30629932e-06	1.227950e-08
2.30631777e-06	1.226135e-08
2.30633622e-06	1.223420e-08
2.30635467e-06	1.219010e-08
2.30637312e-06	1.224230e-08
2.30639157e-06	1.225832e-08
2.30641002e-06	1.231578e-08
2.30642847e-06	1.223414e-08
2.30644692e-06	1.220194e-08
2.30646537e-06	1.226818e-08
2.30648383e-06	1.231915e-08
2.30650228e-06	1.226155e-08
2.30652073e-06	1.222814e-08
2.30653918e-06	1.231138e-08
2.30655763e-06	1.232547e-08
2.30657609e-06	1.228869e-08
2.30659454e-06	1.218914e-08
2.30661299e-06	1.221109e-08
2.30663144e-06	1.224351e-08
2.30664990e-06	1.230089e-08
2.30666835e-06	1.242515e-08
2.30668681e-06	1.227944e-08
2.30670526e-06	1.227619e-08
2.30672371e-06	1.227601e-08
2.30674217e-06	1.215445e-08
2.30676062e-06	1.221023e-08
2.30677907e-06	1.333493e-08
2.30679753e-06	1.336369e-08
2.30681598e-06	1.207285e-08
2.30683444e-06	1.222031e-08
2.30685289e-06	1.228634e-08
2.30687135e-06	1.227774e-08
2.30688980e-06	1.221978e-08
2.30690826e-06	1.225783e-08
2.30692671e-06	1.229860e-08
2.30694517e-06	1.233290e-08
2.30696362e-06	1.232401e-08
2.30698208e-06	1.224102e-08
2.30700053e-06	1.215771e-08
2.30701899e-06	1.226823e-08
2.30703745e-06	1.229752e-08
2.30705590e-06	1.230619e-08
2.30707436e-06	1.229658e-08
2.30709282e-06	1.227271e-08
2.30711127e-06	1.225815e-08
2.30712973e-06	1.222185e-08
2.30714819e-06	1.224943e-08
2.30716664e-06	1.220235e-08
2.30718510e-06	1.224355e-08
2.30720356e-06	1.230429e-08
2.30722202e-06	1.233932e-08
2.30724047e-06	1.235503e-08
2.30725893e-06	1.232349e-08
2.30727739e-06	1.229273e-08
2.30729585e-06	1.232305e-08
2.30731431e-06	1.230720e-08
2.30733277e-06	1.230560e-08
2.30735122e-06	1.229204e-08
2.30736968e-06	1.227540e-08
2.30738814e-06	1.229601e-08
2.30740660e-06	1.234474e-08
2.30742506e-06	1.231492e-08
2.30744352e-06	1.223500e-08
2.30746198e-06	1.225731e-08
2.30748044e-06	1.234408e-08
2.30749890e-06	1.234153e-08
2.30751736e-06	1.232526e-08
2.30753582e-06	1.232731e-08
2.30755428e-06	1.227648e-08
2.30757274e-06	1.224149e-08
2.30759120e-06	1.224730e-08
2.30760966e-06	1.230503e-08
2.30762812e-06	1.237887e-08
2.30764658e-06	1.254622e-08
2.30766504e-06	1.230622e-08
2.30768351e-06	1.226772e-08
2.30770197e-06	1.215398e-08
2.30772043e-06	1.205751e-08
2.30773889e-06	1.207167e-08
2.30775735e-06	1.209478e-08
2.30777581e-06	1.211939e-08
2.30779428e-06	1.224483e-08
2.30781274e-06	1.218022e-08
2.30783120e-06	1.328432e-08
2.30784966e-06	1.338111e-08
2.30786813e-06	1.206570e-08
2.30788659e-06	1.213575e-08
2.30790505e-06	1.210531e-08
2.30792352e-06	1.214555e-08
2.30794198e-06	1.226007e-08
2.30796044e-06	1.221988e-08
2.30797891e-06	1.225043e-08
2.30799737e-06	1.228869e-08
2.30801583e-06	1.227353e-08
2.30803430e-06	1.222530e-08
2.30805276e-06	1.227875e-08
2.30807123e-06	1.221408e-08
2.30808969e-06	1.224782e-08
2.30810816e-06	1.233642e-08
2.30812662e-06	1.233676e-08
2.30814509e-06	1.232568e-08
2.30816355e-06	1.230040e-08
2.30818202e-06	1.227082e-08
2.30820048e-06	1.227134e-08
2.30821895e-06	1.223970e-08
2.30823741e-06	1.229973e-08
2.30825588e-06	1.230722e-08
2.30827434e-06	1.233124e-08
2.30829281e-06	1.235000e-08
2.30831128e-06	1.235065e-08
2.30832974e-06	1.228905e-08
2.30834821e-06	1.226440e-08
2.30836668e-06	1.228371e-08
2.30838514e-06	1.234397e-08
2.30840361e-06	1.235758e-08
2.30842208e-06	1.230940e-08
2.30844055e-06	1.228546e-08
2.30845901e-06	1.229914e-08
2.30847748e-06	1.228632e-08
2.30849595e-06	1.230192e-08
2.30851442e-06	1.232370e-08
2.30853288e-06	1.230991e-08
2.30855135e-06	1.227385e-08
2.30856982e-06	1.231951e-08
2.30858829e-06	1.235057e-08
2.30860676e-06	1.231910e-08
2.30862523e-06	1.222830e-08
2.30864370e-06	1.227445e-08
2.30866217e-06	1.227974e-08
2.30868063e-06	1.226251e-08
2.30869911e-06	1.233465e-08
2.30871757e-06	1.232818e-08
2.30873604e-06	1.232293e-08
2.30875451e-06	1.232535e-08
2.30877298e-06	1.227492e-08
2.30879145e-06	1.232006e-08
2.30880992e-06	1.232389e-08
2.30882840e-06	1.230479e-08
2.30884687e-06	1.222232e-08
2.30886534e-06	1.216000e-08
2.30888381e-06	1.219949e-08
2.30890228e-06	1.221312e-08
2.30892075e-06	1.296439e-08
2.30893922e-06	1.348504e-08
2.30895769e-06	1.211829e-08
2.30897616e-06	1.222201e-08
2.30899464e-06	1.230120e-08
2.30901311e-06	1.227004e-08
2.30903158e-06	1.223156e-08
2.30905005e-06	1.227416e-08
2.30906852e-06	1.225937e-08
2.30908700e-06	1.227547e-08
2.30910547e-06	1.230725e-08
2.30912394e-06	1.227553e-08
2.30914242e-06	1.227176e-08
2.30916089e-06	1.224803e-08
2.30917936e-06	1.226427e-08
2.30919784e-06	1.227784e-08
2.30921631e-06	1.227333e-08
2.30923478e-06	1.226811e-08
2.30925326e-06	1.223013e-08
2.30927173e-06	1.226954e-08
2.30929021e-06	1.231478e-08
2.30930868e-06	1.228793e-08
2.30932715e-06	1.232003e-08
2.30934563e-06	1.230584e-08
2.30936410e-06	1.233680e-08
2.30938258e-06	1.229424e-08
2.30940105e-06	1.225856e-08
2.30941953e-06	1.235034e-08
2.30943800e-06	1.234683e-08
2.30945648e-06	1.234465e-08
2.30947495e-06	1.233656e-08
2.30949343e-06	1.229889e-08
2.30951191e-06	1.228567e-08
2.30953038e-06	1.230027e-08
2.30954886e-06	1.229857e-08
2.30956733e-06	1.226046e-08
2.30958581e-06	1.227889e-08
2.30960429e-06	1.225711e-08
2.30962277e-06	1.221819e-08
2.30964124e-06	1.214724e-08
2.30965972e-06	1.231067e-08
2.30967820e-06	1.249350e-08
2.30969667e-06	1.231562e-08
2.30971515e-06	1.213131e-08
2.30973363e-06	1.208686e-08
2.30975211e-06	1.223463e-08
2.30977059e-06	1.236965e-08
2.30978906e-06	1.232693e-08
2.30980754e-06	1.228405e-08
2.30982602e-06	1.230176e-08
2.30984450e-06	1.236305e-08
2.30986298e-06	1.221551e-08
2.30988146e-06	1.223352e-08
2.30989994e-06	1.227646e-08
2.30991842e-06	1.227867e-08
2.30993689e-06	1.224939e-08
2.30995537e-06	1.224533e-08
2.30997385e-06	1.219394e-08
2.30999233e-06	1.225746e-08
2.31001081e-06	1.225162e-08
2.31002929e-06	1.210131e-08
2.31004777e-06	1.217042e-08
2.31006625e-06	1.352124e-08
2.31008473e-06	1.238284e-08
2.31010321e-06	1.213653e-08
2.31012170e-06	1.219928e-08
2.31014018e-06	1.228377e-08
2.31015866e-06	1.222452e-08
2.31017714e-06	1.221172e-08
2.31019562e-06	1.215433e-08
2.31021410e-06	1.218071e-08
2.31023258e-06	1.221378e-08
2.31025107e-06	1.217573e-08
2.31026955e-06	1.215182e-08
2.31028803e-06	1.225736e-08
2.31030651e-06	1.224524e-08
2.31032499e-06	1.222626e-08
2.31034348e-06	1.224083e-08
2.31036196e-06	1.234210e-08
2.31038044e-06	1.230353e-08
2.31039893e-06	1.229350e-08
2.31041741e-06	1.232709e-08
2.31043589e-06	1.230689e-08
2.31045438e-06	1.231188e-08
2.31047286e-06	1.231855e-08
2.31049134e-06	1.231983e-08
2.31050983e-06	1.230786e-08
2.31052831e-06	1.234478e-08
2.31054680e-06	1.230431e-08
2.31056528e-06	1.230181e-08
2.31058377e-06	1.233087e-08
2.31060225e-06	1.234801e-08
2.31062073e-06	1.228058e-08
2.31063922e-06	1.234981e-08
2.31065770e-06	1.239163e-08
2.31067619e-06	1.233496e-08
2.31069467e-06	1.225014e-08
2.31071316e-06	1.232881e-08
2.31073165e-06	1.230288e-08
2.31075013e-06	1.228052e-08
2.31076862e-06	1.223432e-08
2.31078710e-06	1.227222e-08
2.31080559e-06	1.233343e-08
2.31082408e-06	1.231497e-08
2.31084256e-06	1.229850e-08
2.31086105e-06	1.227699e-08
2.31087954e-06	1.230189e-08
2.31089802e-06	1.231868e-08
2.31091651e-06	1.230016e-08
2.31093500e-06	1.226240e-08
2.31095349e-06	1.226936e-08
2.31097197e-06	1.231347e-08
2.31099046e-06	1.230619e-08
2.31100895e-06	1.224378e-08
2.31102744e-06	1.217371e-08
2.31104593e-06	1.221529e-08
2.31106441e-06	1.215153e-08
2.31108290e-06	1.228240e-08
2.31110139e-06	1.228926e-08
2.31111988e-06	1.218152e-08
2.31113837e-06	1.209035e-08
2.31115686e-06	1.210564e-08
2.31117535e-06	1.227849e-08
2.31119384e-06	1.247767e-08
2.31121233e-06	1.230439e-08
2.31123082e-06	1.326074e-08
2.31124931e-06	1.335633e-08
2.31126780e-06	1.209991e-08
2.31128629e-06	1.219915e-08
2.31130478e-06	1.225163e-08
2.31132327e-06	1.228326e-08
2.31134176e-06	1.229714e-08
2.31136025e-06	1.229913e-08
2.31137874e-06	1.226641e-08
2.31139723e-06	1.224337e-08
2.31141572e-06	1.226034e-08
2.31143421e-06	1.226660e-08
2.31145270e-06	1.230920e-08
2.31147120e-06	1.229593e-08
2.31148969e-06	1.230508e-08
2.31150818e-06	1.227454e-08
2.31152667e-06	1.229488e-08
2.31154516e-06	1.226286e-08
2.31156366e-06	1.236544e-08
2.31158215e-06	1.220057e-08
2.31160064e-06	1.206006e-08
2.31161913e-06	1.215766e-08
2.31163763e-06	1.233560e-08
2.31165612e-06	1.240438e-08
2.31167461e-06	1.226048e-08
2.31169311e-06	1.219745e-08
2.31171160e-06	1.220048e-08
2.31173009e-06	1.226895e-08
2.31174859e-06	1.230106e-08
2.31176708e-06	1.228960e-08
2.31178558e-06	1.228799e-08
2.31180407e-06	1.227426e-08
2.31182257e-06	1.232176e-08
2.31184106e-06	1.233544e-08
2.31185955e-06	1.233582e-08
2.31187805e-06	1.221426e-08
2.31189654e-06	1.218224e-08
2.31191504e-06	1.223685e-08
2.31193353e-06	1.227094e-08
2.31195203e-06	1.229542e-08
2.31197052e-06	1.230925e-08
2.31198902e-06	1.230489e-08
2.31200752e-06	1.228954e-08
2.31202601e-06	1.232638e-08
2.31204451e-06	1.230343e-08
2.31206301e-06	1.230989e-08
2.31208150e-06	1.232781e-08
2.31210000e-06	1.232426e-08
2.31211850e-06	1.220848e-08
2.31213699e-06	1.220113e-08
2.31215549e-06	1.226955e-08
2.31217399e-06	1.225162e-08
2.31219248e-06	1.220074e-08
2.31221098e-06	1.230011e-08
2.31222948e-06	1.229430e-08
2.31224798e-06	1.227345e-08
2.31226648e-06	1.229752e-08
2.31228497e-06	1.228728e-08
2.31230347e-06	1.228059e-08
2.31232197e-06	1.218689e-08
2.31234047e-06	1.220539e-08
2.31235897e-06	1.225011e-08
2.31237747e-06	1.226831e-08
2.31239596e-06	1.225191e-08
2.31241446e-06	1.212475e-08
2.31243296e-06	1.207024e-08
2.31245146e-06	1.350227e-08
2.31246996e-06	1.263036e-08
2.31248846e-06	1.215623e-08
2.31250696e-06	1.216223e-08
2.31252546e-06	1.219290e-08
2.31254396e-06	1.229149e-08
2.31256246e-06	1.226956e-08
2.31258096e-06	1.230905e-08
2.31259946e-06	1.230740e-08
2.31261796e-06	1.228235e-08
2.31263647e-06	1.227621e-08
2.31265497e-06	1.225037e-08
2.31267347e-06	1.221640e-08
2.31269197e-06	1.227556e-08
2.31271047e-06	1.230930e-08
2.31272897e-06	1.228376e-08
2.31274748e-06	1.232589e-08
2.31276598e-06	1.229920e-08
2.31278448e-06	1.225129e-08
2.31280298e-06	1.228894e-08
2.31282148e-06	1.226820e-08
2.31283999e-06	1.219890e-08
2.31285849e-06	1.225000e-08
2.31287699e-06	1.228852e-08
2.31289550e-06	1.226859e-08
2.31291400e-06	1.230930e-08
2.31293250e-06	1.230901e-08
2.31295100e-06	1.231889e-08
2.31296951e-06	1.234685e-08
2.31298801e-06	1.232508e-08
2.31300652e-06	1.226121e-08
2.31302502e-06	1.231835e-08
2.31304352e-06	1.230951e-08
2.31306203e-06	1.228470e-08
2.31308053e-06	1.231041e-08
2.31309904e-06	1.230115e-08
2.31311754e-06	1.227784e-08
2.31313605e-06	1.225369e-08
2.31315455e-06	1.224892e-08
2.31317306e-06	1.229719e-08
2.31319156e-06	1.231148e-08
2.31321007e-06	1.229922e-08
2.31322857e-06	1.228599e-08
2.31324708e-06	1.231183e-08
2.31326559e-06	1.223865e-08
2.31328409e-06	1.223828e-08
2.31330260e-06	1.228129e-08
2.31332111e-06	1.224183e-08
2.31333961e-06	1.223624e-08
2.31335812e-06	1.232290e-08
2.31337662e-06	1.230625e-08
2.31339513e-06	1.232397e-08
2.31341364e-06	1.232944e-08
2.31343215e-06	1.222454e-08
2.31345065e-06	1.211395e-08
2.31346916e-06	1.220195e-08
2.31348767e-06	1.224256e-08
2.31350618e-06	1.226081e-08
2.31352469e-06	1.225826e-08
2.31354319e-06	1.221321e-08
2.31356170e-06	1.218022e-08
2.31358021e-06	1.225213e-08
2.31359872e-06	1.229158e-08
2.31361723e-06	1.228709e-08
2.31363574e-06	1.220971e-08
2.31365425e-06	1.217333e-08
2.31367275e-06	1.214464e-08
2.31369127e-06	1.240439e-08
2.31370977e-06	1.349272e-08
2.31372828e-06	1.210227e-08
2.31374679e-06	1.205227e-08
2.31376530e-06	1.220447e-08
2.31378381e-06	1.224590e-08
2.31380232e-06	1.220383e-08
2.31382083e-06	1.229314e-08
2.31383935e-06	1.229060e-08
2.31385786e-06	1.230007e-08
2.31387637e-06	1.226963e-08
2.31389488e-06	1.228490e-08
2.31391339e-06	1.226745e-08
2.31393190e-06	1.223928e-08
2.31395041e-06	1.225923e-08
2.31396892e-06	1.224615e-08
2.31398744e-06	1.226441e-08
2.31400595e-06	1.229947e-08
2.31402446e-06	1.225307e-08
2.31404297e-06	1.236640e-08
2.31406148e-06	1.237484e-08
2.31408000e-06	1.226129e-08
2.31409851e-06	1.218651e-08
2.31411702e-06	1.214035e-08
2.31413553e-06	1.222359e-08
2.31415405e-06	1.227301e-08
2.31417256e-06	1.227836e-08
2.31419107e-06	1.228885e-08
2.31420959e-06	1.229384e-08
2.31422810e-06	1.226928e-08
2.31424662e-06	1.227397e-08
2.31426513e-06	1.229981e-08
2.31428364e-06	1.229940e-08
2.31430216e-06	1.224346e-08
2.31432067e-06	1.229176e-08
2.31433919e-06	1.229483e-08
2.31435770e-06	1.228785e-08
2.31437622e-06	1.223232e-08
2.31439473e-06	1.224292e-08
2.31441325e-06	1.230474e-08
2.31443176e-06	1.232461e-08
2.31445028e-06	1.233523e-08
2.31446879e-06	1.230584e-08
2.31448731e-06	1.226348e-08
2.31450582e-06	1.228922e-08
2.31452434e-06	1.231572e-08
2.31454286e-06	1.228695e-08
2.31456137e-06	1.231618e-08
2.31457989e-06	1.226197e-08
2.31459841e-06	1.224397e-08
2.31461692e-06	1.219174e-08
2.31463544e-06	1.201304e-08
2.31465396e-06	1.215084e-08
2.31467247e-06	1.238962e-08
2.31469099e-06	1.245331e-08
2.31470951e-06	1.226969e-08
2.31472803e-06	1.227140e-08
2.31474654e-06	1.228345e-08
2.31476506e-06	1.228134e-08
2.31478358e-06	1.225785e-08
2.31480210e-06	1.228454e-08
2.31482062e-06	1.228775e-08
2.31483913e-06	1.222195e-08
2.31485765e-06	1.227045e-08
2.31487617e-06	1.228457e-08
2.31489469e-06	1.223954e-08
2.31491321e-06	1.220971e-08
2.31493173e-06	1.219661e-08
2.31495025e-06	1.218716e-08
2.31496877e-06	1.233445e-08
2.31498729e-06	1.284075e-08
2.31500581e-06	1.347969e-08
2.31502433e-06	1.205662e-08
2.31504285e-06	1.209114e-08
2.31506137e-06	1.224125e-08
2.31507989e-06	1.223247e-08
2.31509841e-06	1.219258e-08
2.31511693e-06	1.225977e-08
2.31513545e-06	1.225946e-08
2.31515397e-06	1.223419e-08
2.31517250e-06	1.225855e-08
2.31519102e-06	1.218816e-08
2.31520954e-06	1.220571e-08
2.31522806e-06	1.219865e-08
2.31524658e-06	1.218855e-08
2.31526510e-06	1.210746e-08
2.31528362e-06	1.221486e-08
2.31530215e-06	1.239797e-08
2.31532067e-06	1.226810e-08
2.31533919e-06	1.227107e-08
2.31535771e-06	1.221945e-08
2.31537624e-06	1.220231e-08
2.31539476e-06	1.219227e-08
2.31541328e-06	1.228646e-08
2.31543181e-06	1.231524e-08
2.31545033e-06	1.231624e-08
2.31546885e-06	1.222412e-08
2.31548738e-06	1.223683e-08
2.31550590e-06	1.229443e-08
2.31552443e-06	1.228289e-08
2.31554295e-06	1.228146e-08
2.31556148e-06	1.223669e-08
2.31558000e-06	1.217700e-08
2.31559852e-06	1.224964e-08
2.31561705e-06	1.225651e-08
2.31563557e-06	1.220197e-08
2.31565410e-06	1.212832e-08
2.31567262e-06	1.220426e-08
2.31569115e-06	1.225392e-08
2.31570967e-06	1.224808e-08
2.31572820e-06	1.226603e-08
2.31574673e-06	1.229232e-08
2.31576525e-06	1.228250e-08
2.31578378e-06	1.229666e-08
2.31580231e-06	1.220387e-08
2.31582083e-06	1.208542e-08
2.31583936e-06	1.218202e-08
2.31585788e-06	1.230119e-08
2.31587641e-06	1.228614e-08
2.31589494e-06	1.229734e-08
2.31591347e-06	1.214441e-08
2.31593199e-06	1.225536e-08
2.31595052e-06	1.230233e-08
2.31596905e-06	1.229674e-08
2.31598758e-06	1.229919e-08
2.31600610e-06	1.229661e-08
2.31602463e-06	1.226131e-08
2.31604316e-06	1.212511e-08
2.31606169e-06	1.211255e-08
2.31608022e-06	1.232247e-08
2.31609875e-06	1.231899e-08
2.31611727e-06	1.229183e-08
2.31613580e-06	1.229347e-08
2.31615433e-06	1.228928e-08
2.31617286e-06	1.226533e-08
2.31619139e-06	1.219597e-08
2.31620992e-06	1.224067e-08
2.31622845e-06	1.224774e-08
2.31624698e-06	1.230556e-08
2.31626551e-06	1.227378e-08
2.31628404e-06	1.231769e-08
2.31630257e-06	1.226569e-08
2.31632110e-06	1.233878e-08
2.31633963e-06	1.349077e-08
2.31635816e-06	1.209678e-08
2.31637669e-06	1.214166e-08
2.31639522e-06	1.221137e-08
2.31641375e-06	1.224408e-08
2.31643229e-06	1.227179e-08
2.31645082e-06	1.226421e-08
2.31646935e-06	1.226942e-08
2.31648788e-06	1.225490e-08
2.31650641e-06	1.225373e-08
2.31652494e-06	1.220356e-08
2.31654348e-06	1.211788e-08
2.31656201e-06	1.227188e-08
2.31658054e-06	1.226828e-08
2.31659908e-06	1.224776e-08
2.31661761e-06	1.228741e-08
2.31663614e-06	1.230648e-08
2.31665467e-06	1.231358e-08
2.31667321e-06	1.228514e-08
2.31669174e-06	1.227353e-08
2.31671027e-06	1.223061e-08
2.31672881e-06	1.221279e-08
2.31674734e-06	1.224644e-08
2.31676587e-06	1.231345e-08
2.31678441e-06	1.228902e-08
2.31680294e-06	1.216718e-08
2.31682148e-06	1.223818e-08
2.31684001e-06	1.232402e-08
2.31685855e-06	1.226556e-08
2.31687708e-06	1.227514e-08
2.31689562e-06	1.227810e-08
2.31691415e-06	1.228414e-08
2.31693269e-06	1.228467e-08
2.31695122e-06	1.229222e-08
2.31696976e-06	1.222916e-08
2.31698830e-06	1.222908e-08
2.31700683e-06	1.224443e-08
2.31702537e-06	1.227746e-08
2.31704390e-06	1.229043e-08
2.31706244e-06	1.229964e-08
2.31708098e-06	1.227816e-08
2.31709951e-06	1.223457e-08
2.31711805e-06	1.221926e-08
2.31713659e-06	1.217620e-08
2.31715512e-06	1.232250e-08
2.31717366e-06	1.227260e-08
2.31719220e-06	1.220654e-08
2.31721073e-06	1.223124e-08
2.31722927e-06	1.217166e-08
2.31724781e-06	1.214269e-08
2.31726635e-06	1.212927e-08
2.31728489e-06	1.214612e-08
2.31730342e-06	1.224775e-08
2.31732196e-06	1.227654e-08
2.31734050e-06	1.224134e-08
2.31735904e-06	1.222517e-08
2.31737758e-06	1.221584e-08
2.31739612e-06	1.221187e-08
2.31741466e-06	1.219957e-08
2.31743320e-06	1.226856e-08
2.31745174e-06	1.227827e-08
2.31747028e-06	1.227218e-08
2.31748882e-06	1.226051e-08
2.31750736e-06	1.232781e-08
2.31752590e-06	1.224446e-08
2.31754444e-06	1.220499e-08
2.31756298e-06	1.213085e-08
2.31758152e-06	1.217499e-08
2.31760006e-06	1.246988e-08
2.31761860e-06	1.251160e-08
2.31763714e-06	1.216520e-08
2.31765568e-06	1.206463e-08
2.31767422e-06	1.210667e-08
2.31769276e-06	1.206870e-08
2.31771131e-06	1.344129e-08
2.31772985e-06	1.256115e-08
2.31774839e-06	1.219212e-08
2.31776693e-06	1.217200e-08
2.31778547e-06	1.230968e-08
2.31780401e-06	1.224784e-08
2.31782256e-06	1.214419e-08
2.31784110e-06	1.214287e-08
2.31785964e-06	1.219620e-08
2.31787819e-06	1.229764e-08
2.31789673e-06	1.229043e-08
2.31791527e-06	1.223826e-08
2.31793381e-06	1.220128e-08
2.31795236e-06	1.226653e-08
2.31797090e-06	1.225990e-08
2.31798945e-06	1.225966e-08
2.31800799e-06	1.229750e-08
2.31802653e-06	1.228046e-08
2.31804508e-06	1.222986e-08
2.31806362e-06	1.226854e-08
2.31808217e-06	1.230866e-08
2.31810071e-06	1.229856e-08
2.31811926e-06	1.224395e-08
2.31813780e-06	1.227445e-08
2.31815635e-06	1.226955e-08
2.31817489e-06	1.226123e-08
2.31819344e-06	1.219938e-08
2.31821198e-06	1.215038e-08
2.31823053e-06	1.219231e-08
2.31824907e-06	1.219788e-08
2.31826762e-06	1.231723e-08
2.31828617e-06	1.227454e-08
2.31830471e-06	1.218024e-08
2.31832326e-06	1.213820e-08
2.31834181e-06	1.219929e-08
2.31836035e-06	1.216187e-08
2.31837890e-06	1.222833e-08
2.31839745e-06	1.228417e-08
2.31841599e-06	1.222995e-08
2.31843454e-06	1.216660e-08
2.31845309e-06	1.218205e-08
2.31847164e-06	1.225495e-08
2.31849018e-06	1.241026e-08
2.31850873e-06	1.223241e-08
2.31852728e-06	1.222770e-08
2.31854583e-06	1.216676e-08
2.31856438e-06	1.225412e-08
2.31858292e-06	1.225987e-08
2.31860147e-06	1.224785e-08
2.31862002e-06	1.225063e-08
2.31863857e-06	1.227418e-08
2.31865712e-06	1.226570e-08
2.31867567e-06	1.226909e-08
2.31869422e-06	1.226043e-08
2.31871277e-06	1.227845e-08
2.31873132e-06	1.232187e-08
2.31874987e-06	1.230776e-08
2.31876842e-06	1.225875e-08
2.31878697e-06	1.224654e-08
2.31880552e-06	1.220466e-08
2.31882407e-06	1.218819e-08
2.31884262e-06	1.226119e-08
2.31886117e-06	1.230717e-08
2.31887972e-06	1.229303e-08
2.31889827e-06	1.229895e-08
2.31891682e-06	1.230845e-08
2.31893538e-06	1.228940e-08
2.31895393e-06	1.225472e-08
2.31897248e-06	1.223485e-08
2.31899103e-06	1.227728e-08
2.31900958e-06	1.227431e-08
2.31902813e-06	1.226286e-08
2.31904669e-06	1.221835e-08
2.31906524e-06	1.222890e-08
2.31908379e-06	1.213856e-08
2.31910234e-06	1.205441e-08
2.31912090e-06	1.319824e-08
2.31913945e-06	1.326268e-08
2.31915800e-06	1.204726e-08
2.31917656e-06	1.206702e-08
2.31919511e-06	1.203602e-08
2.31921366e-06	1.209234e-08
2.31923222e-06	1.217458e-08
2.31925077e-06	1.224078e-08
2.31926932e-06	1.222992e-08
2.31928788e-06	1.219785e-08
2.31930643e-06	1.221036e-08
2.31932499e-06	1.228526e-08
2.31934354e-06	1.219918e-08
2.31936210e-06	1.218914e-08
2.31938065e-06	1.223775e-08
2.31939921e-06	1.222517e-08
2.31941776e-06	1.218026e-08
2.31943632e-06	1.214325e-08
2.31945487e-06	1.229312e-08
2.31947343e-06	1.226169e-08
2.31949198e-06	1.224608e-08
2.31951054e-06	1.226715e-08
2.31952910e-06	1.228332e-08
2.31954765e-06	1.227223e-08
2.31956621e-06	1.229906e-08
2.31958477e-06	1.225460e-08
2.31960332e-06	1.217798e-08
2.31962188e-06	1.210533e-08
2.31964044e-06	1.213535e-08
2.31965899e-06	1.214696e-08
2.31967755e-06	1.219919e-08
2.31969611e-06	1.228688e-08
2.31971466e-06	1.225741e-08
2.31973322e-06	1.231379e-08
2.31975178e-06	1.226634e-08
2.31977034e-06	1.223653e-08
2.31978890e-06	1.224369e-08
2.31980746e-06	1.221937e-08
2.31982601e-06	1.224193e-08
2.31984457e-06	1.223060e-08
2.31986313e-06	1.222749e-08
2.31988169e-06	1.224562e-08
2.31990025e-06	1.230264e-08
2.31991881e-06	1.227307e-08
2.31993737e-06	1.223029e-08
2.31995593e-06	1.227760e-08
2.31997449e-06	1.224493e-08
2.31999305e-06	1.224069e-08
2.32001161e-06	1.234105e-08
2.32003017e-06	1.221013e-08
2.32004873e-06	1.212286e-08
2.32006729e-06	1.222257e-08
2.32008585e-06	1.226652e-08
2.32010441e-06	1.229675e-08
2.32012297e-06	1.228376e-08
2.32014153e-06	1.230743e-08
2.32016009e-06	1.228461e-08
2.32017865e-06	1.230245e-08
2.32019721e-06	1.225899e-08
2.32021577e-06	1.219837e-08
2.32023434e-06	1.217047e-08
2.32025290e-06	1.212573e-08
2.32027146e-06	1.228399e-08
2.32029002e-06	1.217321e-08
2.32030858e-06	1.210910e-08
2.32032715e-06	1.203420e-08
2.32034571e-06	1.219123e-08
2.32036427e-06	1.226609e-08
2.32038284e-06	1.226795e-08
2.32040140e-06	1.221873e-08
2.32041996e-06	1.226177e-08
2.32043853e-06	1.231015e-08
2.32045709e-06	1.216873e-08
2.32047565e-06	1.208835e-08
2.32049422e-06	1.216163e-08
2.32051278e-06	1.220330e-08
2.32053135e-06	1.223632e-08
2.32054991e-06	1.218130e-08
2.32056847e-06	1.224494e-08
2.32058704e-06	1.346771e-08
2.32060560e-06	1.229708e-08
2.32062417e-06	1.224165e-08
2.32064273e-06	1.220336e-08
2.32066130e-06	1.223175e-08
2.32067986e-06	1.223677e-08
2.32069843e-06	1.223365e-08
2.32071699e-06	1.225402e-08
2.32073556e-06	1.226703e-08
2.32075413e-06	1.226186e-08
2.32077269e-06	1.226064e-08
2.32079126e-06	1.222756e-08
2.32080982e-06	1.225413e-08
2.32082839e-06	1.221956e-08
2.32084696e-06	1.225716e-08
2.32086552e-06	1.228629e-08
2.32088409e-06	1.227922e-08
2.32090266e-06	1.226379e-08
2.32092123e-06	1.228487e-08
2.32093979e-06	1.227639e-08
2.32095836e-06	1.227851e-08
2.32097693e-06	1.228339e-08
2.32099550e-06	1.230912e-08
2.32101406e-06	1.230363e-08
2.32103263e-06	1.229157e-08
2.32105120e-06	1.227830e-08
2.32106977e-06	1.230042e-08
2.32108834e-06	1.218511e-08
2.32110691e-06	1.215697e-08
2.32112547e-06	1.224531e-08
2.32114404e-06	1.228649e-08
2.32116261e-06	1.222323e-08
2.32118118e-06	1.226179e-08
2.32119975e-06	1.238675e-08
2.32121832e-06	1.223105e-08
2.32123689e-06	1.217011e-08
2.32125546e-06	1.218714e-08
2.32127403e-06	1.225301e-08
2.32129260e-06	1.222820e-08
2.32131117e-06	1.223527e-08
2.32132974e-06	1.232578e-08
2.32134831e-06	1.229048e-08
2.32136688e-06	1.224520e-08
2.32138545e-06	1.216510e-08
2.32140403e-06	1.219717e-08
2.32142260e-06	1.227419e-08
2.32144117e-06	1.231231e-08
2.32145974e-06	1.223222e-08
2.32147831e-06	1.220751e-08
2.32149688e-06	1.228997e-08
2.32151545e-06	1.228281e-08
2.32153403e-06	1.230659e-08
2.32155260e-06	1.230346e-08
2.32157117e-06	1.224941e-08
2.32158974e-06	1.225361e-08
2.32160832e-06	1.217021e-08
2.32162689e-06	1.219938e-08
2.32164546e-06	1.229884e-08
2.32166404e-06	1.226467e-08
2.32168261e-06	1.221233e-08
2.32170118e-06	1.215264e-08
2.32171976e-06	1.214812e-08
2.32173833e-06	1.221872e-08
2.32175690e-06	1.227149e-08
2.32177548e-06	1.224313e-08
2.32179405e-06	1.222467e-08
2.32181263e-06	1.227981e-08
2.32183120e-06	1.230528e-08
2.32184978e-06	1.225931e-08
2.32186835e-06	1.221701e-08
2.32188692e-06	1.224053e-08
2.32190550e-06	1.225090e-08
2.32192408e-06	1.217529e-08
2.32194265e-06	1.224320e-08
2.32196123e-06	1.232141e-08
2.32197980e-06	1.217253e-08
2.32199838e-06	1.221008e-08
2.32201695e-06	1.219676e-08
2.32203553e-06	1.210874e-08
2.32205411e-06	1.204298e-08
2.32207268e-06	1.296629e-08
2.32209126e-06	1.336659e-08
2.32210984e-06	1.202206e-08
2.32212841e-06	1.202685e-08
2.32214699e-06	1.207899e-08
2.32216557e-06	1.221416e-08
2.32218414e-06	1.227646e-08
2.32220272e-06	1.226736e-08
2.32222130e-06	1.218745e-08
2.32223988e-06	1.224945e-08
2.32225846e-06	1.226795e-08
2.32227703e-06	1.222543e-08
2.32229561e-06	1.226525e-08
2.32231419e-06	1.228221e-08
2.32233277e-06	1.226700e-08
2.32235135e-06	1.226891e-08
2.32236993e-06	1.230129e-08
2.32238850e-06	1.226689e-08
2.32240708e-06	1.226018e-08
2.32242566e-06	1.220281e-08
2.32244424e-06	1.218936e-08
2.32246282e-06	1.227414e-08
2.32248140e-06	1.228067e-08
2.32249998e-06	1.227916e-08
2.32251856e-06	1.223286e-08
2.32253714e-06	1.228039e-08
2.32255572e-06	1.219859e-08
2.32257430e-06	1.208963e-08
2.32259288e-06	1.212940e-08
2.32261146e-06	1.217561e-08
2.32263005e-06	1.214855e-08
2.32264863e-06	1.302019e-08
2.32266721e-06	1.337466e-08
2.32268579e-06	1.328417e-08
2.32270437e-06	1.255372e-08
2.32272295e-06	1.306647e-08
2.32274153e-06	1.303945e-08
2.32276012e-06	1.315814e-08
2.32277870e-06	1.212513e-08
2.32279728e-06	1.215810e-08
2.32281586e-06	1.293486e-08
2.32283444e-06	1.252748e-08
2.32285303e-06	1.255767e-08
2.32287161e-06	1.319695e-08
2.32289019e-06	1.213776e-08
2.32290878e-06	1.222578e-08
2.32292736e-06	1.224820e-08
2.32294594e-06	1.226702e-08
2.32296453e-06	1.291463e-08
2.32298311e-06	1.213944e-08
2.32300169e-06	1.210120e-08
2.32302028e-06	1.328069e-08
2.32303886e-06	1.218271e-08
2.32305745e-06	1.217988e-08
2.32307603e-06	1.212323e-08
2.32309462e-06	1.222628e-08
2.32311320e-06	1.214882e-08
2.32313179e-06	1.264224e-08
2.32315037e-06	1.268627e-08
2.32316896e-06	1.229153e-08
2.32318754e-06	1.222309e-08
2.32320613e-06	1.295067e-08
2.32322471e-06	1.301910e-08
2.32324330e-06	1.217113e-08
2.32326188e-06	1.209568e-08
2.32328047e-06	1.211886e-08
2.32329906e-06	1.208584e-08
2.32331764e-06	1.208882e-08
2.32333623e-06	1.220017e-08
2.32335482e-06	1.260339e-08
2.32337340e-06	1.266440e-08
2.32339199e-06	1.223680e-08
2.32341058e-06	1.222147e-08
2.32342916e-06	1.209621e-08
2.32344775e-06	1.325905e-08
2.32346634e-06	1.250544e-08
2.32348493e-06	1.214082e-08
2.32350352e-06	1.208628e-08
2.32352210e-06	1.208199e-08
2.32354069e-06	1.218470e-08
2.32355928e-06	1.228290e-08
2.32357787e-06	1.212368e-08
2.32359646e-06	1.202747e-08
2.32361504e-06	1.327614e-08
2.32363363e-06	1.331035e-08
2.32365222e-06	1.199781e-08
2.32367081e-06	1.209174e-08
2.32368940e-06	1.206246e-08
2.32370799e-06	1.205025e-08
2.32372658e-06	1.323320e-08
2.32374517e-06	1.257891e-08
2.32376376e-06	1.221366e-08
2.32378235e-06	1.220296e-08
2.32380094e-06	1.224763e-08
2.32381953e-06	1.223633e-08
2.32383812e-06	1.217734e-08
2.32385671e-06	1.221476e-08
2.32387530e-06	1.224256e-08
2.32389389e-06	1.228348e-08
2.32391249e-06	1.225604e-08
2.32393108e-06	1.268828e-08
2.32394967e-06	1.234217e-08
2.32396826e-06	1.220040e-08
2.32398685e-06	1.218320e-08
2.32400544e-06	1.225729e-08
2.32402404e-06	1.240372e-08
2.32404263e-06	1.320514e-08
2.32406122e-06	1.284932e-08
2.32407981e-06	1.213057e-08
2.32409840e-06	1.219151e-08
2.32411700e-06	1.218619e-08
2.32413559e-06	1.217913e-08
2.32415418e-06	1.215092e-08
2.32417278e-06	1.214383e-08
2.32419137e-06	1.215495e-08
2.32420996e-06	1.222541e-08
2.32422856e-06	1.222587e-08
2.32424715e-06	1.223131e-08
2.32426575e-06	1.223122e-08
2.32428434e-06	1.280339e-08
2.32430293e-06	1.219658e-08
2.32432153e-06	1.223656e-08
2.32434012e-06	1.227033e-08
2.32435872e-06	1.226377e-08
2.32437731e-06	1.220491e-08
2.32439591e-06	1.252822e-08
2.32441450e-06	1.325116e-08
2.32443310e-06	1.208018e-08
2.32445169e-06	1.217035e-08
2.32447029e-06	1.220531e-08
2.32448888e-06	1.220708e-08
2.32450748e-06	1.219621e-08
2.32452608e-06	1.223090e-08
2.32454467e-06	1.224036e-08
2.32456327e-06	1.220911e-08
2.32458187e-06	1.218046e-08
2.32460046e-06	1.215589e-08
2.32461906e-06	1.210671e-08
2.32463766e-06	1.224026e-08
2.32465625e-06	1.224485e-08
2.32467485e-06	1.260637e-08
2.32469345e-06	1.235904e-08
2.32471205e-06	1.223135e-08
2.32473064e-06	1.223820e-08
2.32474924e-06	1.228996e-08
2.32476784e-06	1.224435e-08
2.32478644e-06	1.214890e-08
2.32480504e-06	1.320045e-08
2.32482363e-06	1.289461e-08
2.32484223e-06	1.220349e-08
2.32486083e-06	1.229563e-08
2.32487943e-06	1.225040e-08
2.32489803e-06	1.225014e-08
2.32491663e-06	1.223830e-08
2.32493523e-06	1.221989e-08
2.32495383e-06	1.223695e-08
2.32497243e-06	1.227556e-08
2.32499103e-06	1.228355e-08
2.32500963e-06	1.228126e-08
2.32502823e-06	1.217946e-08
2.32504683e-06	1.211283e-08
2.32506543e-06	1.211718e-08
2.32508403e-06	1.216735e-08
2.32510263e-06	1.213466e-08
2.32512123e-06	1.277457e-08
2.32513983e-06	1.211270e-08
2.32515843e-06	1.215243e-08
2.32517703e-06	1.207504e-08
2.32519563e-06	1.323366e-08
2.32521424e-06	1.303912e-08
2.32523284e-06	1.211087e-08
2.32525144e-06	1.330881e-08
2.32527004e-06	1.249003e-08
2.32528864e-06	1.212965e-08
2.32530725e-06	1.222077e-08
2.32532585e-06	1.222400e-08
2.32534445e-06	1.216668e-08
2.32536305e-06	1.211036e-08
2.32538166e-06	1.211979e-08
2.32540026e-06	1.209037e-08
2.32541886e-06	1.206792e-08
2.32543747e-06	1.221151e-08
2.32545607e-06	1.220658e-08
2.32547467e-06	1.215811e-08
2.32549328e-06	1.227938e-08
2.32551188e-06	1.228679e-08
2.32553048e-06	1.228807e-08
2.32554909e-06	1.226829e-08
2.32556769e-06	1.223890e-08
2.32558630e-06	1.227036e-08
2.32560490e-06	1.256814e-08
2.32562351e-06	1.224044e-08
2.32564211e-06	1.224235e-08
2.32566072e-06	1.224159e-08
2.32567932e-06	1.225408e-08
2.32569793e-06	1.216860e-08
2.32571654e-06	1.206851e-08
2.32573514e-06	1.332286e-08
2.32575375e-06	1.262393e-08
2.32577235e-06	1.216957e-08
2.32579096e-06	1.217560e-08
2.32580956e-06	1.214575e-08
2.32582817e-06	1.213236e-08
2.32584678e-06	1.226256e-08
2.32586538e-06	1.230165e-08
2.32588399e-06	1.229789e-08
2.32590260e-06	1.225519e-08
2.32592121e-06	1.227348e-08
2.32593981e-06	1.226257e-08
2.32595842e-06	1.224900e-08
2.32597703e-06	1.228800e-08
2.32599564e-06	1.228493e-08
2.32601424e-06	1.225208e-08
2.32603285e-06	1.221987e-08
2.32605146e-06	1.226826e-08
2.32607007e-06	1.227062e-08
2.32608868e-06	1.224673e-08
2.32610729e-06	1.230168e-08
2.32612590e-06	1.251483e-08
2.32614450e-06	1.221548e-08
2.32616311e-06	1.225748e-08
2.32618172e-06	1.226109e-08
2.32620033e-06	1.222813e-08
2.32621894e-06	1.222552e-08
2.32623755e-06	1.214675e-08
2.32625616e-06	1.316379e-08
2.32627477e-06	1.303928e-08
2.32629338e-06	1.219718e-08
2.32631199e-06	1.228447e-08
2.32633060e-06	1.223980e-08
2.32634921e-06	1.225519e-08
2.32636782e-06	1.222838e-08
2.32638643e-06	1.226447e-08
2.32640505e-06	1.226171e-08
2.32642366e-06	1.226728e-08
2.32644227e-06	1.220166e-08
2.32646088e-06	1.217296e-08
2.32647949e-06	1.224872e-08
2.32649810e-06	1.224528e-08
2.32651671e-06	1.220272e-08
2.32653533e-06	1.215363e-08
2.32655394e-06	1.219463e-08
2.32657255e-06	1.220157e-08
2.32659116e-06	1.221422e-08
2.32660978e-06	1.217521e-08
2.32662839e-06	1.215287e-08
2.32664700e-06	1.213419e-08
2.32666562e-06	1.219518e-08
2.32668423e-06	1.265985e-08
2.32670284e-06	1.212117e-08
2.32672146e-06	1.223144e-08
2.32674007e-06	1.221390e-08
2.32675869e-06	1.207778e-08
2.32677730e-06	1.203340e-08
2.32679591e-06	1.204014e-08
2.32681453e-06	1.317161e-08
2.32683314e-06	1.345858e-08
2.32685176e-06	1.202710e-08
2.32687037e-06	1.209307e-08
2.32688899e-06	1.215278e-08
2.32690760e-06	1.218917e-08
2.32692622e-06	1.215674e-08
2.32694483e-06	1.214855e-08
2.32696345e-06	1.216003e-08
2.32698206e-06	1.217427e-08
2.32700068e-06	1.226105e-08
2.32701930e-06	1.228492e-08
2.32703791e-06	1.227852e-08
2.32705653e-06	1.215800e-08
2.32707514e-06	1.226643e-08
2.32709376e-06	1.226357e-08
2.32711238e-06	1.226193e-08
2.32713099e-06	1.229566e-08
2.32714961e-06	1.225764e-08
2.32716823e-06	1.223534e-08
2.32718685e-06	1.225264e-08
2.32720546e-06	1.227966e-08
2.32722408e-06	1.229503e-08
2.32724270e-06	1.227526e-08
2.32726132e-06	1.220009e-08
2.32727993e-06	1.217351e-08
2.32729855e-06	1.256709e-08
2.32731717e-06	1.223245e-08
2.32733579e-06	1.220044e-08
2.32735441e-06	1.213368e-08
2.32737303e-06	1.222992e-08
2.32739165e-06	1.224080e-08
2.32741027e-06	1.217161e-08
2.32742888e-06	1.305186e-08
2.32744750e-06	1.318395e-08
2.32746612e-06	1.213121e-08
2.32748474e-06	1.220334e-08
2.32750336e-06	1.217737e-08
2.32752198e-06	1.223031e-08
2.32754060e-06	1.222004e-08
2.32755922e-06	1.219705e-08
2.32757784e-06	1.215016e-08
2.32759646e-06	1.223777e-08
2.32761509e-06	1.228122e-08
2.32763371e-06	1.224913e-08
2.32765233e-06	1.216364e-08
2.32767095e-06	1.212650e-08
2.32768957e-06	1.222840e-08
2.32770819e-06	1.226945e-08
2.32772681e-06	1.225083e-08
2.32774544e-06	1.221877e-08
2.32776406e-06	1.221290e-08
2.32778268e-06	1.217892e-08
2.32780130e-06	1.213349e-08
2.32781992e-06	1.208265e-08
2.32783855e-06	1.228854e-08
2.32785717e-06	1.233115e-08
2.32787579e-06	1.213107e-08
2.32789442e-06	1.217131e-08
2.32791304e-06	1.224985e-08
2.32793166e-06	1.218741e-08
2.32795028e-06	1.258321e-08
2.32796891e-06	1.230862e-08
2.32798753e-06	1.215854e-08
2.32800616e-06	1.214693e-08
2.32802478e-06	1.214060e-08
2.32804340e-06	1.213092e-08
2.32806203e-06	1.212100e-08
2.32808065e-06	1.319920e-08
2.32809928e-06	1.309952e-08
2.32811790e-06	1.213857e-08
2.32813653e-06	1.222044e-08
2.32815515e-06	1.225160e-08
2.32817378e-06	1.218313e-08
2.32819240e-06	1.217344e-08
2.32821103e-06	1.225135e-08
2.32822965e-06	1.226839e-08
2.32824828e-06	1.226830e-08
2.32826691e-06	1.221183e-08
2.32828553e-06	1.220745e-08
2.32830416e-06	1.222839e-08
2.32832279e-06	1.223596e-08
2.32834141e-06	1.221283e-08
2.32836004e-06	1.216857e-08
2.32837867e-06	1.218717e-08
2.32839729e-06	1.220546e-08
2.32841592e-06	1.230398e-08
2.32843455e-06	1.212274e-08
2.32845317e-06	1.206578e-08
2.32847180e-06	1.267432e-08
2.32849043e-06	1.331611e-08
2.32850906e-06	1.202162e-08
2.32852769e-06	1.212719e-08
2.32854631e-06	1.216399e-08
2.32856494e-06	1.207318e-08
2.32858357e-06	1.198150e-08
2.32860220e-06	1.213367e-08
2.32862083e-06	1.220993e-08
2.32863946e-06	1.251268e-08
2.32865809e-06	1.219458e-08
2.32867672e-06	1.223927e-08
2.32869535e-06	1.222330e-08
2.32871397e-06	1.225996e-08
2.32873260e-06	1.223212e-08
2.32875123e-06	1.210831e-08
2.32876987e-06	1.323069e-08
2.32878849e-06	1.306203e-08
2.32880712e-06	1.220269e-08
2.32882576e-06	1.223027e-08
2.32884439e-06	1.213389e-08
2.32886302e-06	1.215059e-08
2.32888165e-06	1.220019e-08
2.32890028e-06	1.218228e-08
2.32891891e-06	1.223562e-08
2.32893754e-06	1.226249e-08
2.32895617e-06	1.227637e-08
2.32897481e-06	1.227934e-08
2.32899344e-06	1.227349e-08
2.32901207e-06	1.225363e-08
2.32903070e-06	1.222046e-08
2.32904933e-06	1.225546e-08
2.32906797e-06	1.225404e-08
2.32908660e-06	1.228443e-08
2.32910523e-06	1.223906e-08
2.32912386e-06	1.215119e-08
2.32914250e-06	1.217702e-08
2.32916113e-06	1.217176e-08
2.32917976e-06	1.217071e-08
2.32919840e-06	1.231971e-08
2.32921703e-06	1.230238e-08
2.32923566e-06	1.207070e-08
2.32925430e-06	1.216152e-08
2.32927293e-06	1.230827e-08
2.32929157e-06	1.228204e-08
2.32931020e-06	1.216693e-08
2.32932883e-06	1.219204e-08
2.32934747e-06	1.227132e-08
2.32936610e-06	1.220455e-08
2.32938474e-06	1.248219e-08
2.32940337e-06	1.223728e-08
2.32942201e-06	1.226052e-08
2.32944065e-06	1.224730e-08
2.32945928e-06	1.222580e-08
2.32947792e-06	1.223969e-08
2.32949655e-06	1.276425e-08
2.32951519e-06	1.335505e-08
2.32953382e-06	1.204103e-08
2.32955246e-06	1.221505e-08
2.32957110e-06	1.217929e-08
2.32958973e-06	1.220713e-08
2.32960837e-06	1.214061e-08
2.32962701e-06	1.209442e-08
2.32964564e-06	1.217554e-08
2.32966428e-06	1.209284e-08
2.32968292e-06	1.211497e-08
2.32970156e-06	1.206399e-08
2.32972019e-06	1.206943e-08
2.32973883e-06	1.218416e-08
2.32975747e-06	1.225895e-08
2.32977611e-06	1.224829e-08
2.32979475e-06	1.225550e-08
2.32981338e-06	1.226361e-08
2.32983202e-06	1.220622e-08
2.32985066e-06	1.219365e-08
2.32986930e-06	1.221222e-08
2.32988794e-06	1.220790e-08
2.32990658e-06	1.220426e-08
2.32992522e-06	1.223873e-08
2.32994386e-06	1.222555e-08
2.32996250e-06	1.218887e-08
2.32998113e-06	1.217605e-08
2.32999977e-06	1.215256e-08
2.33001842e-06	1.225492e-08
2.33003706e-06	1.228369e-08
2.33005570e-06	1.214651e-08
2.33007434e-06	1.215721e-08
2.33009298e-06	1.224505e-08
2.33011162e-06	1.223282e-08
2.33013026e-06	1.219087e-08
2.33014890e-06	1.203117e-08
2.33016754e-06	1.269027e-08
2.33018618e-06	1.335926e-08
2.33020482e-06	1.228855e-08
2.33022347e-06	1.210674e-08
2.33024211e-06	1.215750e-08
2.33026075e-06	1.207373e-08
2.33027939e-06	1.341090e-08
2.33029803e-06	1.238815e-08
2.33031667e-06	1.210604e-08
2.33033532e-06	1.212700e-08
2.33035396e-06	1.214301e-08
2.33037260e-06	1.217913e-08
2.33039125e-06	1.225942e-08
2.33040989e-06	1.223645e-08
2.33042853e-06	1.216925e-08
2.33044718e-06	1.222758e-08
2.33046582e-06	1.231733e-08
2.33048446e-06	1.219856e-08
2.33050311e-06	1.216621e-08
2.33052175e-06	1.234615e-08
2.33054040e-06	1.232162e-08
2.33055904e-06	1.208672e-08
2.33057768e-06	1.218911e-08
2.33059633e-06	1.239046e-08
2.33061497e-06	1.224562e-08
2.33063362e-06	1.224460e-08
2.33065226e-06	1.226370e-08
2.33067091e-06	1.229666e-08
2.33068955e-06	1.222766e-08
2.33070820e-06	1.227248e-08
2.33072685e-06	1.221682e-08
2.33074549e-06	1.227611e-08
2.33076414e-06	1.223568e-08
2.33078278e-06	1.221912e-08
2.33080143e-06	1.223782e-08
2.33082008e-06	1.225367e-08
2.33083872e-06	1.226548e-08
2.33085737e-06	1.223719e-08
2.33087602e-06	1.224487e-08
2.33089466e-06	1.225194e-08
2.33091331e-06	1.220250e-08
2.33093196e-06	1.223075e-08
2.33095061e-06	1.225901e-08
2.33096925e-06	1.223460e-08
2.33098790e-06	1.230336e-08
2.33100655e-06	1.214729e-08
2.33102520e-06	1.225064e-08
2.33104384e-06	1.222171e-08
2.33106249e-06	1.209274e-08
2.33108114e-06	1.274852e-08
2.33109979e-06	1.333768e-08
2.33111844e-06	1.202389e-08
2.33113709e-06	1.218620e-08
2.33115574e-06	1.223451e-08
2.33117439e-06	1.217267e-08
2.33119304e-06	1.217685e-08
2.33121169e-06	1.238375e-08
2.33123033e-06	1.223038e-08
2.33124898e-06	1.217542e-08
2.33126763e-06	1.223491e-08
2.33128629e-06	1.212841e-08
2.33130493e-06	1.222286e-08
2.33132359e-06	1.227026e-08
2.33134224e-06	1.222543e-08
2.33136089e-06	1.225134e-08
2.33137954e-06	1.224123e-08
2.33139819e-06	1.224511e-08
2.33141684e-06	1.226892e-08
2.33143549e-06	1.227103e-08
2.33145414e-06	1.222099e-08
2.33147280e-06	1.217898e-08
2.33149145e-06	1.220820e-08
2.33151010e-06	1.215150e-08
2.33152875e-06	1.224269e-08
2.33154740e-06	1.226021e-08
2.33156606e-06	1.222955e-08
2.33158471e-06	1.223023e-08
2.33160336e-06	1.230400e-08
2.33162201e-06	1.221951e-08
2.33164067e-06	1.219279e-08
2.33165932e-06	1.221990e-08
2.33167797e-06	1.204451e-08
2.33169663e-06	1.218129e-08
2.33171528e-06	1.220633e-08
2.33173393e-06	1.224888e-08
2.33175259e-06	1.215922e-08
2.33177124e-06	1.223245e-08
2.33178990e-06	1.224570e-08
2.33180855e-06	1.220650e-08
2.33182720e-06	1.210517e-08
2.33184586e-06	1.210793e-08
2.33186451e-06	1.232599e-08
2.33188317e-06	1.209250e-08
2.33190182e-06	1.210713e-08
2.33192048e-06	1.283493e-08
2.33193913e-06	1.344436e-08
2.33195779e-06	1.328759e-08
2.33197644e-06	1.212197e-08
2.33199510e-06	1.220081e-08
2.33201376e-06	1.219391e-08
2.33203241e-06	1.209066e-08
2.33205107e-06	1.206247e-08
2.33206973e-06	1.210962e-08
2.33208838e-06	1.217737e-08
2.33210704e-06	1.224498e-08
2.33212570e-06	1.222040e-08
2.33214435e-06	1.204230e-08
2.33216301e-06	1.212116e-08
2.33218167e-06	1.213925e-08
2.33220033e-06	1.213849e-08
2.33221898e-06	1.225433e-08
2.33223764e-06	1.223717e-08
2.33225630e-06	1.225064e-08
2.33227496e-06	1.221631e-08
2.33229361e-06	1.214260e-08
2.33231227e-06	1.216615e-08
2.33233093e-06	1.226130e-08
2.33234959e-06	1.226738e-08
2.33236825e-06	1.218485e-08
2.33238691e-06	1.216604e-08
2.33240557e-06	1.208912e-08
2.33242423e-06	1.207055e-08
2.33244288e-06	1.221423e-08
2.33246154e-06	1.219574e-08
2.33248020e-06	1.216751e-08
2.33249886e-06	1.214723e-08
2.33251752e-06	1.213548e-08
2.33253618e-06	1.211418e-08
2.33255485e-06	1.224055e-08
2.33257350e-06	1.225986e-08
2.33259217e-06	1.221968e-08
2.33261083e-06	1.219951e-08
2.33262949e-06	1.213991e-08
2.33264815e-06	1.216017e-08
2.33266681e-06	1.217561e-08
2.33268547e-06	1.214751e-08
2.33270413e-06	1.211404e-08
2.33272279e-06	1.218021e-08
2.33274146e-06	1.220491e-08
2.33276012e-06	1.220204e-08
2.33277878e-06	1.230277e-08
2.33279744e-06	1.211869e-08
2.33281610e-06	1.209930e-08
2.33283477e-06	1.315095e-08
2.33285343e-06	1.327229e-08
2.33287209e-06	1.204998e-08
2.33289075e-06	1.228355e-08
2.33290942e-06	1.239288e-08
2.33292808e-06	1.212483e-08
2.33294675e-06	1.210596e-08
2.33296541e-06	1.218732e-08
2.33298407e-06	1.222182e-08
2.33300274e-06	1.217768e-08
2.33302140e-06	1.220839e-08
2.33304006e-06	1.222273e-08
2.33305873e-06	1.219339e-08
2.33307739e-06	1.218712e-08
2.33309606e-06	1.223930e-08
2.33311472e-06	1.226393e-08
2.33313339e-06	1.226006e-08
2.33315205e-06	1.224323e-08
2.33317072e-06	1.223999e-08
2.33318938e-06	1.217727e-08
2.33320805e-06	1.217866e-08
2.33322671e-06	1.224250e-08
2.33324538e-06	1.224691e-08
2.33326405e-06	1.224045e-08
2.33328271e-06	1.225699e-08
2.33330138e-06	1.222240e-08
2.33332004e-06	1.216184e-08
2.33333871e-06	1.218311e-08
2.33335738e-06	1.225478e-08
2.33337604e-06	1.224321e-08
2.33339471e-06	1.223870e-08
2.33341338e-06	1.220732e-08
2.33343205e-06	1.210731e-08
2.33345071e-06	1.210794e-08
2.33346938e-06	1.215378e-08
2.33348805e-06	1.218748e-08
2.33350672e-06	1.223716e-08
2.33352538e-06	1.223437e-08
2.33354405e-06	1.222229e-08
2.33356272e-06	1.223346e-08
2.33358139e-06	1.230397e-08
2.33360006e-06	1.213095e-08
2.33361873e-06	1.213409e-08
2.33363740e-06	1.221377e-08
2.33365607e-06	1.217618e-08
2.33367473e-06	1.206301e-08
2.33369340e-06	1.205185e-08
2.33371207e-06	1.319362e-08
2.33373074e-06	1.283375e-08
2.33374941e-06	1.222098e-08
2.33376808e-06	1.289041e-08
2.33378675e-06	1.337434e-08
2.33380542e-06	1.197410e-08
2.33382410e-06	1.206897e-08
2.33384277e-06	1.218572e-08
2.33386144e-06	1.218088e-08
2.33388011e-06	1.204289e-08
2.33389878e-06	1.209572e-08
2.33391745e-06	1.216701e-08
2.33393612e-06	1.219906e-08
2.33395479e-06	1.222775e-08
2.33397346e-06	1.216850e-08
2.33399213e-06	1.207999e-08
2.33401081e-06	1.218083e-08
2.33402948e-06	1.224417e-08
2.33404815e-06	1.225969e-08
2.33406682e-06	1.218582e-08
2.33408550e-06	1.203741e-08
2.33410417e-06	1.197723e-08
2.33412284e-06	1.212933e-08
2.33414152e-06	1.226429e-08
2.33416019e-06	1.231858e-08
2.33417886e-06	1.220076e-08
2.33419754e-06	1.222385e-08
2.33421621e-06	1.225485e-08
2.33423488e-06	1.223727e-08
2.33425356e-06	1.217736e-08
2.33427223e-06	1.222499e-08
2.33429090e-06	1.219717e-08
2.33430958e-06	1.233944e-08
2.33432825e-06	1.221646e-08
2.33434693e-06	1.222112e-08
2.33436560e-06	1.223160e-08
2.33438428e-06	1.223023e-08
2.33440295e-06	1.219040e-08
2.33442163e-06	1.222377e-08
2.33444030e-06	1.226555e-08
2.33445898e-06	1.223883e-08
2.33447765e-06	1.222974e-08
2.33449633e-06	1.223821e-08
2.33451501e-06	1.222991e-08
2.33453368e-06	1.214964e-08
2.33455236e-06	1.221298e-08
2.33457104e-06	1.223893e-08
2.33458971e-06	1.225618e-08
2.33460839e-06	1.211765e-08
2.33462706e-06	1.222266e-08
2.33464574e-06	1.224232e-08
2.33466442e-06	1.220086e-08
2.33468310e-06	1.205155e-08
2.33470177e-06	1.212350e-08
2.33472045e-06	1.212189e-08
2.33473913e-06	1.216482e-08
2.33475781e-06	1.339742e-08
2.33477648e-06	1.262991e-08
2.33479516e-06	1.219107e-08
2.33481384e-06	1.218528e-08
2.33483252e-06	1.221611e-08
2.33485120e-06	1.221250e-08
2.33486988e-06	1.222104e-08
2.33488856e-06	1.219811e-08
2.33490724e-06	1.205478e-08
2.33492591e-06	1.203322e-08
2.33494460e-06	1.211334e-08
2.33496327e-06	1.215636e-08
2.33498195e-06	1.222085e-08
2.33500063e-06	1.222666e-08
2.33501931e-06	1.215334e-08
2.33503799e-06	1.213378e-08
2.33505667e-06	1.207489e-08
2.33507535e-06	1.210139e-08
2.33509404e-06	1.218321e-08
2.33511272e-06	1.229270e-08
2.33513140e-06	1.225374e-08
2.33515008e-06	1.204985e-08
2.33516876e-06	1.223231e-08
2.33518744e-06	1.222041e-08
2.33520612e-06	1.222974e-08
2.33522480e-06	1.222993e-08
2.33524348e-06	1.223508e-08
2.33526217e-06	1.224292e-08
2.33528085e-06	1.222302e-08
2.33529953e-06	1.222467e-08
2.33531821e-06	1.225374e-08
2.33533690e-06	1.224062e-08
2.33535558e-06	1.223093e-08
2.33537426e-06	1.222221e-08
2.33539294e-06	1.223822e-08
2.33541163e-06	1.222868e-08
2.33543031e-06	1.224267e-08
2.33544900e-06	1.214540e-08
2.33546768e-06	1.227618e-08
2.33548636e-06	1.253061e-08
2.33550505e-06	1.194458e-08
2.33552373e-06	1.195209e-08
2.33554242e-06	1.322293e-08
2.33556110e-06	1.213297e-08
2.33557978e-06	1.210475e-08
2.33559847e-06	1.216188e-08
2.33561715e-06	1.217833e-08
2.33563584e-06	1.214478e-08
2.33565452e-06	1.220916e-08
2.33567321e-06	1.233527e-08
2.33569189e-06	1.219822e-08
2.33571058e-06	1.222559e-08
2.33572927e-06	1.218393e-08
2.33574795e-06	1.211270e-08
2.33576664e-06	1.299374e-08
2.33578532e-06	1.335397e-08
2.33580401e-06	1.227412e-08
2.33582269e-06	1.214132e-08
2.33584138e-06	1.214934e-08
2.33586007e-06	1.216619e-08
2.33587876e-06	1.221293e-08
2.33589744e-06	1.223029e-08
2.33591613e-06	1.217673e-08
2.33593482e-06	1.216525e-08
2.33595350e-06	1.224753e-08
2.33597219e-06	1.222777e-08
2.33599088e-06	1.224491e-08
2.33600957e-06	1.227369e-08
2.33602826e-06	1.226059e-08
2.33604694e-06	1.223380e-08
2.33606563e-06	1.223290e-08
2.33608432e-06	1.218828e-08
2.33610301e-06	1.219851e-08
2.33612170e-06	1.220772e-08
2.33614039e-06	1.223690e-08
2.33615908e-06	1.223156e-08
2.33617777e-06	1.221279e-08
2.33619646e-06	1.225700e-08
2.33621514e-06	1.225645e-08
2.33623383e-06	1.221661e-08
2.33625253e-06	1.225202e-08
2.33627121e-06	1.221151e-08
2.33628990e-06	1.216156e-08
2.33630860e-06	1.218595e-08
2.33632729e-06	1.221431e-08
2.33634598e-06	1.226316e-08
2.33636467e-06	1.223430e-08
2.33638336e-06	1.220342e-08
2.33640205e-06	1.224219e-08
2.33642074e-06	1.225436e-08
2.33643943e-06	1.221156e-08
2.33645812e-06	1.222901e-08
2.33647681e-06	1.219388e-08
2.33649551e-06	1.218002e-08
2.33651420e-06	1.218987e-08
2.33653289e-06	1.215187e-08
2.33655158e-06	1.217279e-08
2.33657028e-06	1.217671e-08
2.33658897e-06	1.218058e-08
2.33660766e-06	1.221939e-08
2.33662635e-06	1.221303e-08
2.33664505e-06	1.218972e-08
2.33666374e-06	1.215573e-08
2.33668243e-06	1.218441e-08
2.33670113e-06	1.223181e-08
2.33671982e-06	1.235126e-08
2.33673851e-06	1.220885e-08
2.33675721e-06	1.222445e-08
2.33677590e-06	1.215685e-08
2.33679460e-06	1.210552e-08
2.33681329e-06	1.199853e-08
2.33683198e-06	1.333513e-08
2.33685068e-06	1.292087e-08
2.33686937e-06	1.211582e-08
2.33688807e-06	1.209374e-08
2.33690676e-06	1.207751e-08
2.33692546e-06	1.219288e-08
2.33694415e-06	1.220683e-08
2.33696285e-06	1.221196e-08
2.33698155e-06	1.229288e-08
2.33700024e-06	1.222727e-08
2.33701894e-06	1.222346e-08
2.33703763e-06	1.223031e-08
2.33705633e-06	1.218830e-08
2.33707503e-06	1.214772e-08
2.33709372e-06	1.217470e-08
2.33711242e-06	1.222598e-08
2.33713112e-06	1.218565e-08
2.33714981e-06	1.220785e-08
2.33716851e-06	1.221043e-08
2.33718721e-06	1.210684e-08
2.33720591e-06	1.218983e-08
2.33722460e-06	1.220436e-08
2.33724330e-06	1.219768e-08
2.33726200e-06	1.221044e-08
2.33728070e-06	1.220964e-08
2.33729940e-06	1.220476e-08
2.33731809e-06	1.214207e-08
2.33733679e-06	1.205916e-08
2.33735549e-06	1.200669e-08
2.33737419e-06	1.196082e-08
2.33739289e-06	1.199490e-08
2.33741159e-06	1.316731e-08
2.33743029e-06	1.205308e-08
2.33744899e-06	1.210305e-08
2.33746769e-06	1.214850e-08
2.33748639e-06	1.220949e-08
2.33750509e-06	1.223059e-08
2.33752379e-06	1.221975e-08
2.33754249e-06	1.218224e-08
2.33756119e-06	1.202447e-08
2.33757989e-06	1.201711e-08
2.33759859e-06	1.203808e-08
2.33761729e-06	1.212561e-08
2.33763599e-06	1.220526e-08
2.33765469e-06	1.223513e-08
2.33767339e-06	1.226025e-08
2.33769209e-06	1.222657e-08
2.33771079e-06	1.220903e-08
2.33772950e-06	1.220003e-08
2.33774820e-06	1.237672e-08
2.33776690e-06	1.218726e-08
2.33778560e-06	1.213840e-08
2.33780431e-06	1.216011e-08
2.33782301e-06	1.216571e-08
2.33784171e-06	1.221851e-08
2.33786041e-06	1.222670e-08
2.33787912e-06	1.211212e-08
2.33789782e-06	1.209820e-08
2.33791652e-06	1.201831e-08
2.33793523e-06	1.333694e-08
2.33795393e-06	1.278877e-08
2.33797263e-06	1.211637e-08
2.33799134e-06	1.211948e-08
2.33801004e-06	1.212822e-08
2.33802874e-06	1.215196e-08
2.33804745e-06	1.219813e-08
2.33806615e-06	1.224102e-08
2.33808486e-06	1.225720e-08
2.33810356e-06	1.223408e-08
2.33812227e-06	1.222362e-08
2.33814097e-06	1.213642e-08
2.33815968e-06	1.213440e-08
2.33817838e-06	1.222330e-08
2.33819709e-06	1.222941e-08
2.33821579e-06	1.216148e-08
2.33823450e-06	1.223478e-08
2.33825321e-06	1.213529e-08
2.33827191e-06	1.220099e-08
2.33829062e-06	1.222861e-08
2.33830932e-06	1.221373e-08
2.33832803e-06	1.222095e-08
2.33834674e-06	1.221346e-08
2.33836544e-06	1.223129e-08
2.33838415e-06	1.225248e-08
2.33840286e-06	1.227369e-08
2.33842156e-06	1.227096e-08
2.33844027e-06	1.221948e-08
2.33845898e-06	1.221898e-08
2.33847769e-06	1.218221e-08
2.33849639e-06	1.217627e-08
2.33851510e-06	1.208281e-08
2.33853381e-06	1.232688e-08
2.33855252e-06	1.284009e-08
2.33857123e-06	1.218372e-08
2.33858994e-06	1.210349e-08
2.33860864e-06	1.214913e-08
2.33862735e-06	1.226238e-08
2.33864606e-06	1.226771e-08
2.33866477e-06	1.224832e-08
2.33868348e-06	1.221547e-08
2.33870219e-06	1.219158e-08
2.33872090e-06	1.223275e-08
2.33873961e-06	1.231429e-08
2.33875832e-06	1.220194e-08
2.33877703e-06	1.218343e-08
2.33879574e-06	1.222593e-08
2.33881445e-06	1.221611e-08
2.33883316e-06	1.216451e-08
2.33885187e-06	1.212066e-08
2.33887058e-06	1.206479e-08
2.33888929e-06	1.218219e-08
2.33890800e-06	1.223067e-08
2.33892672e-06	1.221758e-08
2.33894543e-06	1.222621e-08
2.33896414e-06	1.224578e-08
2.33898285e-06	1.219168e-08
2.33900156e-06	1.216115e-08
2.33902027e-06	1.216142e-08
2.33903899e-06	1.211574e-08
2.33905770e-06	1.201719e-08
2.33907641e-06	1.334888e-08
2.33909512e-06	1.293933e-08
2.33911384e-06	1.211074e-08
2.33913255e-06	1.214920e-08
2.33915126e-06	1.220951e-08
2.33916998e-06	1.220626e-08
2.33918869e-06	1.221473e-08
2.33920740e-06	1.218029e-08
2.33922612e-06	1.212787e-08
2.33924483e-06	1.210908e-08
2.33926354e-06	1.202192e-08
2.33928226e-06	1.212164e-08
2.33930097e-06	1.213602e-08
2.33931969e-06	1.304734e-08
2.33933840e-06	1.221642e-08
2.33935712e-06	1.205599e-08
2.33937583e-06	1.201811e-08
2.33939455e-06	1.205909e-08
2.33941326e-06	1.213051e-08
2.33943198e-06	1.210835e-08
2.33945069e-06	1.217828e-08
2.33946941e-06	1.223944e-08
2.33948812e-06	1.221129e-08
2.33950684e-06	1.220767e-08
2.33952556e-06	1.222079e-08
2.33954427e-06	1.218357e-08
2.33956299e-06	1.215349e-08
2.33958171e-06	1.213742e-08
2.33960042e-06	1.222369e-08
2.33961914e-06	1.222828e-08
2.33963785e-06	1.220211e-08
2.33965657e-06	1.221807e-08
2.33967529e-06	1.224611e-08
2.33969401e-06	1.208861e-08
2.33971272e-06	1.213500e-08
2.33973144e-06	1.216489e-08
2.33975016e-06	1.222637e-08
2.33976888e-06	1.219635e-08
2.33978760e-06	1.216562e-08
2.33980631e-06	1.210013e-08
2.33982503e-06	1.200425e-08
2.33984375e-06	1.207121e-08
2.33986247e-06	1.221071e-08
2.33988119e-06	1.238864e-08
2.33989991e-06	1.236027e-08
2.33991863e-06	1.203459e-08
2.33993735e-06	1.202620e-08
2.33995607e-06	1.217726e-08
2.33997479e-06	1.217236e-08
2.33999351e-06	1.214388e-08
2.34001223e-06	1.222623e-08
2.34003095e-06	1.222008e-08
2.34004967e-06	1.221374e-08
2.34006839e-06	1.223950e-08
2.34008711e-06	1.222174e-08
2.34010583e-06	1.218274e-08
2.34012455e-06	1.222990e-08
2.34014327e-06	1.218069e-08
2.34016199e-06	1.209905e-08
2.34018071e-06	1.218532e-08
2.34019943e-06	1.220211e-08
2.34021815e-06	1.208936e-08
2.34023688e-06	1.203052e-08
2.34025560e-06	1.309487e-08
2.34027432e-06	1.328589e-08
2.34029304e-06	1.220944e-08
2.34031177e-06	1.215535e-08
2.34033049e-06	1.214343e-08
2.34034921e-06	1.221280e-08
2.34036793e-06	1.221630e-08
2.34038666e-06	1.224013e-08
2.34040538e-06	1.228289e-08
2.34042410e-06	1.222841e-08
2.34044283e-06	1.224948e-08
2.34046155e-06	1.212201e-08
2.34048027e-06	1.210634e-08
2.34049900e-06	1.210925e-08
2.34051772e-06	1.224556e-08
2.34053644e-06	1.221896e-08
2.34055517e-06	1.217292e-08
2.34057389e-06	1.222222e-08
2.34059262e-06	1.214385e-08
2.34061134e-06	1.218951e-08
2.34063007e-06	1.224616e-08
2.34064879e-06	1.220543e-08
2.34066752e-06	1.218177e-08
2.34068624e-06	1.214839e-08
2.34070497e-06	1.205612e-08
2.34072369e-06	1.214529e-08
2.34074242e-06	1.224474e-08
2.34076115e-06	1.212515e-08
2.34077987e-06	1.200878e-08
2.34079860e-06	1.203856e-08
2.34081733e-06	1.215252e-08
2.34083605e-06	1.220193e-08
2.34085478e-06	1.218884e-08
2.34087350e-06	1.221889e-08
2.34089223e-06	1.221935e-08
2.34091096e-06	1.217464e-08
2.34092969e-06	1.214320e-08
2.34094841e-06	1.211238e-08
2.34096714e-06	1.217659e-08
2.34098587e-06	1.222202e-08
2.34100460e-06	1.218610e-08
2.34102333e-06	1.212335e-08
2.34104205e-06	1.214150e-08
2.34106078e-06	1.222216e-08
2.34107951e-06	1.244949e-08
2.34109824e-06	1.221677e-08
2.34111697e-06	1.216978e-08
2.34113570e-06	1.218352e-08
2.34115443e-06	1.236661e-08
2.34117315e-06	1.213920e-08
2.34119188e-06	1.213886e-08
2.34121061e-06	1.199457e-08
2.34122934e-06	1.199407e-08
2.34124807e-06	1.203266e-08
2.34126680e-06	1.253020e-08
2.34128553e-06	1.245643e-08
2.34130426e-06	1.192504e-08
2.34132299e-06	1.198637e-08
2.34134172e-06	1.215705e-08
2.34136045e-06	1.231210e-08
2.34137919e-06	1.210832e-08
2.34139792e-06	1.210396e-08
2.34141665e-06	1.218462e-08
2.34143538e-06	1.217722e-08
2.34145411e-06	1.217603e-08
2.34147284e-06	1.216676e-08
2.34149158e-06	1.339453e-08
2.34151031e-06	1.222094e-08
2.34152904e-06	1.212301e-08
2.34154777e-06	1.219315e-08
2.34156650e-06	1.219872e-08
2.34158524e-06	1.221499e-08
2.34160397e-06	1.209785e-08
2.34162270e-06	1.203583e-08
2.34164143e-06	1.207055e-08
2.34166017e-06	1.206130e-08
2.34167890e-06	1.217973e-08
2.34169763e-06	1.230817e-08
2.34171637e-06	1.228141e-08
2.34173510e-06	1.213331e-08
2.34175384e-06	1.215143e-08
2.34177257e-06	1.208525e-08
2.34179130e-06	1.212396e-08
2.34181004e-06	1.215877e-08
2.34182877e-06	1.211163e-08
2.34184751e-06	1.213747e-08
2.34186624e-06	1.222086e-08
2.34188498e-06	1.226755e-08
2.34190371e-06	1.216605e-08
2.34192245e-06	1.213185e-08
2.34194118e-06	1.221535e-08
2.34195992e-06	1.220871e-08
2.34197865e-06	1.219472e-08
2.34199739e-06	1.212176e-08
2.34201613e-06	1.198814e-08
2.34203486e-06	1.222909e-08
2.34205360e-06	1.239430e-08
2.34207233e-06	1.216238e-08
2.34209107e-06	1.217894e-08
2.34210981e-06	1.217996e-08
2.34212855e-06	1.207516e-08
2.34214728e-06	1.211914e-08
2.34216602e-06	1.217814e-08
2.34218476e-06	1.222410e-08
2.34220349e-06	1.223774e-08
2.34222223e-06	1.217918e-08
2.34224097e-06	1.214408e-08
2.34225971e-06	1.211779e-08
2.34227844e-06	1.205759e-08
2.34229718e-06	1.194422e-08
2.34231592e-06	1.196591e-08
2.34233466e-06	1.204216e-08
2.34235340e-06	1.207342e-08
2.34237214e-06	1.215354e-08
2.34239088e-06	1.216949e-08
2.34240962e-06	1.216822e-08
2.34242835e-06	1.212467e-08
2.34244709e-06	1.211814e-08
2.34246583e-06	1.207405e-08
2.34248457e-06	1.217299e-08
2.34250331e-06	1.220214e-08
2.34252205e-06	1.209059e-08
2.34254079e-06	1.214428e-08
2.34255953e-06	1.220200e-08
2.34257827e-06	1.220585e-08
2.34259702e-06	1.221370e-08
2.34261576e-06	1.223258e-08
2.34263450e-06	1.211663e-08
2.34265324e-06	1.205434e-08
2.34267198e-06	1.209426e-08
2.34269072e-06	1.216804e-08
2.34270946e-06	1.203718e-08
2.34272820e-06	1.202168e-08
2.34274695e-06	1.296542e-08
2.34276569e-06	1.329989e-08
2.34278443e-06	1.204567e-08
2.34280317e-06	1.209269e-08
2.34282191e-06	1.210446e-08
2.34284066e-06	1.218988e-08
2.34285940e-06	1.218146e-08
2.34287814e-06	1.220822e-08
2.34289689e-06	1.221601e-08
2.34291563e-06	1.221096e-08
2.34293437e-06	1.212703e-08
2.34295312e-06	1.213353e-08
2.34297186e-06	1.220056e-08
2.34299060e-06	1.223009e-08
2.34300935e-06	1.219300e-08
2.34302809e-06	1.217344e-08
2.34304684e-06	1.218839e-08
2.34306558e-06	1.213090e-08
2.34308432e-06	1.216666e-08
2.34310307e-06	1.202619e-08
2.34312181e-06	1.207353e-08
2.34314056e-06	1.211193e-08
2.34315930e-06	1.218999e-08
2.34317805e-06	1.214567e-08
2.34319679e-06	1.203323e-08
2.34321554e-06	1.213532e-08
2.34323429e-06	1.222810e-08
2.34325303e-06	1.203204e-08
2.34327178e-06	1.274624e-08
2.34329052e-06	1.206835e-08
2.34330927e-06	1.215530e-08
2.34332802e-06	1.202162e-08
2.34334676e-06	1.197986e-08
2.34336551e-06	1.210314e-08
2.34338426e-06	1.217466e-08
2.34340300e-06	1.215693e-08
2.34342175e-06	1.218075e-08
2.34344050e-06	1.221039e-08
2.34345925e-06	1.219646e-08
2.34347799e-06	1.221543e-08
2.34349674e-06	1.230159e-08
2.34351549e-06	1.217757e-08
2.34353424e-06	1.217461e-08
2.34355299e-06	1.221908e-08
2.34357173e-06	1.219271e-08
2.34359048e-06	1.218549e-08
2.34360923e-06	1.226086e-08
2.34362798e-06	1.226836e-08
2.34364673e-06	1.215346e-08
2.34366548e-06	1.217899e-08
2.34368423e-06	1.232086e-08
2.34370298e-06	1.224934e-08
2.34372173e-06	1.217830e-08
2.34374048e-06	1.215180e-08
2.34375923e-06	1.216324e-08
2.34377798e-06	1.211687e-08
2.34379673e-06	1.212586e-08
2.34381548e-06	1.218094e-08
2.34383423e-06	1.231557e-08
2.34385298e-06	1.218944e-08
2.34387173e-06	1.221181e-08
2.34389048e-06	1.217140e-08
2.34390923e-06	1.221397e-08
2.34392798e-06	1.221289e-08
2.34394673e-06	1.211018e-08
2.34396549e-06	1.210127e-08
2.34398424e-06	1.216486e-08
2.34400299e-06	1.212480e-08
2.34402174e-06	1.211888e-08
2.34404049e-06	1.206128e-08
2.34405925e-06	1.323341e-08
2.34407800e-06	1.304019e-08
2.34409675e-06	1.206705e-08
2.34411550e-06	1.210137e-08
2.34413426e-06	1.216731e-08
2.34415301e-06	1.214177e-08
2.34417176e-06	1.208619e-08
2.34419052e-06	1.214176e-08
2.34420927e-06	1.217182e-08
2.34422802e-06	1.212682e-08
2.34424678e-06	1.211507e-08
2.34426553e-06	1.214885e-08
2.34428429e-06	1.217516e-08
2.34430304e-06	1.217896e-08
2.34432179e-06	1.220384e-08
2.34434055e-06	1.220987e-08
2.34435930e-06	1.219840e-08
2.34437806e-06	1.223717e-08
2.34439681e-06	1.221535e-08
2.34441557e-06	1.219837e-08
2.34443432e-06	1.210097e-08
2.34445308e-06	1.236269e-08
2.34447183e-06	1.230348e-08
2.34449059e-06	1.218095e-08
2.34450935e-06	1.221555e-08
2.34452810e-06	1.220182e-08
2.34454686e-06	1.216852e-08
2.34456562e-06	1.217482e-08
2.34458437e-06	1.221174e-08
2.34460313e-06	1.216501e-08
2.34462189e-06	1.201406e-08
2.34464064e-06	1.209952e-08
2.34465940e-06	1.211109e-08
2.34467816e-06	1.210956e-08
2.34469691e-06	1.244351e-08
2.34471567e-06	1.244708e-08
2.34473443e-06	1.209654e-08
2.34475319e-06	1.211622e-08
2.34477195e-06	1.219626e-08
2.34479070e-06	1.234822e-08
2.34480946e-06	1.227328e-08
2.34482822e-06	1.218908e-08
2.34484698e-06	1.210930e-08
2.34486574e-06	1.216658e-08
2.34488450e-06	1.218884e-08
2.34490326e-06	1.219245e-08
2.34492202e-06	1.219222e-08
2.34494077e-06	1.217743e-08
2.34495953e-06	1.223734e-08
2.34497829e-06	1.218445e-08
2.34499705e-06	1.208220e-08
2.34501581e-06	1.213072e-08
2.34503457e-06	1.238733e-08
2.34505333e-06	1.232369e-08
2.34507209e-06	1.214933e-08
2.34509086e-06	1.217993e-08
2.34510962e-06	1.211885e-08
2.34512838e-06	1.206062e-08
2.34514714e-06	1.203174e-08
2.34516590e-06	1.212181e-08
2.34518466e-06	1.212091e-08
2.34520342e-06	1.212592e-08
2.34522218e-06	1.218119e-08
2.34524094e-06	1.228663e-08
2.34525971e-06	1.217047e-08
2.34527847e-06	1.213763e-08
2.34529723e-06	1.226707e-08
2.34531599e-06	1.212945e-08
2.34533476e-06	1.213768e-08
2.34535352e-06	1.214604e-08
2.34537228e-06	1.216873e-08
2.34539104e-06	1.203063e-08
2.34540981e-06	1.330087e-08
2.34542857e-06	1.293637e-08
2.34544733e-06	1.227177e-08
2.34546610e-06	1.216856e-08
2.34548486e-06	1.232626e-08
2.34550363e-06	1.219881e-08
2.34552239e-06	1.212904e-08
2.34554115e-06	1.210968e-08
2.34555992e-06	1.213330e-08
2.34557868e-06	1.209697e-08
2.34559745e-06	1.196065e-08
2.34561621e-06	1.208831e-08
2.34563498e-06	1.213146e-08
2.34565374e-06	1.212120e-08
2.34567251e-06	1.208610e-08
2.34569127e-06	1.207633e-08
2.34571004e-06	1.202942e-08
2.34572880e-06	1.207843e-08
2.34574757e-06	1.220371e-08
2.34576634e-06	1.221060e-08
2.34578510e-06	1.203391e-08
2.34580387e-06	1.199330e-08
2.34582263e-06	1.207855e-08
2.34584140e-06	1.213938e-08
2.34586017e-06	1.211287e-08
2.34587894e-06	1.214949e-08
2.34589770e-06	1.223086e-08
2.34591647e-06	1.220030e-08
2.34593524e-06	1.214681e-08
2.34595400e-06	1.218585e-08
2.34597277e-06	1.221255e-08
2.34599154e-06	1.220708e-08
2.34601031e-06	1.207172e-08
2.34602908e-06	1.199078e-08
2.34604784e-06	1.219559e-08
2.34606661e-06	1.222260e-08
2.34608538e-06	1.220974e-08
2.34610415e-06	1.220991e-08
2.34612292e-06	1.218467e-08
2.34614169e-06	1.215800e-08
2.34616046e-06	1.216333e-08
2.34617923e-06	1.217884e-08
2.34619800e-06	1.215782e-08
2.34621676e-06	1.205612e-08
2.34623553e-06	1.210078e-08
2.34625430e-06	1.214492e-08
2.34627307e-06	1.211332e-08
2.34629184e-06	1.211845e-08
2.34631061e-06	1.219391e-08
2.34632938e-06	1.219271e-08
2.34634816e-06	1.209249e-08
2.34636693e-06	1.205197e-08
2.34638570e-06	1.203418e-08
2.34640447e-06	1.210998e-08
2.34642324e-06	1.209333e-08
2.34644201e-06	1.225254e-08
2.34646078e-06	1.246507e-08
2.34647955e-06	1.214000e-08
2.34649833e-06	1.205533e-08
2.34651710e-06	1.207570e-08
2.34653587e-06	1.214550e-08
2.34655464e-06	1.208028e-08
2.34657341e-06	1.208182e-08
2.34659219e-06	1.213589e-08
2.34661096e-06	1.214685e-08
2.34662973e-06	1.217846e-08
2.34664851e-06	1.222070e-08
2.34666728e-06	1.221288e-08
2.34668605e-06	1.203875e-08
2.34670483e-06	1.199441e-08
2.34672360e-06	1.205572e-08
2.34674237e-06	1.203861e-08
2.34676115e-06	1.207887e-08
2.34677992e-06	1.202950e-08
2.34679870e-06	1.317003e-08
2.34681747e-06	1.305795e-08
2.34683625e-06	1.201339e-08
2.34685502e-06	1.207497e-08
2.34687379e-06	1.212902e-08
2.34689257e-06	1.221308e-08
2.34691134e-06	1.235590e-08
2.34693012e-06	1.220365e-08
2.34694889e-06	1.218484e-08
2.34696767e-06	1.220841e-08
2.34698645e-06	1.216431e-08
2.34700522e-06	1.222568e-08
2.34702400e-06	1.223669e-08
2.34704277e-06	1.217244e-08
2.34706155e-06	1.222578e-08
2.34708033e-06	1.211798e-08
2.34709910e-06	1.203199e-08
2.34711788e-06	1.209532e-08
2.34713666e-06	1.213277e-08
2.34715543e-06	1.220120e-08
2.34717421e-06	1.216895e-08
2.34719299e-06	1.210044e-08
2.34721177e-06	1.212267e-08
2.34723054e-06	1.221270e-08
2.34724932e-06	1.222083e-08
2.34726810e-06	1.216574e-08
2.34728688e-06	1.210222e-08
2.34730566e-06	1.206504e-08
2.34732444e-06	1.208483e-08
2.34734321e-06	1.213213e-08
2.34736199e-06	1.217729e-08
2.34738077e-06	1.217502e-08
2.34739955e-06	1.219875e-08
2.34741833e-06	1.222507e-08
2.34743711e-06	1.217531e-08
2.34745589e-06	1.214439e-08
2.34747467e-06	1.215615e-08
2.34749345e-06	1.216227e-08
2.34751223e-06	1.222536e-08
2.34753101e-06	1.214431e-08
2.34754979e-06	1.223557e-08
2.34756857e-06	1.217787e-08
2.34758735e-06	1.213860e-08
2.34760613e-06	1.204749e-08
2.34762491e-06	1.210555e-08
2.34764369e-06	1.208208e-08
2.34766247e-06	1.209806e-08
2.34768125e-06	1.218043e-08
2.34770004e-06	1.218566e-08
2.34771882e-06	1.218480e-08
2.34773760e-06	1.219256e-08
2.34775638e-06	1.219178e-08
2.34777516e-06	1.213528e-08
2.34779395e-06	1.214936e-08
2.34781273e-06	1.220249e-08
2.34783151e-06	1.223188e-08
2.34785029e-06	1.214809e-08
2.34786908e-06	1.213548e-08
2.34788786e-06	1.219062e-08
2.34790664e-06	1.217654e-08
2.34792542e-06	1.209826e-08
2.34794421e-06	1.214075e-08
2.34796299e-06	1.208892e-08
2.34798178e-06	1.206744e-08
2.34800056e-06	1.209517e-08
2.34801934e-06	1.207977e-08
2.34803813e-06	1.211630e-08
2.34805691e-06	1.219671e-08
2.34807570e-06	1.218836e-08
2.34809448e-06	1.216347e-08
2.34811327e-06	1.214583e-08
2.34813205e-06	1.215999e-08
2.34815084e-06	1.218197e-08
2.34816962e-06	1.213303e-08
2.34818841e-06	1.201103e-08
2.34820719e-06	1.200470e-08
2.34822598e-06	1.267441e-08
2.34824476e-06	1.329889e-08
2.34826355e-06	1.196143e-08
2.34828234e-06	1.209898e-08
2.34830112e-06	1.207705e-08
2.34831991e-06	1.204690e-08
2.34833869e-06	1.217605e-08
2.34835748e-06	1.220584e-08
2.34837627e-06	1.219731e-08
2.34839506e-06	1.219152e-08
2.34841384e-06	1.223692e-08
2.34843263e-06	1.217658e-08
2.34845142e-06	1.212807e-08
2.34847021e-06	1.216868e-08
2.34848899e-06	1.214649e-08
2.34850778e-06	1.219331e-08
2.34852657e-06	1.220837e-08
2.34854536e-06	1.219987e-08
2.34856415e-06	1.222298e-08
2.34858293e-06	1.216398e-08
2.34860172e-06	1.210400e-08
2.34862051e-06	1.206699e-08
2.34863930e-06	1.208814e-08
2.34865809e-06	1.214808e-08
2.34867688e-06	1.217572e-08
2.34869567e-06	1.213880e-08
2.34871446e-06	1.218420e-08
2.34873325e-06	1.219303e-08
2.34875204e-06	1.212337e-08
2.34877083e-06	1.210223e-08
2.34878962e-06	1.222044e-08
2.34880841e-06	1.220565e-08
2.34882720e-06	1.218795e-08
2.34884599e-06	1.215333e-08
2.34886478e-06	1.223815e-08
2.34888357e-06	1.219728e-08
2.34890236e-06	1.220145e-08
2.34892115e-06	1.212073e-08
2.34893994e-06	1.193738e-08
2.34895873e-06	1.205044e-08
2.34897753e-06	1.218227e-08
2.34899632e-06	1.220145e-08
2.34901511e-06	1.219837e-08
2.34903390e-06	1.221379e-08
2.34905269e-06	1.225791e-08
2.34907149e-06	1.224571e-08
2.34909028e-06	1.223952e-08
2.34910907e-06	1.216580e-08
2.34912787e-06	1.212401e-08
2.34914666e-06	1.215276e-08
2.34916545e-06	1.217382e-08
2.34918425e-06	1.219032e-08
2.34920304e-06	1.219663e-08
2.34922183e-06	1.219970e-08
2.34924063e-06	1.220985e-08
2.34925942e-06	1.217980e-08
2.34927821e-06	1.203482e-08
2.34929701e-06	1.210062e-08
2.34931580e-06	1.212438e-08
2.34933460e-06	1.219371e-08
2.34935339e-06	1.218388e-08
2.34937219e-06	1.221267e-08
2.34939098e-06	1.217251e-08
2.34940978e-06	1.214247e-08
2.34942857e-06	1.221409e-08
2.34944737e-06	1.209654e-08
2.34946616e-06	1.214883e-08
2.34948496e-06	1.202993e-08
2.34950375e-06	1.248489e-08
2.34952255e-06	1.206064e-08
2.34954135e-06	1.204501e-08
2.34956014e-06	1.199945e-08
2.34957894e-06	1.209495e-08
2.34959774e-06	1.201828e-08
2.34961653e-06	1.217179e-08
2.34963533e-06	1.219538e-08
2.34965413e-06	1.215353e-08
2.34967292e-06	1.218360e-08
2.34969172e-06	1.199906e-08
2.34971052e-06	1.330374e-08
2.34972932e-06	1.256240e-08
2.34974812e-06	1.207062e-08
2.34976691e-06	1.217713e-08
2.34978571e-06	1.213692e-08
2.34980451e-06	1.214266e-08
2.34982331e-06	1.214760e-08
2.34984211e-06	1.237329e-08
2.34986090e-06	1.216244e-08
2.34987970e-06	1.216711e-08
2.34989850e-06	1.218707e-08
2.34991730e-06	1.211509e-08
2.34993610e-06	1.217706e-08
2.34995490e-06	1.217672e-08
2.34997370e-06	1.222320e-08
