2.30001633e-06	1.042988e-08
2.30003473e-06	9.081076e-09
2.30005313e-06	1.002569e-08
2.30007153e-06	8.978933e-09
2.30008993e-06	8.949532e-09
2.30010833e-06	1.073069e-08
2.30012673e-06	1.094488e-08
2.30014513e-06	1.073465e-08
2.30016353e-06	1.034667e-08
2.30018194e-06	1.059019e-08
2.30020034e-06	1.067678e-08
2.30021874e-06	1.116994e-08
2.30023714e-06	1.074553e-08
2.30025554e-06	1.010874e-08
2.30027395e-06	9.809463e-09
2.30029235e-06	9.245492e-09
2.30031075e-06	9.901752e-09
2.30032915e-06	1.042516e-08
2.30034756e-06	1.086738e-08
2.30036596e-06	9.863594e-09
2.30038436e-06	9.020208e-09
2.30040276e-06	9.542076e-09
2.30042117e-06	9.577582e-09
2.30043957e-06	9.982144e-09
2.30045797e-06	1.016389e-08
2.30047638e-06	9.235636e-09
2.30049478e-06	7.879664e-09
2.30051319e-06	7.728214e-09
2.30053159e-06	6.444703e-09
2.30054999e-06	6.436002e-09
2.30056840e-06	8.502904e-09
2.30058680e-06	8.879950e-09
2.30060521e-06	6.324809e-09
2.30062361e-06	7.908325e-09
2.30064202e-06	9.260553e-09
2.30066042e-06	9.469748e-09
2.30067883e-06	9.902134e-09
2.30069723e-06	9.977652e-09
2.30071564e-06	9.303606e-09
2.30073404e-06	6.038052e-09
2.30075245e-06	6.447560e-09
2.30077086e-06	9.488872e-09
2.30078926e-06	1.001110e-08
2.30080767e-06	1.006411e-08
2.30082608e-06	9.999288e-09
2.30084448e-06	1.006015e-08
2.30086289e-06	1.004356e-08
2.30088129e-06	1.006388e-08
2.30089970e-06	9.979147e-09
2.30091811e-06	1.023219e-08
2.30093652e-06	1.031793e-08
2.30095492e-06	1.030900e-08
2.30097333e-06	9.014461e-09
2.30099174e-06	8.969723e-09
2.30101015e-06	9.346031e-09
2.30102856e-06	9.076875e-09
2.30104696e-06	9.936657e-09
2.30106537e-06	9.796982e-09
2.30108378e-06	7.620667e-09
2.30110219e-06	6.397771e-09
2.30112060e-06	9.263590e-09
2.30113901e-06	1.029715e-08
2.30115742e-06	1.070868e-08
2.30117583e-06	1.049130e-08
2.30119423e-06	9.395275e-09
2.30121265e-06	8.816018e-09
2.30123105e-06	9.909667e-09
2.30124946e-06	9.949639e-09
2.30126787e-06	9.638999e-09
2.30128628e-06	7.767142e-09
2.30130469e-06	6.280885e-09
2.30132310e-06	6.390711e-09
2.30134152e-06	6.769002e-09
2.30135993e-06	8.006933e-09
2.30137834e-06	8.481002e-09
2.30139675e-06	6.177902e-09
2.30141516e-06	7.734496e-09
2.30143357e-06	1.043017e-08
2.30145198e-06	1.064590e-08
2.30147039e-06	9.468362e-09
2.30148881e-06	6.830835e-09
2.30150722e-06	6.283334e-09
2.30152563e-06	9.217423e-09
2.30154404e-06	1.018580e-08
2.30156245e-06	1.021579e-08
2.30158087e-06	9.864960e-09
2.30159928e-06	1.040921e-08
2.30161769e-06	1.051539e-08
2.30163611e-06	9.561893e-09
2.30165452e-06	9.236069e-09
2.30167293e-06	9.469672e-09
2.30169135e-06	1.017850e-08
2.30170976e-06	1.052499e-08
2.30172817e-06	1.083756e-08
2.30174659e-06	1.048833e-08
2.30176500e-06	9.762976e-09
2.30178341e-06	1.076579e-08
2.30180183e-06	1.048219e-08
2.30182024e-06	9.654646e-09
2.30183866e-06	1.028423e-08
2.30185707e-06	9.934638e-09
2.30187549e-06	9.412552e-09
2.30189390e-06	9.919010e-09
2.30191232e-06	1.067210e-08
2.30193073e-06	1.036022e-08
2.30194915e-06	1.027339e-08
2.30196756e-06	1.079941e-08
2.30198598e-06	1.059579e-08
2.30200440e-06	1.007383e-08
2.30202281e-06	8.880525e-09
2.30204123e-06	9.051815e-09
2.30205964e-06	9.721067e-09
2.30207806e-06	1.001705e-08
2.30209648e-06	9.186430e-09
2.30211489e-06	6.365405e-09
2.30213331e-06	6.393527e-09
2.30215173e-06	8.401833e-09
2.30217014e-06	9.980475e-09
2.30218856e-06	1.033092e-08
2.30220698e-06	1.048823e-08
2.30222540e-06	1.022096e-08
2.30224381e-06	1.024738e-08
2.30226223e-06	9.248474e-09
2.30228065e-06	8.772320e-09
2.30229907e-06	9.887471e-09
2.30231749e-06	1.011114e-08
2.30233591e-06	1.039482e-08
2.30235433e-06	1.078180e-08
2.30237274e-06	1.087371e-08
2.30239116e-06	1.095088e-08
2.30240958e-06	1.041522e-08
2.30242800e-06	1.012089e-08
2.30244642e-06	1.045429e-08
2.30246484e-06	1.059987e-08
2.30248326e-06	1.062430e-08
2.30250168e-06	1.044900e-08
2.30252010e-06	1.024159e-08
2.30253852e-06	9.780537e-09
2.30255694e-06	1.028612e-08
2.30257536e-06	1.068297e-08
2.30259378e-06	1.061309e-08
2.30261220e-06	1.037102e-08
2.30263062e-06	1.030781e-08
2.30264904e-06	1.018153e-08
2.30266747e-06	1.023787e-08
2.30268589e-06	1.088696e-08
2.30270431e-06	1.055027e-08
2.30272273e-06	1.007442e-08
2.30274115e-06	9.434233e-09
2.30275957e-06	6.392868e-09
2.30277800e-06	6.976230e-09
2.30279642e-06	8.589008e-09
2.30281484e-06	8.401441e-09
2.30283326e-06	9.906008e-09
2.30285168e-06	1.002874e-08
2.30287011e-06	1.047487e-08
2.30288853e-06	1.036736e-08
2.30290695e-06	9.708973e-09
2.30292538e-06	9.277590e-09
2.30294380e-06	9.465187e-09
2.30296222e-06	6.922969e-09
2.30298065e-06	6.534105e-09
2.30299907e-06	6.243142e-09
2.30301750e-06	7.831385e-09
2.30303592e-06	8.556455e-09
2.30305434e-06	1.001431e-08
2.30307277e-06	1.020931e-08
2.30309119e-06	1.022317e-08
2.30310962e-06	9.867783e-09
2.30312804e-06	8.957271e-09
2.30314647e-06	1.022889e-08
2.30316489e-06	1.061197e-08
2.30318332e-06	1.003937e-08
2.30320174e-06	8.185370e-09
2.30322017e-06	8.964195e-09
2.30323860e-06	1.088083e-08
2.30325702e-06	1.081135e-08
2.30327545e-06	1.031922e-08
2.30329387e-06	9.583850e-09
2.30331230e-06	7.862572e-09
2.30333073e-06	7.404028e-09
2.30334915e-06	7.945761e-09
2.30336758e-06	9.194926e-09
2.30338601e-06	1.065869e-08
2.30340443e-06	1.098106e-08
2.30342286e-06	1.147167e-08
2.30344129e-06	1.108168e-08
2.30345972e-06	1.054349e-08
2.30347814e-06	1.054381e-08
2.30349657e-06	1.073669e-08
2.30351500e-06	1.081091e-08
2.30353343e-06	1.012719e-08
2.30355186e-06	9.780529e-09
2.30357028e-06	9.303950e-09
2.30358871e-06	8.152773e-09
2.30360714e-06	8.355046e-09
2.30362557e-06	9.424189e-09
2.30364400e-06	9.919774e-09
2.30366243e-06	1.066829e-08
2.30368086e-06	1.044439e-08
2.30369929e-06	1.036126e-08
2.30371772e-06	9.914922e-09
2.30373615e-06	8.745604e-09
2.30375458e-06	8.525821e-09
2.30377301e-06	8.161734e-09
2.30379144e-06	8.955917e-09
2.30380987e-06	8.342939e-09
2.30382830e-06	8.372207e-09
2.30384673e-06	8.185080e-09
2.30386516e-06	6.382586e-09
2.30388359e-06	6.190786e-09
2.30390202e-06	7.916188e-09
2.30392045e-06	7.918050e-09
2.30393888e-06	9.292738e-09
2.30395731e-06	9.062531e-09
2.30397575e-06	9.641484e-09
2.30399418e-06	1.035012e-08
2.30401261e-06	1.034083e-08
2.30403104e-06	1.078486e-08
2.30404947e-06	1.053147e-08
2.30406791e-06	1.011449e-08
2.30408634e-06	1.006699e-08
2.30410477e-06	1.024827e-08
2.30412321e-06	1.084812e-08
2.30414164e-06	1.098795e-08
2.30416007e-06	1.053543e-08
2.30417850e-06	1.036234e-08
2.30419694e-06	1.031461e-08
2.30421537e-06	9.763006e-09
2.30423381e-06	9.803864e-09
2.30425224e-06	1.056762e-08
2.30427067e-06	1.015060e-08
2.30428911e-06	1.016386e-08
2.30430754e-06	1.029609e-08
2.30432598e-06	9.682861e-09
2.30434441e-06	1.015902e-08
2.30436285e-06	1.080168e-08
2.30438128e-06	1.148153e-08
2.30439971e-06	1.122862e-08
2.30441815e-06	1.117149e-08
2.30443659e-06	1.103539e-08
2.30445502e-06	1.021633e-08
2.30447346e-06	1.036099e-08
2.30449189e-06	1.033102e-08
2.30451033e-06	1.041521e-08
2.30452877e-06	1.045335e-08
2.30454720e-06	1.090187e-08
2.30456564e-06	1.056840e-08
2.30458407e-06	1.064679e-08
2.30460251e-06	1.065502e-08
2.30462095e-06	1.010571e-08
2.30463938e-06	9.639015e-09
2.30465782e-06	1.015695e-08
2.30467626e-06	1.070510e-08
2.30469470e-06	1.017947e-08
2.30471313e-06	9.454046e-09
2.30473157e-06	7.893450e-09
2.30475001e-06	8.443916e-09
2.30476845e-06	9.423427e-09
2.30478688e-06	6.672884e-09
2.30480532e-06	6.532408e-09
2.30482376e-06	7.264730e-09
2.30484220e-06	9.536679e-09
2.30486064e-06	8.927297e-09
2.30487908e-06	8.945635e-09
2.30489752e-06	9.722080e-09
2.30491596e-06	9.503003e-09
2.30493440e-06	7.078396e-09
2.30495284e-06	8.295799e-09
2.30497128e-06	8.246696e-09
2.30498972e-06	7.472572e-09
2.30500815e-06	8.765306e-09
2.30502660e-06	1.017650e-08
2.30504504e-06	9.413156e-09
2.30506347e-06	9.508869e-09
2.30508192e-06	9.545760e-09
2.30510036e-06	9.671544e-09
2.30511880e-06	9.962160e-09
2.30513724e-06	1.029137e-08
2.30515568e-06	9.906347e-09
2.30517412e-06	1.003522e-08
2.30519256e-06	1.032413e-08
2.30521100e-06	9.625571e-09
2.30522944e-06	9.946228e-09
2.30524789e-06	1.013278e-08
2.30526633e-06	1.006421e-08
2.30528477e-06	1.024109e-08
2.30530321e-06	1.044016e-08
2.30532166e-06	9.544143e-09
2.30534010e-06	9.750251e-09
2.30535854e-06	1.006353e-08
2.30537698e-06	1.002328e-08
2.30539543e-06	9.135055e-09
2.30541387e-06	6.095857e-09
2.30543231e-06	8.096110e-09
2.30545076e-06	9.595230e-09
2.30546920e-06	8.701015e-09
2.30548764e-06	6.744480e-09
2.30550609e-06	8.796122e-09
2.30552453e-06	1.036244e-08
2.30554298e-06	1.074443e-08
2.30556142e-06	1.054495e-08
2.30557987e-06	1.022721e-08
2.30559831e-06	1.027393e-08
2.30561675e-06	9.922325e-09
2.30563520e-06	6.684561e-09
2.30565365e-06	5.725715e-09
2.30567209e-06	8.541562e-09
2.30569054e-06	9.419145e-09
2.30570898e-06	9.949812e-09
2.30572743e-06	9.255921e-09
2.30574587e-06	8.918932e-09
2.30576432e-06	6.155095e-09
2.30578276e-06	6.401173e-09
2.30580121e-06	8.038886e-09
2.30581966e-06	9.912882e-09
2.30583810e-06	1.030068e-08
2.30585655e-06	9.337000e-09
2.30587500e-06	7.985979e-09
2.30589344e-06	7.720806e-09
2.30591189e-06	9.227515e-09
2.30593034e-06	9.883281e-09
2.30594879e-06	9.335079e-09
2.30596723e-06	9.431037e-09
2.30598568e-06	9.227545e-09
2.30600413e-06	1.006305e-08
2.30602258e-06	1.057452e-08
2.30604102e-06	1.081712e-08
2.30605947e-06	1.095549e-08
2.30607792e-06	1.071991e-08
2.30609637e-06	1.051710e-08
2.30611482e-06	1.028050e-08
2.30613327e-06	9.259185e-09
2.30615172e-06	9.193743e-09
2.30617017e-06	1.001347e-08
2.30618862e-06	9.371900e-09
2.30620707e-06	8.963425e-09
2.30622551e-06	9.542180e-09
2.30624396e-06	1.035638e-08
2.30626241e-06	1.033027e-08
2.30628087e-06	1.025116e-08
2.30629932e-06	1.057338e-08
2.30631777e-06	1.107626e-08
2.30633622e-06	1.063215e-08
2.30635467e-06	1.003477e-08
2.30637312e-06	1.034756e-08
2.30639157e-06	1.017618e-08
2.30641002e-06	9.821009e-09
2.30642847e-06	1.052886e-08
2.30644692e-06	9.545303e-09
2.30646537e-06	9.109014e-09
2.30648383e-06	9.234576e-09
2.30650228e-06	8.731343e-09
2.30652073e-06	8.657820e-09
2.30653918e-06	8.483043e-09
2.30655763e-06	9.040630e-09
2.30657609e-06	9.568914e-09
2.30659454e-06	1.003046e-08
2.30661299e-06	1.025509e-08
2.30663144e-06	8.926523e-09
2.30664990e-06	7.731988e-09
2.30666835e-06	6.075158e-09
2.30668681e-06	8.497112e-09
2.30670526e-06	9.332941e-09
2.30672371e-06	9.154088e-09
2.30674217e-06	9.690944e-09
2.30676062e-06	7.749707e-09
2.30677907e-06	6.246169e-09
2.30679753e-06	6.286597e-09
2.30681598e-06	8.805218e-09
2.30683444e-06	9.198537e-09
2.30685289e-06	8.360659e-09
2.30687135e-06	9.709672e-09
2.30688980e-06	1.001020e-08
2.30690826e-06	9.049320e-09
2.30692671e-06	8.512881e-09
2.30694517e-06	9.721429e-09
2.30696362e-06	1.002586e-08
2.30698208e-06	1.040105e-08
2.30700053e-06	1.073878e-08
2.30701899e-06	1.087282e-08
2.30703745e-06	1.043365e-08
2.30705590e-06	9.948066e-09
2.30707436e-06	1.065230e-08
2.30709282e-06	1.066439e-08
2.30711127e-06	1.082172e-08
2.30712973e-06	1.093389e-08
2.30714819e-06	1.096806e-08
2.30716664e-06	1.089265e-08
2.30718510e-06	1.093192e-08
2.30720356e-06	1.089782e-08
2.30722202e-06	1.036946e-08
2.30724047e-06	9.777104e-09
2.30725893e-06	9.964188e-09
2.30727739e-06	1.041117e-08
2.30729585e-06	9.075129e-09
2.30731431e-06	8.620114e-09
2.30733277e-06	1.014788e-08
2.30735122e-06	1.063350e-08
2.30736968e-06	1.029882e-08
2.30738814e-06	9.071202e-09
2.30740660e-06	9.410632e-09
2.30742506e-06	1.042052e-08
2.30744352e-06	1.090637e-08
2.30746198e-06	1.079904e-08
2.30748044e-06	1.013181e-08
2.30749890e-06	9.795812e-09
2.30751736e-06	8.672428e-09
2.30753582e-06	9.444982e-09
2.30755428e-06	1.007486e-08
2.30757274e-06	9.903429e-09
2.30759120e-06	9.481905e-09
2.30760966e-06	8.388685e-09
2.30762812e-06	6.396742e-09
2.30764658e-06	5.551794e-09
2.30766504e-06	7.740856e-09
2.30768351e-06	8.712612e-09
2.30770197e-06	1.003309e-08
2.30772043e-06	1.081564e-08
2.30773889e-06	1.074525e-08
2.30775735e-06	1.066583e-08
2.30777581e-06	1.036388e-08
2.30779428e-06	8.961146e-09
2.30781274e-06	8.205714e-09
2.30783120e-06	6.214763e-09
2.30784966e-06	6.287026e-09
2.30786813e-06	8.571392e-09
2.30788659e-06	9.827112e-09
2.30790505e-06	1.037082e-08
2.30792352e-06	1.028377e-08
2.30794198e-06	1.003863e-08
2.30796044e-06	1.052448e-08
2.30797891e-06	1.058637e-08
2.30799737e-06	1.026806e-08
2.30801583e-06	9.084696e-09
2.30803430e-06	9.176658e-09
2.30805276e-06	7.936768e-09
2.30807123e-06	9.250144e-09
2.30808969e-06	1.031897e-08
2.30810816e-06	1.028974e-08
2.30812662e-06	1.017226e-08
2.30814509e-06	1.060500e-08
2.30816355e-06	1.093933e-08
2.30818202e-06	1.065294e-08
2.30820048e-06	9.773313e-09
2.30821895e-06	1.001351e-08
2.30823741e-06	1.047257e-08
2.30825588e-06	1.064917e-08
2.30827434e-06	9.720622e-09
2.30829281e-06	9.119835e-09
2.30831128e-06	1.008679e-08
2.30832974e-06	1.040287e-08
2.30834821e-06	1.021667e-08
2.30836668e-06	9.954481e-09
2.30838514e-06	9.980370e-09
2.30840361e-06	1.045680e-08
2.30842208e-06	1.070212e-08
2.30844055e-06	1.082201e-08
2.30845901e-06	1.046921e-08
2.30847748e-06	9.838902e-09
2.30849595e-06	9.225480e-09
2.30851442e-06	8.594638e-09
2.30853288e-06	9.548584e-09
2.30855135e-06	1.023319e-08
2.30856982e-06	1.027278e-08
2.30858829e-06	1.029722e-08
2.30860676e-06	1.061132e-08
2.30862523e-06	1.092287e-08
2.30864370e-06	1.048486e-08
2.30866217e-06	1.055501e-08
2.30868063e-06	1.093911e-08
2.30869911e-06	1.045797e-08
2.30871757e-06	1.005351e-08
2.30873604e-06	9.738275e-09
2.30875451e-06	9.911237e-09
2.30877298e-06	1.059766e-08
2.30879145e-06	1.008371e-08
2.30880992e-06	9.095957e-09
2.30882840e-06	9.285329e-09
2.30884687e-06	1.029677e-08
2.30886534e-06	1.034626e-08
2.30888381e-06	9.429810e-09
2.30890228e-06	8.029937e-09
2.30892075e-06	6.051060e-09
2.30893922e-06	6.449151e-09
2.30895769e-06	7.639563e-09
2.30897616e-06	8.780775e-09
2.30899464e-06	7.550312e-09
2.30901311e-06	8.815211e-09
2.30903158e-06	1.004036e-08
2.30905005e-06	9.981994e-09
2.30906852e-06	9.442698e-09
2.30908700e-06	8.208267e-09
2.30910547e-06	8.200444e-09
2.30912394e-06	8.732657e-09
2.30914242e-06	9.522234e-09
2.30916089e-06	8.917587e-09
2.30917936e-06	9.739569e-09
2.30919784e-06	8.183994e-09
2.30921631e-06	8.404597e-09
2.30923478e-06	9.686312e-09
2.30925326e-06	1.025094e-08
2.30927173e-06	1.064518e-08
2.30929021e-06	1.044540e-08
2.30930868e-06	1.080350e-08
2.30932715e-06	1.044618e-08
2.30934563e-06	9.751184e-09
2.30936410e-06	7.586862e-09
2.30938258e-06	8.976408e-09
2.30940105e-06	1.044154e-08
2.30941953e-06	1.008358e-08
2.30943800e-06	9.760000e-09
2.30945648e-06	9.284547e-09
2.30947495e-06	8.957246e-09
2.30949343e-06	9.714750e-09
2.30951191e-06	9.612704e-09
2.30953038e-06	9.091193e-09
2.30954886e-06	9.561127e-09
2.30956733e-06	1.021919e-08
2.30958581e-06	1.043550e-08
2.30960429e-06	1.017231e-08
2.30962277e-06	1.017226e-08
2.30964124e-06	1.003443e-08
2.30965972e-06	7.139366e-09
2.30967820e-06	5.525463e-09
2.30969667e-06	7.594537e-09
2.30971515e-06	1.011307e-08
2.30973363e-06	1.063186e-08
2.30975211e-06	9.245530e-09
2.30977059e-06	6.429024e-09
2.30978906e-06	7.255758e-09
2.30980754e-06	7.705966e-09
2.30982602e-06	7.816084e-09
2.30984450e-06	6.842577e-09
2.30986298e-06	9.869354e-09
2.30988146e-06	1.027068e-08
2.30989994e-06	9.838931e-09
2.30991842e-06	9.594488e-09
2.30993689e-06	8.299040e-09
2.30995537e-06	9.231755e-09
2.30997385e-06	1.016191e-08
2.30999233e-06	9.471516e-09
2.31001081e-06	8.982781e-09
2.31002929e-06	9.625771e-09
2.31004777e-06	7.004169e-09
2.31006625e-06	6.535497e-09
2.31008473e-06	6.297690e-09
2.31010321e-06	9.269286e-09
2.31012170e-06	9.222579e-09
2.31014018e-06	7.222450e-09
2.31015866e-06	8.903786e-09
2.31017714e-06	1.031673e-08
2.31019562e-06	1.061316e-08
2.31021410e-06	9.608954e-09
2.31023258e-06	9.897436e-09
2.31025107e-06	1.087981e-08
2.31026955e-06	1.113006e-08
2.31028803e-06	1.081491e-08
2.31030651e-06	1.071896e-08
2.31032499e-06	1.002355e-08
2.31034348e-06	9.047800e-09
2.31036196e-06	9.648982e-09
2.31038044e-06	8.648206e-09
2.31039893e-06	8.197472e-09
2.31041741e-06	9.167835e-09
2.31043589e-06	9.893130e-09
2.31045438e-06	8.786690e-09
2.31047286e-06	8.409692e-09
2.31049134e-06	9.106200e-09
2.31050983e-06	8.199864e-09
2.31052831e-06	9.553266e-09
2.31054680e-06	1.022614e-08
2.31056528e-06	9.996204e-09
2.31058377e-06	9.126195e-09
2.31060225e-06	9.983940e-09
2.31062073e-06	1.103437e-08
2.31063922e-06	1.060115e-08
2.31065770e-06	1.002677e-08
2.31067619e-06	1.050709e-08
2.31069467e-06	1.004058e-08
2.31071316e-06	9.802897e-09
2.31073165e-06	9.298524e-09
2.31075013e-06	9.536063e-09
2.31076862e-06	9.442054e-09
2.31078710e-06	9.748070e-09
2.31080559e-06	9.230968e-09
2.31082408e-06	9.812432e-09
2.31084256e-06	1.023100e-08
2.31086105e-06	1.001007e-08
2.31087954e-06	1.009688e-08
2.31089802e-06	9.218068e-09
2.31091651e-06	8.297297e-09
2.31093500e-06	9.027972e-09
2.31095349e-06	9.517270e-09
2.31097197e-06	7.978113e-09
2.31099046e-06	7.998317e-09
2.31100895e-06	8.787231e-09
2.31102744e-06	9.009439e-09
2.31104593e-06	1.040448e-08
2.31106441e-06	1.076890e-08
2.31108290e-06	1.000766e-08
2.31110139e-06	1.012129e-08
2.31111988e-06	1.048041e-08
2.31113837e-06	1.063165e-08
2.31115686e-06	1.017532e-08
2.31117535e-06	7.704916e-09
2.31119384e-06	5.591866e-09
2.31121233e-06	6.544385e-09
2.31123082e-06	6.141420e-09
2.31124931e-06	6.266539e-09
2.31126780e-06	8.409887e-09
2.31128629e-06	8.902475e-09
2.31130478e-06	9.006639e-09
2.31132327e-06	8.435746e-09
2.31134176e-06	8.351724e-09
2.31136025e-06	9.306090e-09
2.31137874e-06	1.000438e-08
2.31139723e-06	1.033461e-08
2.31141572e-06	9.683558e-09
2.31143421e-06	9.235789e-09
2.31145270e-06	9.522846e-09
2.31147120e-06	8.178691e-09
2.31148969e-06	9.261301e-09
2.31150818e-06	9.759098e-09
2.31152667e-06	8.986848e-09
2.31154516e-06	8.454200e-09
2.31156366e-06	6.049310e-09
2.31158215e-06	8.575539e-09
2.31160064e-06	1.050001e-08
2.31161913e-06	9.020499e-09
2.31163763e-06	6.904819e-09
2.31165612e-06	6.211542e-09
2.31167461e-06	7.954410e-09
2.31169311e-06	9.759736e-09
2.31171160e-06	1.026714e-08
2.31173009e-06	9.345607e-09
2.31174859e-06	9.439330e-09
2.31176708e-06	1.000443e-08
2.31178558e-06	9.098817e-09
2.31180407e-06	9.914593e-09
2.31182257e-06	1.001914e-08
2.31184106e-06	9.257295e-09
2.31185955e-06	9.491876e-09
2.31187805e-06	1.038195e-08
2.31189654e-06	8.299839e-09
2.31191504e-06	7.930270e-09
2.31193353e-06	9.679020e-09
2.31195203e-06	8.921997e-09
2.31197052e-06	9.843747e-09
2.31198902e-06	1.051488e-08
2.31200752e-06	1.004809e-08
2.31202601e-06	9.483378e-09
2.31204451e-06	7.939786e-09
2.31206301e-06	8.666261e-09
2.31208150e-06	9.265482e-09
2.31210000e-06	1.022578e-08
2.31211850e-06	1.032774e-08
2.31213699e-06	9.642822e-09
2.31215549e-06	1.022770e-08
2.31217399e-06	1.011810e-08
2.31219248e-06	9.186249e-09
2.31221098e-06	9.011192e-09
2.31222948e-06	9.201439e-09
2.31224798e-06	9.580310e-09
2.31226648e-06	9.720739e-09
2.31228497e-06	9.003672e-09
2.31230347e-06	8.447902e-09
2.31232197e-06	1.028345e-08
2.31234047e-06	9.765854e-09
2.31235897e-06	8.987291e-09
2.31237747e-06	8.638668e-09
2.31239596e-06	8.952607e-09
2.31241446e-06	9.466020e-09
2.31243296e-06	7.431699e-09
2.31245146e-06	6.502198e-09
2.31246996e-06	6.197668e-09
2.31248846e-06	8.856729e-09
2.31250696e-06	9.591595e-09
2.31252546e-06	9.923567e-09
2.31254396e-06	8.896294e-09
2.31256246e-06	9.707041e-09
2.31258096e-06	9.486704e-09
2.31259946e-06	8.992019e-09
2.31261796e-06	1.028691e-08
2.31263647e-06	1.028298e-08
2.31265497e-06	1.021683e-08
2.31267347e-06	1.079485e-08
2.31269197e-06	1.055811e-08
2.31271047e-06	9.522210e-09
2.31272897e-06	9.810177e-09
2.31274748e-06	9.781844e-09
2.31276598e-06	9.780009e-09
2.31278448e-06	1.067631e-08
2.31280298e-06	1.046595e-08
2.31282148e-06	1.027537e-08
2.31283999e-06	8.832292e-09
2.31285849e-06	8.367745e-09
2.31287699e-06	9.770385e-09
2.31289550e-06	1.011065e-08
2.31291400e-06	9.455558e-09
2.31293250e-06	9.251945e-09
2.31295100e-06	9.838889e-09
2.31296951e-06	9.305189e-09
2.31298801e-06	1.048782e-08
2.31300652e-06	1.000625e-08
2.31302502e-06	9.470689e-09
2.31304352e-06	9.612938e-09
2.31306203e-06	9.084316e-09
2.31308053e-06	9.064221e-09
2.31309904e-06	8.477967e-09
2.31311754e-06	7.583801e-09
2.31313605e-06	7.912273e-09
2.31315455e-06	9.214251e-09
2.31317306e-06	8.369447e-09
2.31319156e-06	9.326903e-09
2.31321007e-06	9.611997e-09
2.31322857e-06	8.072887e-09
2.31324708e-06	7.424169e-09
2.31326559e-06	1.005545e-08
2.31328409e-06	1.022684e-08
2.31330260e-06	9.907240e-09
2.31332111e-06	1.048761e-08
2.31333961e-06	1.093205e-08
2.31335812e-06	1.021720e-08
2.31337662e-06	9.825590e-09
2.31339513e-06	9.478721e-09
2.31341364e-06	9.517228e-09
2.31343215e-06	1.058813e-08
2.31345065e-06	1.099674e-08
2.31346916e-06	1.027187e-08
2.31348767e-06	1.022384e-08
2.31350618e-06	1.046340e-08
2.31352469e-06	1.033574e-08
2.31354319e-06	1.049215e-08
2.31356170e-06	1.014575e-08
2.31358021e-06	1.011929e-08
2.31359872e-06	8.732675e-09
2.31361723e-06	8.841017e-09
2.31363574e-06	9.840535e-09
2.31365425e-06	9.592722e-09
2.31367275e-06	8.996814e-09
2.31369127e-06	6.402946e-09
2.31370977e-06	6.486361e-09
2.31372828e-06	7.157403e-09
2.31374679e-06	9.713536e-09
2.31376530e-06	9.428844e-09
2.31378381e-06	9.091387e-09
2.31380232e-06	9.641951e-09
2.31382083e-06	8.181728e-09
2.31383935e-06	8.264794e-09
2.31385786e-06	9.381463e-09
2.31387637e-06	9.821297e-09
2.31389488e-06	9.452004e-09
2.31391339e-06	9.932037e-09
2.31393190e-06	1.004487e-08
2.31395041e-06	8.899299e-09
2.31396892e-06	9.331880e-09
2.31398744e-06	9.592460e-09
2.31400595e-06	8.578543e-09
2.31402446e-06	9.269657e-09
2.31404297e-06	6.351666e-09
2.31406148e-06	6.301730e-09
2.31408000e-06	9.138170e-09
2.31409851e-06	1.033209e-08
2.31411702e-06	1.010243e-08
2.31413553e-06	1.045212e-08
2.31415405e-06	9.825583e-09
2.31417256e-06	1.039871e-08
2.31419107e-06	1.019557e-08
2.31420959e-06	1.065387e-08
2.31422810e-06	1.044774e-08
2.31424662e-06	9.538834e-09
2.31426513e-06	9.897565e-09
2.31428364e-06	1.033416e-08
2.31430216e-06	1.083807e-08
2.31432067e-06	9.798365e-09
2.31433919e-06	9.809238e-09
2.31435770e-06	9.976624e-09
2.31437622e-06	8.954237e-09
2.31439473e-06	8.337795e-09
2.31441325e-06	9.660292e-09
2.31443176e-06	9.365587e-09
2.31445028e-06	9.881230e-09
2.31446879e-06	9.247521e-09
2.31448731e-06	9.303265e-09
2.31450582e-06	9.911920e-09
2.31452434e-06	9.338407e-09
2.31454286e-06	8.141875e-09
2.31456137e-06	9.523158e-09
2.31457989e-06	1.048734e-08
2.31459841e-06	1.044725e-08
2.31461692e-06	1.040649e-08
2.31463544e-06	1.076217e-08
2.31465396e-06	9.644488e-09
2.31467247e-06	5.994652e-09
2.31469099e-06	5.631519e-09
2.31470951e-06	8.081606e-09
2.31472803e-06	8.247967e-09
2.31474654e-06	7.631026e-09
2.31476506e-06	9.085140e-09
2.31478358e-06	9.922120e-09
2.31480210e-06	8.352141e-09
2.31482062e-06	8.283739e-09
2.31483913e-06	9.977503e-09
2.31485765e-06	8.754356e-09
2.31487617e-06	7.563471e-09
2.31489469e-06	9.476500e-09
2.31491321e-06	8.819089e-09
2.31493173e-06	8.950984e-09
2.31495025e-06	8.948889e-09
2.31496877e-06	6.407015e-09
2.31498729e-06	5.731401e-09
2.31500581e-06	6.462785e-09
2.31502433e-06	7.411154e-09
2.31504285e-06	9.469871e-09
2.31506137e-06	8.475528e-09
2.31507989e-06	8.941952e-09
2.31509841e-06	9.843988e-09
2.31511693e-06	8.787866e-09
2.31513545e-06	9.057482e-09
2.31515397e-06	1.005697e-08
2.31517250e-06	1.019282e-08
2.31519102e-06	1.069936e-08
2.31520954e-06	1.036999e-08
2.31522806e-06	9.619823e-09
2.31524658e-06	9.668490e-09
2.31526510e-06	1.019224e-08
2.31528362e-06	8.671890e-09
2.31530215e-06	6.023281e-09
2.31532067e-06	7.690091e-09
2.31533919e-06	9.608370e-09
2.31535771e-06	1.046518e-08
2.31537624e-06	1.070193e-08
2.31539476e-06	1.081057e-08
2.31541328e-06	9.961277e-09
2.31543181e-06	9.154677e-09
2.31545033e-06	9.540354e-09
2.31546885e-06	1.002663e-08
2.31548738e-06	9.793247e-09
2.31550590e-06	9.997531e-09
2.31552443e-06	9.635243e-09
2.31554295e-06	9.951058e-09
2.31556148e-06	1.010851e-08
2.31558000e-06	1.103578e-08
2.31559852e-06	9.833201e-09
2.31561705e-06	9.848541e-09
2.31563557e-06	1.076081e-08
2.31565410e-06	1.087333e-08
2.31567262e-06	1.068130e-08
2.31569115e-06	9.128230e-09
2.31570967e-06	8.639533e-09
2.31572820e-06	9.402626e-09
2.31574673e-06	9.391317e-09
2.31576525e-06	8.714347e-09
2.31578378e-06	8.989829e-09
2.31580231e-06	9.552427e-09
2.31582083e-06	8.913575e-09
2.31583936e-06	1.004446e-08
2.31585788e-06	9.017443e-09
2.31587641e-06	7.979952e-09
2.31589494e-06	9.947697e-09
2.31591347e-06	1.073490e-08
2.31593199e-06	1.080487e-08
2.31595052e-06	1.014174e-08
2.31596905e-06	9.520730e-09
2.31598758e-06	9.757831e-09
2.31600610e-06	9.124273e-09
2.31602463e-06	1.005041e-08
2.31604316e-06	1.090558e-08
2.31606169e-06	1.107198e-08
2.31608022e-06	1.028137e-08
2.31609875e-06	9.771527e-09
2.31611727e-06	9.094779e-09
2.31613580e-06	8.770969e-09
2.31615433e-06	8.732376e-09
2.31617286e-06	8.138123e-09
2.31619139e-06	9.796867e-09
2.31620992e-06	1.004061e-08
2.31622845e-06	9.177676e-09
2.31624698e-06	6.929836e-09
2.31626551e-06	7.406105e-09
2.31628404e-06	7.152462e-09
2.31630257e-06	7.616943e-09
2.31632110e-06	6.411085e-09
2.31633963e-06	6.498313e-09
2.31635816e-06	7.074325e-09
2.31637669e-06	9.155809e-09
2.31639522e-06	9.141713e-09
2.31641375e-06	7.860364e-09
2.31643229e-06	7.406717e-09
2.31645082e-06	8.924317e-09
2.31646935e-06	8.814509e-09
2.31648788e-06	9.724196e-09
2.31650641e-06	1.009815e-08
2.31652494e-06	1.012782e-08
2.31654348e-06	1.013260e-08
2.31656201e-06	7.179195e-09
2.31658054e-06	7.393458e-09
2.31659908e-06	9.328183e-09
2.31661761e-06	8.645376e-09
2.31663614e-06	9.123428e-09
2.31665467e-06	9.768183e-09
2.31667321e-06	9.729454e-09
2.31669174e-06	8.857231e-09
2.31671027e-06	9.976112e-09
2.31672881e-06	1.032306e-08
2.31674734e-06	1.034163e-08
2.31676587e-06	9.206228e-09
2.31678441e-06	1.020836e-08
2.31680294e-06	1.085613e-08
2.31682148e-06	9.336082e-09
2.31684001e-06	7.330232e-09
2.31685855e-06	9.313925e-09
2.31687708e-06	1.012498e-08
2.31689562e-06	1.009544e-08
2.31691415e-06	1.040491e-08
2.31693269e-06	9.724201e-09
2.31695122e-06	1.052000e-08
2.31696976e-06	1.078535e-08
2.31698830e-06	9.208881e-09
2.31700683e-06	8.635737e-09
2.31702537e-06	8.894406e-09
2.31704390e-06	7.884354e-09
2.31706244e-06	9.192652e-09
2.31708098e-06	1.009209e-08
2.31709951e-06	1.074654e-08
2.31711805e-06	1.054532e-08
2.31713659e-06	1.000552e-08
2.31715512e-06	6.889707e-09
2.31717366e-06	7.416214e-09
2.31719220e-06	1.002642e-08
2.31721073e-06	1.037239e-08
2.31722927e-06	1.005583e-08
2.31724781e-06	1.032836e-08
2.31726635e-06	1.063979e-08
2.31728489e-06	1.024542e-08
2.31730342e-06	1.034424e-08
2.31732196e-06	9.937177e-09
2.31734050e-06	9.830381e-09
2.31735904e-06	1.049296e-08
2.31737758e-06	1.051657e-08
2.31739612e-06	9.755149e-09
2.31741466e-06	9.500313e-09
2.31743320e-06	9.710420e-09
2.31745174e-06	8.147838e-09
2.31747028e-06	9.363947e-09
2.31748882e-06	8.310021e-09
2.31750736e-06	6.697257e-09
2.31752590e-06	9.003231e-09
2.31754444e-06	9.760231e-09
2.31756298e-06	1.001301e-08
2.31758152e-06	9.085732e-09
2.31760006e-06	5.669698e-09
2.31761860e-06	5.582530e-09
2.31763714e-06	8.910507e-09
2.31765568e-06	9.867080e-09
2.31767422e-06	9.298345e-09
2.31769276e-06	7.299876e-09
2.31771131e-06	6.401123e-09
2.31772985e-06	6.144827e-09
2.31774839e-06	8.315150e-09
2.31776693e-06	9.210472e-09
2.31778547e-06	7.215064e-09
2.31780401e-06	8.687816e-09
2.31782256e-06	9.878927e-09
2.31784110e-06	1.050060e-08
2.31785964e-06	1.053120e-08
2.31787819e-06	9.145990e-09
2.31789673e-06	8.721544e-09
2.31791527e-06	1.035860e-08
2.31793381e-06	1.034197e-08
2.31795236e-06	9.635740e-09
2.31797090e-06	1.007680e-08
2.31798945e-06	1.038911e-08
2.31800799e-06	8.911682e-09
2.31802653e-06	8.531911e-09
2.31804508e-06	9.503795e-09
2.31806362e-06	9.700910e-09
2.31808217e-06	9.636733e-09
2.31810071e-06	8.990046e-09
2.31811926e-06	1.025100e-08
2.31813780e-06	9.821313e-09
2.31815635e-06	8.051660e-09
2.31817489e-06	8.598704e-09
2.31819344e-06	1.064677e-08
2.31821198e-06	1.048793e-08
2.31823053e-06	9.116107e-09
2.31824907e-06	8.857269e-09
2.31826762e-06	7.213519e-09
2.31828617e-06	8.776744e-09
2.31830471e-06	1.035082e-08
2.31832326e-06	1.097743e-08
2.31834181e-06	1.047700e-08
2.31836035e-06	9.950308e-09
2.31837890e-06	9.891266e-09
2.31839745e-06	1.023258e-08
2.31841599e-06	1.074338e-08
2.31843454e-06	1.085785e-08
2.31845309e-06	9.505496e-09
2.31847164e-06	7.550783e-09
2.31849018e-06	6.057415e-09
2.31850873e-06	8.262924e-09
2.31852728e-06	9.516550e-09
2.31854583e-06	1.017844e-08
2.31856438e-06	1.052502e-08
2.31858292e-06	1.023657e-08
2.31860147e-06	9.671124e-09
2.31862002e-06	9.745496e-09
2.31863857e-06	9.256238e-09
2.31865712e-06	1.017938e-08
2.31867567e-06	1.002449e-08
2.31869422e-06	9.610432e-09
2.31871277e-06	9.801857e-09
2.31873132e-06	1.016264e-08
2.31874987e-06	1.016629e-08
2.31876842e-06	1.058406e-08
2.31878697e-06	1.093210e-08
2.31880552e-06	1.079707e-08
2.31882407e-06	1.005971e-08
2.31884262e-06	1.017707e-08
2.31886117e-06	9.443570e-09
2.31887972e-06	8.901860e-09
2.31889827e-06	9.417195e-09
2.31891682e-06	9.952906e-09
2.31893538e-06	9.739465e-09
2.31895393e-06	9.898039e-09
2.31897248e-06	1.016843e-08
2.31899103e-06	9.672964e-09
2.31900958e-06	9.628305e-09
2.31902813e-06	9.408312e-09
2.31904669e-06	9.603596e-09
2.31906524e-06	8.803479e-09
2.31908379e-06	9.446365e-09
2.31910234e-06	8.571982e-09
2.31912090e-06	6.102326e-09
2.31913945e-06	6.169496e-09
2.31915800e-06	8.726842e-09
2.31917656e-06	9.705850e-09
2.31919511e-06	1.025914e-08
2.31921366e-06	1.038439e-08
2.31923222e-06	1.018755e-08
2.31925077e-06	9.629662e-09
2.31926932e-06	9.845247e-09
2.31928788e-06	9.843017e-09
2.31930643e-06	9.481958e-09
2.31932499e-06	9.740294e-09
2.31934354e-06	8.885227e-09
2.31936210e-06	9.460058e-09
2.31938065e-06	9.850949e-09
2.31939921e-06	1.043195e-08
2.31941776e-06	1.054195e-08
2.31943632e-06	1.086244e-08
2.31945487e-06	9.971397e-09
2.31947343e-06	8.380343e-09
2.31949198e-06	8.896300e-09
2.31951054e-06	8.014897e-09
2.31952910e-06	7.437710e-09
2.31954765e-06	7.566110e-09
2.31956621e-06	6.948091e-09
2.31958477e-06	8.342929e-09
2.31960332e-06	1.045694e-08
2.31962188e-06	1.108843e-08
2.31964044e-06	1.106431e-08
2.31965899e-06	1.088349e-08
2.31967755e-06	9.929251e-09
2.31969611e-06	7.721255e-09
2.31971466e-06	8.803987e-09
2.31973322e-06	9.635339e-09
2.31975178e-06	1.060966e-08
2.31977034e-06	1.089605e-08
2.31978890e-06	1.074938e-08
2.31980746e-06	1.101942e-08
2.31982601e-06	1.084406e-08
2.31984457e-06	1.076497e-08
2.31986313e-06	1.037357e-08
2.31988169e-06	9.684904e-09
2.31990025e-06	1.019431e-08
2.31991881e-06	1.078666e-08
2.31993737e-06	1.094429e-08
2.31995593e-06	1.000242e-08
2.31997449e-06	9.760197e-09
2.31999305e-06	8.766336e-09
2.32001161e-06	6.634851e-09
2.32003017e-06	9.354399e-09
2.32004873e-06	1.063233e-08
2.32006729e-06	9.632449e-09
2.32008585e-06	9.274990e-09
2.32010441e-06	1.000395e-08
2.32012297e-06	1.058933e-08
2.32014153e-06	1.022467e-08
2.32016009e-06	1.054611e-08
2.32017865e-06	1.010421e-08
2.32019721e-06	1.022543e-08
2.32021577e-06	9.984609e-09
2.32023434e-06	1.013182e-08
2.32025290e-06	9.694725e-09
2.32027146e-06	7.314316e-09
2.32029002e-06	9.721845e-09
2.32030858e-06	1.089509e-08
2.32032715e-06	1.116383e-08
2.32034571e-06	1.034767e-08
2.32036427e-06	8.218704e-09
2.32038284e-06	7.838635e-09
2.32040140e-06	9.414151e-09
2.32041996e-06	7.146283e-09
2.32043853e-06	6.240887e-09
2.32045709e-06	9.599445e-09
2.32047565e-06	1.021419e-08
2.32049422e-06	9.515308e-09
2.32051278e-06	9.233242e-09
2.32053135e-06	8.348526e-09
2.32054991e-06	8.146783e-09
2.32056847e-06	6.510638e-09
2.32058704e-06	6.469368e-09
2.32060560e-06	6.431722e-09
2.32062417e-06	7.247400e-09
2.32064273e-06	8.858751e-09
2.32066130e-06	9.124755e-09
2.32067986e-06	9.205112e-09
2.32069843e-06	9.508226e-09
2.32071699e-06	9.697200e-09
2.32073556e-06	7.701302e-09
2.32075413e-06	8.151231e-09
2.32077269e-06	8.866074e-09
2.32079126e-06	1.017415e-08
2.32080982e-06	1.054315e-08
2.32082839e-06	1.067048e-08
2.32084696e-06	1.034248e-08
2.32086552e-06	9.462243e-09
2.32088409e-06	7.507431e-09
2.32090266e-06	8.289692e-09
2.32092123e-06	8.857036e-09
2.32093979e-06	8.026683e-09
2.32095836e-06	8.112121e-09
2.32097693e-06	9.755333e-09
2.32099550e-06	9.740195e-09
2.32101406e-06	8.973156e-09
2.32103263e-06	8.891555e-09
2.32105120e-06	8.264876e-09
2.32106977e-06	9.910803e-09
2.32108834e-06	1.088543e-08
2.32110691e-06	1.088079e-08
2.32112547e-06	9.722695e-09
2.32114404e-06	8.438889e-09
2.32116261e-06	9.569952e-09
2.32118118e-06	8.164390e-09
2.32119975e-06	5.967168e-09
2.32121832e-06	8.408844e-09
2.32123689e-06	1.008745e-08
2.32125546e-06	1.058045e-08
2.32127403e-06	9.864927e-09
2.32129260e-06	9.934643e-09
2.32131117e-06	8.875023e-09
2.32132974e-06	7.131588e-09
2.32134831e-06	7.783411e-09
2.32136688e-06	9.083516e-09
2.32138545e-06	1.071532e-08
2.32140403e-06	1.085475e-08
2.32142260e-06	1.064735e-08
2.32144117e-06	1.033576e-08
2.32145974e-06	1.072661e-08
2.32147831e-06	1.055452e-08
2.32149688e-06	8.981639e-09
2.32151545e-06	8.726736e-09
2.32153403e-06	9.321250e-09
2.32155260e-06	1.010116e-08
2.32157117e-06	1.074182e-08
2.32158974e-06	1.076510e-08
2.32160832e-06	1.063129e-08
2.32162689e-06	9.758994e-09
2.32164546e-06	7.423392e-09
2.32166404e-06	8.501917e-09
2.32168261e-06	1.018355e-08
2.32170118e-06	1.078461e-08
2.32171976e-06	1.074455e-08
2.32173833e-06	1.051898e-08
2.32175690e-06	1.036519e-08
2.32177548e-06	9.670218e-09
2.32179405e-06	8.587512e-09
2.32181263e-06	9.765539e-09
2.32183120e-06	9.345118e-09
2.32184978e-06	9.370924e-09
2.32186835e-06	9.558629e-09
2.32188692e-06	9.817839e-09
2.32190550e-06	9.477612e-09
2.32192408e-06	9.941435e-09
2.32194265e-06	7.072500e-09
2.32196123e-06	6.286288e-09
2.32197980e-06	9.443763e-09
2.32199838e-06	9.696635e-09
2.32201695e-06	9.534879e-09
2.32203553e-06	9.673005e-09
2.32205411e-06	9.072014e-09
2.32207268e-06	5.959116e-09
2.32209126e-06	6.291398e-09
2.32210984e-06	8.294414e-09
2.32212841e-06	9.851134e-09
2.32214699e-06	1.005195e-08
2.32216557e-06	9.456196e-09
2.32218414e-06	7.199789e-09
2.32220272e-06	7.399685e-09
2.32222130e-06	9.546447e-09
2.32223988e-06	9.281949e-09
2.32225846e-06	8.967417e-09
2.32227703e-06	1.035773e-08
2.32229561e-06	1.015242e-08
2.32231419e-06	9.130855e-09
2.32233277e-06	9.551976e-09
2.32235135e-06	9.311069e-09
2.32236993e-06	7.025127e-09
2.32238850e-06	7.617415e-09
2.32240708e-06	9.631156e-09
2.32242566e-06	1.001566e-08
2.32244424e-06	1.022660e-08
2.32246282e-06	8.446138e-09
2.32248140e-06	8.219604e-09
2.32249998e-06	8.865815e-09
2.32251856e-06	1.031997e-08
2.32253714e-06	9.597376e-09
2.32255572e-06	8.753140e-09
2.32257430e-06	9.056480e-09
2.32259288e-06	1.036488e-08
2.32261146e-06	1.011649e-08
2.32263005e-06	8.938008e-09
2.32264863e-06	6.380012e-09
2.32266721e-06	6.557717e-09
2.32268579e-06	6.736831e-09
2.32270437e-06	7.738362e-09
2.32272295e-06	7.032582e-09
2.32274153e-06	7.096650e-09
2.32276012e-06	6.814579e-09
2.32277870e-06	9.333054e-09
2.32279728e-06	9.703488e-09
2.32281586e-06	7.130332e-09
2.32283444e-06	7.888778e-09
2.32285303e-06	7.721840e-09
2.32287161e-06	6.756366e-09
2.32289019e-06	8.570810e-09
2.32290878e-06	7.928439e-09
2.32292736e-06	6.621288e-09
2.32294594e-06	8.142311e-09
2.32296453e-06	7.313652e-09
2.32298311e-06	9.551903e-09
2.32300169e-06	8.684618e-09
2.32302028e-06	6.644759e-09
2.32303886e-06	8.282047e-09
2.32305745e-06	1.020510e-08
2.32307603e-06	8.803728e-09
2.32309462e-06	7.242462e-09
2.32311320e-06	8.517779e-09
2.32313179e-06	7.609997e-09
2.32315037e-06	6.570379e-09
2.32316896e-06	6.070466e-09
2.32318754e-06	6.788608e-09
2.32320613e-06	7.034137e-09
2.32322471e-06	6.941768e-09
2.32324330e-06	9.673323e-09
2.32326188e-06	8.786705e-09
2.32328047e-06	7.916411e-09
2.32329906e-06	1.039976e-08
2.32331764e-06	1.049708e-08
2.32333623e-06	8.508067e-09
2.32335482e-06	7.275338e-09
2.32337340e-06	7.667280e-09
2.32339199e-06	9.460740e-09
2.32341058e-06	1.000644e-08
2.32342916e-06	9.215991e-09
2.32344775e-06	6.624554e-09
2.32346634e-06	7.546909e-09
2.32348493e-06	1.021567e-08
2.32350352e-06	1.061477e-08
2.32352210e-06	1.055945e-08
2.32354069e-06	8.948197e-09
2.32355928e-06	7.324335e-09
2.32357787e-06	9.117529e-09
2.32359646e-06	8.474618e-09
2.32361504e-06	6.185983e-09
2.32363363e-06	6.271060e-09
2.32365222e-06	8.445723e-09
2.32367081e-06	9.640617e-09
2.32368940e-06	1.015580e-08
2.32370799e-06	8.795000e-09
2.32372658e-06	6.642181e-09
2.32374517e-06	6.880927e-09
2.32376376e-06	8.562322e-09
2.32378235e-06	9.778581e-09
2.32380094e-06	7.814410e-09
2.32381953e-06	7.952305e-09
2.32383812e-06	1.003863e-08
2.32385671e-06	1.028736e-08
2.32387530e-06	1.029368e-08
2.32389389e-06	9.543033e-09
2.32391249e-06	9.510541e-09
2.32393108e-06	7.711686e-09
2.32394967e-06	8.008414e-09
2.32396826e-06	9.928002e-09
2.32398685e-06	9.568089e-09
2.32400544e-06	7.054082e-09
2.32402404e-06	5.543037e-09
2.32404263e-06	6.579027e-09
2.32406122e-06	7.078371e-09
2.32407981e-06	9.820221e-09
2.32409840e-06	9.430066e-09
2.32411700e-06	1.008192e-08
2.32413559e-06	1.055887e-08
2.32415418e-06	1.087979e-08
2.32417278e-06	1.065676e-08
2.32419137e-06	1.019112e-08
2.32420996e-06	1.026154e-08
2.32422856e-06	1.039949e-08
2.32424715e-06	1.049280e-08
2.32426575e-06	9.482766e-09
2.32428434e-06	7.401057e-09
2.32430293e-06	8.563877e-09
2.32432153e-06	1.022613e-08
2.32434012e-06	8.790785e-09
2.32435872e-06	8.716134e-09
2.32437731e-06	9.480576e-09
2.32439591e-06	7.463058e-09
2.32441450e-06	6.597131e-09
2.32443310e-06	9.132659e-09
2.32445169e-06	1.023896e-08
2.32447029e-06	9.286005e-09
2.32448888e-06	1.016123e-08
2.32450748e-06	1.069730e-08
2.32452608e-06	9.492649e-09
2.32454467e-06	8.952571e-09
2.32456327e-06	9.614175e-09
2.32458187e-06	1.043416e-08
2.32460046e-06	1.061501e-08
2.32461906e-06	1.013263e-08
2.32463766e-06	1.042294e-08
2.32465625e-06	9.989293e-09
2.32467485e-06	7.844404e-09
2.32469345e-06	8.302185e-09
2.32471205e-06	1.018632e-08
2.32473064e-06	7.924450e-09
2.32474924e-06	7.129636e-09
2.32476784e-06	9.406503e-09
2.32478644e-06	9.212840e-09
2.32480504e-06	6.514945e-09
2.32482363e-06	6.890124e-09
2.32484223e-06	8.484214e-09
2.32486083e-06	7.085618e-09
2.32487943e-06	7.853062e-09
2.32489803e-06	8.051661e-09
2.32491663e-06	8.957197e-09
2.32493523e-06	1.016700e-08
2.32495383e-06	1.008768e-08
2.32497243e-06	1.010599e-08
2.32499103e-06	8.955938e-09
2.32500963e-06	9.607511e-09
2.32502823e-06	1.026414e-08
2.32504683e-06	1.075833e-08
2.32506543e-06	1.073346e-08
2.32508403e-06	1.035091e-08
2.32510263e-06	8.890244e-09
2.32512123e-06	7.566131e-09
2.32513983e-06	9.278491e-09
2.32515843e-06	9.074126e-09
2.32517703e-06	8.115792e-09
2.32519563e-06	6.120316e-09
2.32521424e-06	5.994190e-09
2.32523284e-06	7.473448e-09
2.32525144e-06	6.529657e-09
2.32527004e-06	7.274967e-09
2.32528864e-06	9.699880e-09
2.32530725e-06	9.387809e-09
2.32532585e-06	9.185489e-09
2.32534445e-06	9.735242e-09
2.32536305e-06	1.061782e-08
2.32538166e-06	1.076702e-08
2.32540026e-06	1.049013e-08
2.32541886e-06	1.016737e-08
2.32543747e-06	9.942114e-09
2.32545607e-06	9.687968e-09
2.32547467e-06	1.052692e-08
2.32549328e-06	9.654219e-09
2.32551188e-06	9.223292e-09
2.32553048e-06	9.307743e-09
2.32554909e-06	9.664759e-09
2.32556769e-06	9.864734e-09
2.32558630e-06	8.589133e-09
2.32560490e-06	7.897620e-09
2.32562351e-06	9.094280e-09
2.32564211e-06	9.703481e-09
2.32566072e-06	8.355615e-09
2.32567932e-06	9.369372e-09
2.32569793e-06	1.025819e-08
2.32571654e-06	9.082374e-09
2.32573514e-06	6.487785e-09
2.32575375e-06	7.143514e-09
2.32577235e-06	9.891687e-09
2.32579096e-06	1.018191e-08
2.32580956e-06	1.061487e-08
2.32582817e-06	1.027136e-08
2.32584678e-06	7.871737e-09
2.32586538e-06	7.213887e-09
2.32588399e-06	7.060938e-09
2.32590260e-06	8.697622e-09
2.32592121e-06	9.171545e-09
2.32593981e-06	9.000076e-09
2.32595842e-06	7.725156e-09
2.32597703e-06	7.136674e-09
2.32599564e-06	7.046974e-09
2.32601424e-06	9.429763e-09
2.32603285e-06	9.682219e-09
2.32605146e-06	8.961572e-09
2.32607007e-06	9.296399e-09
2.32608868e-06	7.791422e-09
2.32610729e-06	7.632535e-09
2.32612590e-06	8.061935e-09
2.32614450e-06	1.027650e-08
2.32616311e-06	9.946521e-09
2.32618172e-06	9.291234e-09
2.32620033e-06	9.923603e-09
2.32621894e-06	9.807987e-09
2.32623755e-06	9.395543e-09
2.32625616e-06	6.569629e-09
2.32627477e-06	6.695398e-09
2.32629338e-06	7.702588e-09
2.32631199e-06	6.621683e-09
2.32633060e-06	8.058638e-09
2.32634921e-06	8.036237e-09
2.32636782e-06	8.864788e-09
2.32638643e-06	9.317121e-09
2.32640505e-06	9.216763e-09
2.32642366e-06	9.168681e-09
2.32644227e-06	8.970113e-09
2.32646088e-06	9.767105e-09
2.32647949e-06	9.848568e-09
2.32649810e-06	1.006670e-08
2.32651671e-06	1.017613e-08
2.32653533e-06	1.092087e-08
2.32655394e-06	1.024100e-08
2.32657255e-06	1.036528e-08
2.32659116e-06	1.038695e-08
2.32660978e-06	9.957286e-09
2.32662839e-06	9.037605e-09
2.32664700e-06	8.998340e-09
2.32666562e-06	9.251974e-09
2.32668423e-06	7.888085e-09
2.32670284e-06	9.506380e-09
2.32672146e-06	9.023916e-09
2.32674007e-06	9.195123e-09
2.32675869e-06	1.018939e-08
2.32677730e-06	9.908469e-09
2.32679591e-06	8.539495e-09
2.32681453e-06	6.109613e-09
2.32683314e-06	6.554966e-09
2.32685176e-06	7.716425e-09
2.32687037e-06	9.493304e-09
2.32688899e-06	9.476417e-09
2.32690760e-06	9.386097e-09
2.32692622e-06	9.768355e-09
2.32694483e-06	9.204960e-09
2.32696345e-06	9.416138e-09
2.32698206e-06	9.870355e-09
2.32700068e-06	9.767465e-09
2.32701930e-06	9.067899e-09
2.32703791e-06	9.875165e-09
2.32705653e-06	1.074575e-08
2.32707514e-06	9.888658e-09
2.32709376e-06	8.887123e-09
2.32711238e-06	8.120733e-09
2.32713099e-06	7.022644e-09
2.32714961e-06	8.224948e-09
2.32716823e-06	9.559946e-09
2.32718685e-06	9.016680e-09
2.32720546e-06	9.816484e-09
2.32722408e-06	9.952897e-09
2.32724270e-06	9.287766e-09
2.32726132e-06	1.063369e-08
2.32727993e-06	9.721785e-09
2.32729855e-06	8.043406e-09
2.32731717e-06	8.913122e-09
2.32733579e-06	1.041022e-08
2.32735441e-06	1.083815e-08
2.32737303e-06	9.980778e-09
2.32739165e-06	9.469948e-09
2.32741027e-06	8.863636e-09
2.32742888e-06	6.595924e-09
2.32744750e-06	6.556159e-09
2.32746612e-06	8.823537e-09
2.32748474e-06	9.938611e-09
2.32750336e-06	1.036931e-08
2.32752198e-06	1.002167e-08
2.32754060e-06	1.019175e-08
2.32755922e-06	1.016471e-08
2.32757784e-06	1.071989e-08
2.32759646e-06	9.434299e-09
2.32761509e-06	7.417563e-09
2.32763371e-06	9.583901e-09
2.32765233e-06	1.067543e-08
2.32767095e-06	1.030051e-08
2.32768957e-06	9.984793e-09
2.32770819e-06	1.022502e-08
2.32772681e-06	1.010835e-08
2.32774544e-06	1.041807e-08
2.32776406e-06	1.055133e-08
2.32778268e-06	1.059473e-08
2.32780130e-06	1.044141e-08
2.32781992e-06	9.888783e-09
2.32783855e-06	7.046470e-09
2.32785717e-06	6.535443e-09
2.32787579e-06	8.260688e-09
2.32789442e-06	9.219683e-09
2.32791304e-06	7.388385e-09
2.32793166e-06	7.729189e-09
2.32795028e-06	6.575534e-09
2.32796891e-06	6.389375e-09
2.32798753e-06	9.627416e-09
2.32800616e-06	1.031630e-08
2.32802478e-06	1.051292e-08
2.32804340e-06	1.014373e-08
2.32806203e-06	8.893752e-09
2.32808065e-06	6.436122e-09
2.32809928e-06	6.613358e-09
2.32811790e-06	8.923918e-09
2.32813653e-06	9.093585e-09
2.32815515e-06	9.299524e-09
2.32817378e-06	1.039334e-08
2.32819240e-06	9.859732e-09
2.32821103e-06	9.496432e-09
2.32822965e-06	8.770476e-09
2.32824828e-06	9.680623e-09
2.32826691e-06	1.029045e-08
2.32828553e-06	9.913714e-09
2.32830416e-06	7.864763e-09
2.32832279e-06	7.985127e-09
2.32834141e-06	9.803041e-09
2.32836004e-06	1.021379e-08
2.32837867e-06	9.912134e-09
2.32839729e-06	8.170113e-09
2.32841592e-06	6.641193e-09
2.32843455e-06	9.136254e-09
2.32845317e-06	8.925601e-09
2.32847180e-06	5.782835e-09
2.32849043e-06	6.231456e-09
2.32850906e-06	8.065095e-09
2.32852769e-06	9.111196e-09
2.32854631e-06	9.279987e-09
2.32856494e-06	1.024573e-08
2.32858357e-06	1.081290e-08
2.32860220e-06	1.045353e-08
2.32862083e-06	9.745196e-09
2.32863946e-06	8.091262e-09
2.32865809e-06	7.966145e-09
2.32867672e-06	8.451375e-09
2.32869535e-06	8.965431e-09
2.32871397e-06	6.871158e-09
2.32873260e-06	7.662548e-09
2.32875123e-06	9.104131e-09
2.32876987e-06	6.465795e-09
2.32878849e-06	6.588991e-09
2.32880712e-06	7.823936e-09
2.32882576e-06	8.601604e-09
2.32884439e-06	1.020803e-08
2.32886302e-06	1.038508e-08
2.32888165e-06	9.484020e-09
2.32890028e-06	9.244317e-09
2.32891891e-06	9.022923e-09
2.32893754e-06	8.592015e-09
2.32895617e-06	8.996765e-09
2.32897481e-06	9.817714e-09
2.32899344e-06	8.800175e-09
2.32901207e-06	8.938355e-09
2.32903070e-06	1.011840e-08
2.32904933e-06	1.002288e-08
2.32906797e-06	9.294490e-09
2.32908660e-06	7.037554e-09
2.32910523e-06	8.454757e-09
2.32912386e-06	1.065499e-08
2.32914250e-06	1.050809e-08
2.32916113e-06	1.018399e-08
2.32917976e-06	9.383076e-09
2.32919840e-06	6.680275e-09
2.32921703e-06	6.887689e-09
2.32923566e-06	1.009233e-08
2.32925430e-06	1.058934e-08
2.32927293e-06	9.867843e-09
2.32929157e-06	1.025206e-08
2.32931020e-06	1.089347e-08
2.32932883e-06	1.073333e-08
2.32934747e-06	9.811301e-09
2.32936610e-06	8.909613e-09
2.32938474e-06	8.236638e-09
2.32940337e-06	9.557355e-09
2.32942201e-06	8.793317e-09
2.32944065e-06	9.712363e-09
2.32945928e-06	8.870691e-09
2.32947792e-06	7.379327e-09
2.32949655e-06	6.722389e-09
2.32951519e-06	6.486882e-09
2.32953382e-06	8.789085e-09
2.32955246e-06	9.576921e-09
2.32957110e-06	1.021118e-08
2.32958973e-06	1.054685e-08
2.32960837e-06	1.091613e-08
2.32962701e-06	1.080472e-08
2.32964564e-06	1.006719e-08
2.32966428e-06	1.079149e-08
2.32968292e-06	1.109611e-08
2.32970156e-06	1.138379e-08
2.32972019e-06	1.132694e-08
2.32973883e-06	1.099203e-08
2.32975747e-06	1.029721e-08
2.32977611e-06	1.026157e-08
2.32979475e-06	8.494296e-09
2.32981338e-06	8.757789e-09
2.32983202e-06	1.063232e-08
2.32985066e-06	1.035258e-08
2.32986930e-06	9.454663e-09
2.32988794e-06	1.028714e-08
2.32990658e-06	1.028211e-08
2.32992522e-06	9.493393e-09
2.32994386e-06	9.491394e-09
2.32996250e-06	9.340368e-09
2.32998113e-06	9.977446e-09
2.32999977e-06	1.010771e-08
2.33001842e-06	7.535972e-09
2.33003706e-06	6.900596e-09
2.33005570e-06	9.812124e-09
2.33007434e-06	9.991615e-09
2.33009298e-06	8.567731e-09
2.33011162e-06	8.398789e-09
2.33013026e-06	9.043479e-09
2.33014890e-06	9.255510e-09
2.33016754e-06	6.896813e-09
2.33018618e-06	6.305882e-09
2.33020482e-06	6.415233e-09
2.33022347e-06	8.836433e-09
2.33024211e-06	8.975749e-09
2.33026075e-06	7.737439e-09
2.33027939e-06	6.520167e-09
2.33029803e-06	6.868508e-09
2.33031667e-06	9.707627e-09
2.33033532e-06	1.006065e-08
2.33035396e-06	1.015752e-08
2.33037260e-06	9.815979e-09
2.33039125e-06	7.372888e-09
2.33040989e-06	8.323729e-09
2.33042853e-06	1.012674e-08
2.33044718e-06	8.151469e-09
2.33046582e-06	6.745519e-09
2.33048446e-06	8.622277e-09
2.33050311e-06	9.156329e-09
2.33052175e-06	5.905132e-09
2.33054040e-06	6.489628e-09
2.33055904e-06	9.648335e-09
2.33057768e-06	8.500920e-09
2.33059633e-06	5.897553e-09
2.33061497e-06	7.573972e-09
2.33063362e-06	7.577770e-09
2.33065226e-06	6.990309e-09
2.33067091e-06	6.941740e-09
2.33068955e-06	7.715748e-09
2.33070820e-06	7.026356e-09
2.33072685e-06	8.402371e-09
2.33074549e-06	7.079196e-09
2.33076414e-06	8.576062e-09
2.33078278e-06	9.158185e-09
2.33080143e-06	8.339074e-09
2.33082008e-06	9.398124e-09
2.33083872e-06	9.951510e-09
2.33085737e-06	1.016947e-08
2.33087602e-06	9.723937e-09
2.33089466e-06	9.291425e-09
2.33091331e-06	1.001421e-08
2.33093196e-06	9.684458e-09
2.33095061e-06	9.129753e-09
2.33096925e-06	9.641323e-09
2.33098790e-06	8.627472e-09
2.33100655e-06	8.831288e-09
2.33102520e-06	7.752186e-09
2.33104384e-06	9.002376e-09
2.33106249e-06	9.897102e-09
2.33108114e-06	6.783005e-09
2.33109979e-06	6.466201e-09
2.33111844e-06	8.448892e-09
2.33113709e-06	9.380083e-09
2.33115574e-06	8.366665e-09
2.33117439e-06	8.772237e-09
2.33119304e-06	8.453001e-09
2.33121169e-06	5.922177e-09
2.33123033e-06	7.359675e-09
2.33124898e-06	8.637901e-09
2.33126763e-06	8.622258e-09
2.33128629e-06	1.021710e-08
2.33130493e-06	9.663795e-09
2.33132359e-06	9.371612e-09
2.33134224e-06	1.037298e-08
2.33136089e-06	9.885950e-09
2.33137954e-06	7.726025e-09
2.33139819e-06	8.748606e-09
2.33141684e-06	9.662835e-09
2.33143549e-06	9.416358e-09
2.33145414e-06	9.461946e-09
2.33147280e-06	1.024362e-08
2.33149145e-06	9.935038e-09
2.33151010e-06	9.996202e-09
2.33152875e-06	9.382470e-09
2.33154740e-06	7.720799e-09
2.33156606e-06	8.971896e-09
2.33158471e-06	8.678068e-09
2.33160336e-06	6.758656e-09
2.33162201e-06	8.022115e-09
2.33164067e-06	7.747559e-09
2.33165932e-06	7.287134e-09
2.33167797e-06	1.024374e-08
2.33169663e-06	1.013906e-08
2.33171528e-06	8.548549e-09
2.33173393e-06	7.200203e-09
2.33175259e-06	9.768457e-09
2.33177124e-06	9.180616e-09
2.33178990e-06	7.949912e-09
2.33180855e-06	9.552434e-09
2.33182720e-06	9.765105e-09
2.33184586e-06	9.995877e-09
2.33186451e-06	8.395387e-09
2.33188317e-06	8.632568e-09
2.33190182e-06	7.928808e-09
2.33192048e-06	5.874617e-09
2.33193913e-06	6.516316e-09
2.33195779e-06	6.414129e-09
2.33197644e-06	7.732697e-09
2.33199510e-06	8.559819e-09
2.33201376e-06	9.084855e-09
2.33203241e-06	1.031300e-08
2.33205107e-06	1.050027e-08
2.33206973e-06	1.026876e-08
2.33208838e-06	1.024693e-08
2.33210704e-06	8.714842e-09
2.33212570e-06	9.712569e-09
2.33214435e-06	1.056999e-08
2.33216301e-06	1.007998e-08
2.33218167e-06	1.021125e-08
2.33220033e-06	1.048252e-08
2.33221898e-06	8.769366e-09
2.33223764e-06	8.480546e-09
2.33225630e-06	7.863488e-09
2.33227496e-06	9.387437e-09
2.33229361e-06	1.056165e-08
2.33231227e-06	1.092995e-08
2.33233093e-06	1.043309e-08
2.33234959e-06	1.048077e-08
2.33236825e-06	1.050992e-08
2.33238691e-06	9.346233e-09
2.33240557e-06	9.249886e-09
2.33242423e-06	1.038782e-08
2.33244288e-06	1.033485e-08
2.33246154e-06	9.501458e-09
2.33248020e-06	8.931775e-09
2.33249886e-06	9.449629e-09
2.33251752e-06	1.036635e-08
2.33253618e-06	1.044096e-08
2.33255485e-06	8.219193e-09
2.33257350e-06	7.834115e-09
2.33259217e-06	9.416390e-09
2.33261083e-06	9.694089e-09
2.33262949e-06	1.065141e-08
2.33264815e-06	1.062090e-08
2.33266681e-06	1.017828e-08
2.33268547e-06	1.081460e-08
2.33270413e-06	1.077172e-08
2.33272279e-06	9.929403e-09
2.33274146e-06	9.028735e-09
2.33276012e-06	9.469893e-09
2.33277878e-06	8.327965e-09
2.33279744e-06	8.794868e-09
2.33281610e-06	8.840016e-09
2.33283477e-06	6.417167e-09
2.33285343e-06	6.409761e-09
2.33287209e-06	8.708819e-09
2.33289075e-06	6.692397e-09
2.33290942e-06	5.707765e-09
2.33292808e-06	9.220467e-09
2.33294675e-06	1.003609e-08
2.33296541e-06	1.014563e-08
2.33298407e-06	9.596301e-09
2.33300274e-06	9.855730e-09
2.33302140e-06	1.051649e-08
2.33304006e-06	1.015934e-08
2.33305873e-06	1.002580e-08
2.33307739e-06	1.014617e-08
2.33309606e-06	9.954628e-09
2.33311472e-06	9.221099e-09
2.33313339e-06	9.509272e-09
2.33315205e-06	8.364370e-09
2.33317072e-06	7.810973e-09
2.33318938e-06	9.808071e-09
2.33320805e-06	1.010386e-08
2.33322671e-06	8.299523e-09
2.33324538e-06	7.811990e-09
2.33326405e-06	9.197460e-09
2.33328271e-06	8.075668e-09
2.33330138e-06	9.815532e-09
2.33332004e-06	1.027191e-08
2.33333871e-06	1.019012e-08
2.33335738e-06	9.493561e-09
2.33337604e-06	8.826727e-09
2.33339471e-06	9.331990e-09
2.33341338e-06	9.307063e-09
2.33343205e-06	1.061785e-08
2.33345071e-06	1.071150e-08
2.33346938e-06	1.066316e-08
2.33348805e-06	1.020358e-08
2.33350672e-06	9.120884e-09
2.33352538e-06	7.992081e-09
2.33354405e-06	8.611733e-09
2.33356272e-06	8.021688e-09
2.33358139e-06	6.745139e-09
2.33360006e-06	9.644421e-09
2.33361873e-06	1.023038e-08
2.33363740e-06	9.452397e-09
2.33365607e-06	9.504192e-09
2.33367473e-06	9.700735e-09
2.33369340e-06	7.897734e-09
2.33371207e-06	6.080349e-09
2.33373074e-06	6.050598e-09
2.33374941e-06	7.976930e-09
2.33376808e-06	6.721914e-09
2.33378675e-06	6.475328e-09
2.33380542e-06	8.554739e-09
2.33382410e-06	1.011706e-08
2.33384277e-06	9.654614e-09
2.33386144e-06	1.000421e-08
2.33388011e-06	1.069595e-08
2.33389878e-06	1.030353e-08
2.33391745e-06	1.029600e-08
2.33393612e-06	9.735615e-09
2.33395479e-06	8.599242e-09
2.33397346e-06	1.006231e-08
2.33399213e-06	1.102610e-08
2.33401081e-06	1.069998e-08
2.33402948e-06	1.019382e-08
2.33404815e-06	9.801161e-09
2.33406682e-06	1.031257e-08
2.33408550e-06	1.104664e-08
2.33410417e-06	1.113373e-08
2.33412284e-06	1.008208e-08
2.33414152e-06	7.250061e-09
2.33416019e-06	6.066227e-09
2.33417886e-06	8.105472e-09
2.33419754e-06	7.511873e-09
2.33421621e-06	7.205448e-09
2.33423488e-06	9.003800e-09
2.33425356e-06	9.832493e-09
2.33427223e-06	9.540989e-09
2.33429090e-06	8.154490e-09
2.33430958e-06	6.571768e-09
2.33432825e-06	7.707033e-09
2.33434693e-06	8.353503e-09
2.33436560e-06	8.845132e-09
2.33438428e-06	9.839943e-09
2.33440295e-06	1.035750e-08
2.33442163e-06	8.986418e-09
2.33444030e-06	7.232879e-09
2.33445898e-06	8.429750e-09
2.33447765e-06	9.032605e-09
2.33449633e-06	9.322108e-09
2.33451501e-06	8.489839e-09
2.33453368e-06	9.450967e-09
2.33455236e-06	9.822592e-09
2.33457104e-06	8.719617e-09
2.33458971e-06	9.862540e-09
2.33460839e-06	1.048830e-08
2.33462706e-06	8.605533e-09
2.33464574e-06	8.218093e-09
2.33466442e-06	9.643995e-09
2.33468310e-06	1.058660e-08
2.33470177e-06	1.015698e-08
2.33472045e-06	9.659244e-09
2.33473913e-06	7.544614e-09
2.33475781e-06	6.509236e-09
2.33477648e-06	5.840921e-09
2.33479516e-06	7.550536e-09
2.33481384e-06	8.582670e-09
2.33483252e-06	8.061234e-09
2.33485120e-06	7.926503e-09
2.33486988e-06	7.795693e-09
2.33488856e-06	8.819937e-09
2.33490724e-06	1.063553e-08
2.33492591e-06	1.095984e-08
2.33494460e-06	1.064152e-08
2.33496327e-06	1.016632e-08
2.33498195e-06	8.154738e-09
2.33500063e-06	8.522335e-09
2.33501931e-06	1.056541e-08
2.33503799e-06	1.077479e-08
2.33505667e-06	1.093427e-08
2.33507535e-06	1.074739e-08
2.33509404e-06	9.356790e-09
2.33511272e-06	6.526848e-09
2.33513140e-06	6.811117e-09
2.33515008e-06	9.776002e-09
2.33516876e-06	9.497986e-09
2.33518744e-06	7.946962e-09
2.33520612e-06	8.407800e-09
2.33522480e-06	9.394213e-09
2.33524348e-06	8.410616e-09
2.33526217e-06	8.246863e-09
2.33528085e-06	9.313158e-09
2.33529953e-06	9.574001e-09
2.33531821e-06	9.120068e-09
2.33533690e-06	8.814303e-09
2.33535558e-06	9.052715e-09
2.33537426e-06	7.496954e-09
2.33539294e-06	7.207535e-09
2.33541163e-06	9.388113e-09
2.33543031e-06	9.570870e-09
2.33544900e-06	9.457081e-09
2.33546768e-06	8.724842e-09
2.33548636e-06	8.620414e-09
2.33550505e-06	8.874764e-09
2.33552373e-06	7.714832e-09
2.33554242e-06	6.116152e-09
2.33556110e-06	6.685692e-09
2.33557978e-06	9.276619e-09
2.33559847e-06	9.624474e-09
2.33561715e-06	9.409193e-09
2.33563584e-06	9.256573e-09
2.33565452e-06	8.011517e-09
2.33567321e-06	6.312278e-09
2.33569189e-06	8.343670e-09
2.33571058e-06	8.243956e-09
2.33572927e-06	8.288954e-09
2.33574795e-06	8.440914e-09
2.33576664e-06	6.258110e-09
2.33578532e-06	6.467370e-09
2.33580401e-06	8.123087e-09
2.33582269e-06	9.387345e-09
2.33584138e-06	1.010641e-08
2.33586007e-06	1.040618e-08
2.33587876e-06	9.936287e-09
2.33589744e-06	8.682937e-09
2.33591613e-06	9.017069e-09
2.33593482e-06	1.030491e-08
2.33595350e-06	1.000429e-08
2.33597219e-06	8.345315e-09
2.33599088e-06	8.899045e-09
2.33600957e-06	9.647683e-09
2.33602826e-06	9.731515e-09
2.33604694e-06	1.002668e-08
2.33606563e-06	1.051244e-08
2.33608432e-06	1.093672e-08
2.33610301e-06	1.103341e-08
2.33612170e-06	1.109264e-08
2.33614039e-06	1.071164e-08
2.33615908e-06	1.024958e-08
2.33617777e-06	1.036910e-08
2.33619646e-06	9.640078e-09
2.33621514e-06	9.695745e-09
2.33623383e-06	1.050567e-08
2.33625253e-06	9.842840e-09
2.33627121e-06	9.711462e-09
2.33628990e-06	9.574253e-09
2.33630860e-06	9.921037e-09
2.33632729e-06	8.385475e-09
2.33634598e-06	6.737034e-09
2.33636467e-06	7.342618e-09
2.33638336e-06	9.802391e-09
2.33640205e-06	9.202147e-09
2.33642074e-06	9.150299e-09
2.33643943e-06	1.026776e-08
2.33645812e-06	9.254880e-09
2.33647681e-06	1.021492e-08
2.33649551e-06	1.025293e-08
2.33651420e-06	1.016040e-08
2.33653289e-06	1.090546e-08
2.33655158e-06	1.036202e-08
2.33657028e-06	9.549520e-09
2.33658897e-06	1.036007e-08
2.33660766e-06	9.865698e-09
2.33662635e-06	9.652807e-09
2.33664505e-06	9.926902e-09
2.33666374e-06	1.026066e-08
2.33668243e-06	9.830338e-09
2.33670113e-06	7.158442e-09
2.33671982e-06	6.534150e-09
2.33673851e-06	7.914621e-09
2.33675721e-06	8.163395e-09
2.33677590e-06	9.582884e-09
2.33679460e-06	9.937131e-09
2.33681329e-06	8.735075e-09
2.33683198e-06	6.432566e-09
2.33685068e-06	6.454318e-09
2.33686937e-06	8.283512e-09
2.33688807e-06	8.500481e-09
2.33690676e-06	8.488552e-09
2.33692546e-06	8.860215e-09
2.33694415e-06	8.871721e-09
2.33696285e-06	9.025361e-09
2.33698155e-06	6.754203e-09
2.33700024e-06	7.334441e-09
2.33701894e-06	8.797816e-09
2.33703763e-06	9.464346e-09
2.33705633e-06	9.363307e-09
2.33707503e-06	9.927672e-09
2.33709372e-06	1.008251e-08
2.33711242e-06	9.908298e-09
2.33713112e-06	1.012438e-08
2.33714981e-06	9.467921e-09
2.33716851e-06	9.901283e-09
2.33718721e-06	1.080956e-08
2.33720591e-06	9.615215e-09
2.33722460e-06	8.907493e-09
2.33724330e-06	9.581359e-09
2.33726200e-06	9.475461e-09
2.33728070e-06	7.809470e-09
2.33729940e-06	7.901169e-09
2.33731809e-06	9.917124e-09
2.33733679e-06	1.030166e-08
2.33735549e-06	1.029926e-08
2.33737419e-06	1.001218e-08
2.33739289e-06	7.836215e-09
2.33741159e-06	6.047817e-09
2.33743029e-06	6.908286e-09
2.33744899e-06	9.320266e-09
2.33746769e-06	9.722724e-09
2.33748639e-06	8.783645e-09
2.33750509e-06	9.131370e-09
2.33752379e-06	9.642942e-09
2.33754249e-06	9.906844e-09
2.33756119e-06	1.021271e-08
2.33757989e-06	1.093385e-08
2.33759859e-06	1.094229e-08
2.33761729e-06	1.027616e-08
2.33763599e-06	8.987711e-09
2.33765469e-06	1.000576e-08
2.33767339e-06	9.858684e-09
2.33769209e-06	9.820674e-09
2.33771079e-06	9.457233e-09
2.33772950e-06	8.113124e-09
2.33774820e-06	6.258019e-09
2.33776690e-06	8.340727e-09
2.33778560e-06	1.011835e-08
2.33780431e-06	1.018996e-08
2.33782301e-06	1.025909e-08
2.33784171e-06	9.681579e-09
2.33786041e-06	9.782106e-09
2.33787912e-06	1.029186e-08
2.33789782e-06	9.812261e-09
2.33791652e-06	7.982644e-09
2.33793523e-06	6.431879e-09
2.33795393e-06	6.508535e-09
2.33797263e-06	8.470922e-09
2.33799134e-06	9.612480e-09
2.33801004e-06	1.003956e-08
2.33802874e-06	9.173789e-09
2.33804745e-06	8.242255e-09
2.33806615e-06	9.534856e-09
2.33808486e-06	9.468351e-09
2.33810356e-06	1.004069e-08
2.33812227e-06	9.337006e-09
2.33814097e-06	9.868966e-09
2.33815968e-06	1.000515e-08
2.33817838e-06	9.079053e-09
2.33819709e-06	8.266144e-09
2.33821579e-06	9.120409e-09
2.33823450e-06	7.332031e-09
2.33825321e-06	9.446333e-09
2.33827191e-06	9.552555e-09
2.33829062e-06	9.453868e-09
2.33830932e-06	9.319652e-09
2.33832803e-06	7.330998e-09
2.33834674e-06	7.402335e-09
2.33836544e-06	9.951261e-09
2.33838415e-06	9.633630e-09
2.33840286e-06	1.024639e-08
2.33842156e-06	1.009766e-08
2.33844027e-06	9.058535e-09
2.33845898e-06	7.484031e-09
2.33847769e-06	8.676530e-09
2.33849639e-06	9.235607e-09
2.33851510e-06	8.909370e-09
2.33853381e-06	8.104764e-09
2.33855252e-06	8.543618e-09
2.33857123e-06	8.438578e-09
2.33858994e-06	7.985644e-09
2.33860864e-06	8.523747e-09
2.33862735e-06	9.697522e-09
2.33864606e-06	9.636549e-09
2.33866477e-06	9.455802e-09
2.33868348e-06	8.453786e-09
2.33870219e-06	8.489522e-09
2.33872090e-06	6.843925e-09
2.33873961e-06	6.221826e-09
2.33875832e-06	8.210093e-09
2.33877703e-06	8.736969e-09
2.33879574e-06	9.918240e-09
2.33881445e-06	1.021460e-08
2.33883316e-06	1.066142e-08
2.33885187e-06	1.083125e-08
2.33887058e-06	9.845535e-09
2.33888929e-06	9.763111e-09
2.33890800e-06	9.549622e-09
2.33892672e-06	9.180160e-09
2.33894543e-06	7.319276e-09
2.33896414e-06	7.004372e-09
2.33898285e-06	9.476245e-09
2.33900156e-06	9.749098e-09
2.33902027e-06	9.495561e-09
2.33903899e-06	9.508064e-09
2.33905770e-06	8.313004e-09
2.33907641e-06	6.437020e-09
2.33909512e-06	6.368410e-09
2.33911384e-06	8.718775e-09
2.33913255e-06	9.697653e-09
2.33915126e-06	9.337099e-09
2.33916998e-06	9.316858e-09
2.33918869e-06	8.163477e-09
2.33920740e-06	8.627644e-09
2.33922612e-06	8.849998e-09
2.33924483e-06	9.839206e-09
2.33926354e-06	1.045029e-08
2.33928226e-06	9.335523e-09
2.33930097e-06	7.214665e-09
2.33931969e-06	5.921451e-09
2.33933840e-06	6.411646e-09
2.33935712e-06	9.601631e-09
2.33937583e-06	1.023130e-08
2.33939455e-06	1.016934e-08
2.33941326e-06	1.024701e-08
2.33943198e-06	1.027877e-08
2.33945069e-06	9.419176e-09
2.33946941e-06	7.217012e-09
2.33948812e-06	8.078147e-09
2.33950684e-06	9.972736e-09
2.33952556e-06	1.036472e-08
2.33954427e-06	1.040695e-08
2.33956299e-06	9.879473e-09
2.33958171e-06	9.633591e-09
2.33960042e-06	7.570676e-09
2.33961914e-06	6.896704e-09
2.33963785e-06	8.995463e-09
2.33965657e-06	8.108731e-09
2.33967529e-06	7.612590e-09
2.33969401e-06	1.031985e-08
2.33971272e-06	1.020910e-08
2.33973144e-06	9.329182e-09
2.33975016e-06	8.155037e-09
2.33976888e-06	9.447602e-09
2.33978760e-06	9.781032e-09
2.33980631e-06	9.876512e-09
2.33982503e-06	1.063781e-08
2.33984375e-06	1.015302e-08
2.33986247e-06	7.616359e-09
2.33988119e-06	5.597516e-09
2.33989991e-06	5.928322e-09
2.33991863e-06	8.924269e-09
2.33993735e-06	1.037470e-08
2.33995607e-06	9.439098e-09
2.33997479e-06	1.034261e-08
2.33999351e-06	1.058985e-08
2.34001223e-06	9.261131e-09
2.34003095e-06	7.330356e-09
2.34004967e-06	7.803294e-09
2.34006839e-06	7.596980e-09
2.34008711e-06	8.452945e-09
2.34010583e-06	9.811927e-09
2.34012455e-06	8.129385e-09
2.34014327e-06	9.224419e-09
2.34016199e-06	9.002170e-09
2.34018071e-06	8.627029e-09
2.34019943e-06	9.241601e-09
2.34021815e-06	1.006732e-08
2.34023688e-06	9.360605e-09
2.34025560e-06	6.299553e-09
2.34027432e-06	6.376270e-09
2.34029304e-06	6.842056e-09
2.34031177e-06	9.033924e-09
2.34033049e-06	9.696461e-09
2.34034921e-06	7.939612e-09
2.34036793e-06	6.912113e-09
2.34038666e-06	6.773137e-09
2.34040538e-06	6.596891e-09
2.34042410e-06	6.972557e-09
2.34044283e-06	6.768301e-09
2.34046155e-06	8.892057e-09
2.34048027e-06	1.033076e-08
2.34049900e-06	1.008516e-08
2.34051772e-06	7.031893e-09
2.34053644e-06	7.524703e-09
2.34055517e-06	9.054463e-09
2.34057389e-06	7.950284e-09
2.34059262e-06	8.961066e-09
2.34061134e-06	7.764662e-09
2.34063007e-06	7.084466e-09
2.34064879e-06	9.189915e-09
2.34066752e-06	8.396807e-09
2.34068624e-06	9.353538e-09
2.34070497e-06	1.084780e-08
2.34072369e-06	1.066810e-08
2.34074242e-06	1.046793e-08
2.34076115e-06	1.075659e-08
2.34077987e-06	1.007816e-08
2.34079860e-06	1.055583e-08
2.34081733e-06	1.004518e-08
2.34083605e-06	9.366571e-09
2.34085478e-06	1.007749e-08
2.34087350e-06	9.792286e-09
2.34089223e-06	9.714601e-09
2.34091096e-06	1.010612e-08
2.34092969e-06	9.989156e-09
2.34094841e-06	1.080308e-08
2.34096714e-06	1.030036e-08
2.34098587e-06	9.867449e-09
2.34100460e-06	9.987184e-09
2.34102333e-06	1.008269e-08
2.34104205e-06	9.587347e-09
2.34106078e-06	6.825911e-09
2.34107951e-06	5.621491e-09
2.34109824e-06	7.373852e-09
2.34111697e-06	8.958608e-09
2.34113570e-06	7.735407e-09
2.34115443e-06	5.710340e-09
2.34117315e-06	8.472706e-09
2.34119188e-06	9.821421e-09
2.34121061e-06	1.018554e-08
2.34122934e-06	9.923177e-09
2.34124807e-06	9.303496e-09
2.34126680e-06	5.809614e-09
2.34128553e-06	5.868694e-09
2.34130426e-06	9.949404e-09
2.34132299e-06	1.027265e-08
2.34134172e-06	8.570894e-09
2.34136045e-06	6.312149e-09
2.34137919e-06	9.296881e-09
2.34139792e-06	1.006674e-08
2.34141665e-06	9.400393e-09
2.34143538e-06	9.094885e-09
2.34145411e-06	7.844679e-09
2.34147284e-06	7.252537e-09
2.34149158e-06	6.501577e-09
2.34151031e-06	7.133439e-09
2.34152904e-06	9.080157e-09
2.34154777e-06	8.290008e-09
2.34156650e-06	8.738288e-09
2.34158524e-06	9.248035e-09
2.34160397e-06	1.045577e-08
2.34162270e-06	1.058247e-08
2.34164143e-06	1.059400e-08
2.34166017e-06	1.045420e-08
2.34167890e-06	9.157945e-09
2.34169763e-06	6.449547e-09
2.34171637e-06	6.486947e-09
2.34173510e-06	8.490630e-09
2.34175384e-06	9.312081e-09
2.34177257e-06	1.054277e-08
2.34179130e-06	1.005120e-08
2.34181004e-06	1.043565e-08
2.34182877e-06	1.043731e-08
2.34184751e-06	9.228359e-09
2.34186624e-06	7.563627e-09
2.34188498e-06	6.715196e-09
2.34190371e-06	9.234098e-09
2.34192245e-06	9.014855e-09
2.34194118e-06	7.945178e-09
2.34195992e-06	8.464163e-09
2.34197865e-06	9.234525e-09
2.34199739e-06	9.832213e-09
2.34201613e-06	9.862401e-09
2.34203486e-06	7.071440e-09
2.34205360e-06	5.481198e-09
2.34207233e-06	7.741365e-09
2.34209107e-06	8.791979e-09
2.34210981e-06	1.013369e-08
2.34212855e-06	1.060918e-08
2.34214728e-06	1.000717e-08
2.34216602e-06	8.583022e-09
2.34218476e-06	8.877866e-09
2.34220349e-06	1.018845e-08
2.34222223e-06	1.074899e-08
2.34224097e-06	1.082511e-08
2.34225971e-06	1.091558e-08
2.34227844e-06	1.119315e-08
2.34229718e-06	1.143932e-08
2.34231592e-06	1.097457e-08
2.34233466e-06	1.048849e-08
2.34235340e-06	1.089488e-08
2.34237214e-06	1.010661e-08
2.34239088e-06	9.739996e-09
2.34240962e-06	9.938910e-09
2.34242835e-06	9.934661e-09
2.34244709e-06	8.287541e-09
2.34246583e-06	9.281678e-09
2.34248457e-06	1.031692e-08
2.34250331e-06	1.063629e-08
2.34252205e-06	1.084088e-08
2.34254079e-06	9.456707e-09
2.34255953e-06	8.084650e-09
2.34257827e-06	8.468574e-09
2.34259702e-06	8.367801e-09
2.34261576e-06	9.259041e-09
2.34263450e-06	1.042648e-08
2.34265324e-06	1.064937e-08
2.34267198e-06	9.976780e-09
2.34269072e-06	9.095452e-09
2.34270946e-06	1.018885e-08
2.34272820e-06	9.353616e-09
2.34274695e-06	6.159749e-09
2.34276569e-06	6.380103e-09
2.34278443e-06	8.125294e-09
2.34280317e-06	9.729111e-09
2.34282191e-06	1.002443e-08
2.34284066e-06	8.656167e-09
2.34285940e-06	8.453688e-09
2.34287814e-06	8.805256e-09
2.34289689e-06	9.270263e-09
2.34291563e-06	9.976842e-09
2.34293437e-06	1.041659e-08
2.34295312e-06	1.044188e-08
2.34297186e-06	9.905455e-09
2.34299060e-06	9.070394e-09
2.34300935e-06	9.941739e-09
2.34302809e-06	1.058718e-08
2.34304684e-06	9.937282e-09
2.34306558e-06	8.809095e-09
2.34308432e-06	9.989573e-09
2.34310307e-06	1.064235e-08
2.34312181e-06	1.042043e-08
2.34314056e-06	1.034976e-08
2.34315930e-06	8.755327e-09
2.34317805e-06	9.571255e-09
2.34319679e-06	1.036221e-08
2.34321554e-06	9.379063e-09
2.34323429e-06	7.453970e-09
2.34325303e-06	7.617755e-09
2.34327178e-06	5.695368e-09
2.34329052e-06	8.420685e-09
2.34330927e-06	9.173059e-09
2.34332802e-06	1.036070e-08
2.34334676e-06	1.097637e-08
2.34336551e-06	1.067551e-08
2.34338426e-06	9.424772e-09
2.34340300e-06	1.000861e-08
2.34342175e-06	9.373697e-09
2.34344050e-06	9.138521e-09
2.34345925e-06	9.191064e-09
2.34347799e-06	7.192646e-09
2.34349674e-06	6.498056e-09
2.34351549e-06	9.029591e-09
2.34353424e-06	9.863645e-09
2.34355299e-06	9.592693e-09
2.34357173e-06	9.735636e-09
2.34359048e-06	8.779793e-09
2.34360923e-06	6.550374e-09
2.34362798e-06	6.279790e-09
2.34364673e-06	9.045892e-09
2.34366548e-06	7.919193e-09
2.34368423e-06	5.843621e-09
2.34370298e-06	6.622871e-09
2.34372173e-06	8.156772e-09
2.34374048e-06	1.020923e-08
2.34375923e-06	9.694219e-09
2.34377798e-06	9.905282e-09
2.34379673e-06	1.024017e-08
2.34381548e-06	7.645634e-09
2.34383423e-06	6.464299e-09
2.34385298e-06	8.334866e-09
2.34387173e-06	8.969635e-09
2.34389048e-06	1.018536e-08
2.34390923e-06	9.576118e-09
2.34392798e-06	9.440274e-09
2.34394673e-06	1.058545e-08
2.34396549e-06	1.028578e-08
2.34398424e-06	8.916393e-09
2.34400299e-06	9.735019e-09
2.34402174e-06	8.944848e-09
2.34404049e-06	8.003777e-09
2.34405925e-06	6.305896e-09
2.34407800e-06	6.279712e-09
2.34409675e-06	8.878259e-09
2.34411550e-06	9.551449e-09
2.34413426e-06	9.117899e-09
2.34415301e-06	9.740149e-09
2.34417176e-06	1.037324e-08
2.34419052e-06	1.030890e-08
2.34420927e-06	9.945906e-09
2.34422802e-06	1.009913e-08
2.34424678e-06	1.026924e-08
2.34426553e-06	1.049951e-08
2.34428429e-06	9.274816e-09
2.34430304e-06	9.180462e-09
2.34432179e-06	8.349857e-09
2.34434055e-06	8.999696e-09
2.34435930e-06	9.970347e-09
2.34437806e-06	9.652621e-09
2.34439681e-06	9.193218e-09
2.34441557e-06	9.170534e-09
2.34443432e-06	8.976398e-09
2.34445308e-06	6.362165e-09
2.34447183e-06	6.699890e-09
2.34449059e-06	8.454549e-09
2.34450935e-06	7.453608e-09
2.34452810e-06	8.396285e-09
2.34454686e-06	9.356628e-09
2.34456562e-06	8.806927e-09
2.34458437e-06	8.799501e-09
2.34460313e-06	9.954368e-09
2.34462189e-06	1.047992e-08
2.34464064e-06	9.914950e-09
2.34465940e-06	9.565347e-09
2.34467816e-06	8.524130e-09
2.34469691e-06	5.531922e-09
2.34471567e-06	5.503613e-09
2.34473443e-06	8.671489e-09
2.34475319e-06	9.055817e-09
2.34477195e-06	7.644944e-09
2.34479070e-06	5.747606e-09
2.34480946e-06	6.573887e-09
2.34482822e-06	8.026682e-09
2.34484698e-06	9.989388e-09
2.34486574e-06	9.752176e-09
2.34488450e-06	7.763269e-09
2.34490326e-06	8.055491e-09
2.34492202e-06	8.612635e-09
2.34494077e-06	9.086500e-09
2.34495953e-06	7.148326e-09
2.34497829e-06	8.770265e-09
2.34499705e-06	9.711318e-09
2.34501581e-06	8.477828e-09
2.34503457e-06	5.513298e-09
2.34505333e-06	5.957361e-09
2.34507209e-06	8.478213e-09
2.34509086e-06	7.879561e-09
2.34510962e-06	9.519438e-09
2.34512838e-06	1.050469e-08
2.34514714e-06	1.073460e-08
2.34516590e-06	1.017680e-08
2.34518466e-06	9.706055e-09
2.34520342e-06	9.657204e-09
2.34522218e-06	7.882769e-09
2.34524094e-06	6.587933e-09
2.34525971e-06	8.465510e-09
2.34527847e-06	8.639833e-09
2.34529723e-06	5.946498e-09
2.34531599e-06	6.562395e-09
2.34533476e-06	9.061674e-09
2.34535352e-06	9.344201e-09
2.34537228e-06	7.788493e-09
2.34539104e-06	8.022969e-09
2.34540981e-06	6.377685e-09
2.34542857e-06	6.248678e-09
2.34544733e-06	6.447065e-09
2.34546610e-06	7.531824e-09
2.34548486e-06	6.241239e-09
2.34550363e-06	7.168617e-09
2.34552239e-06	9.932093e-09
2.34554115e-06	1.006288e-08
2.34555992e-06	9.043556e-09
2.34557868e-06	9.933118e-09
2.34559745e-06	1.041390e-08
2.34561621e-06	7.784234e-09
2.34563498e-06	7.962152e-09
2.34565374e-06	9.827672e-09
2.34567251e-06	1.075424e-08
2.34569127e-06	1.026371e-08
2.34571004e-06	9.888839e-09
2.34572880e-06	1.060237e-08
2.34574757e-06	9.444662e-09
2.34576634e-06	9.406158e-09
2.34578510e-06	1.103978e-08
2.34580387e-06	1.127507e-08
2.34582263e-06	1.064213e-08
2.34584140e-06	9.034707e-09
2.34586017e-06	9.137217e-09
2.34587894e-06	1.080932e-08
2.34589770e-06	1.061119e-08
2.34591647e-06	1.072755e-08
2.34593524e-06	1.066963e-08
2.34595400e-06	1.028900e-08
2.34597277e-06	9.111082e-09
2.34599154e-06	8.468619e-09
2.34601031e-06	1.069345e-08
2.34602908e-06	1.124053e-08
2.34604784e-06	9.721978e-09
2.34606661e-06	8.892156e-09
2.34608538e-06	9.894859e-09
2.34610415e-06	9.436339e-09
2.34612292e-06	9.448707e-09
2.34614169e-06	1.026801e-08
2.34616046e-06	9.730047e-09
2.34617923e-06	8.505602e-09
2.34619800e-06	1.008233e-08
2.34621676e-06	1.075391e-08
2.34623553e-06	1.043452e-08
2.34625430e-06	1.017147e-08
2.34627307e-06	1.043691e-08
2.34629184e-06	1.063862e-08
2.34631061e-06	9.358515e-09
2.34632938e-06	9.218989e-09
2.34634816e-06	9.413988e-09
2.34636693e-06	9.651613e-09
2.34638570e-06	1.004804e-08
2.34640447e-06	9.651960e-09
2.34642324e-06	9.229561e-09
2.34644201e-06	6.228453e-09
2.34646078e-06	5.453425e-09
2.34647955e-06	8.043338e-09
2.34649833e-06	9.624999e-09
2.34651710e-06	1.011817e-08
2.34653587e-06	9.602114e-09
2.34655464e-06	1.036033e-08
2.34657341e-06	1.074037e-08
2.34659219e-06	1.022087e-08
2.34661096e-06	9.741843e-09
2.34662973e-06	9.794185e-09
2.34664851e-06	9.031490e-09
2.34666728e-06	9.249642e-09
2.34668605e-06	1.053801e-08
2.34670483e-06	1.088460e-08
2.34672360e-06	1.048585e-08
2.34674237e-06	1.042333e-08
2.34676115e-06	9.814172e-09
2.34677992e-06	8.601518e-09
2.34679870e-06	6.290530e-09
2.34681747e-06	6.254169e-09
2.34683625e-06	9.132214e-09
2.34685502e-06	9.823357e-09
2.34687379e-06	9.521716e-09
2.34689257e-06	6.969648e-09
2.34691134e-06	6.107907e-09
2.34693012e-06	7.137559e-09
2.34694889e-06	8.592531e-09
2.34696767e-06	9.464732e-09
2.34698645e-06	1.030737e-08
2.34700522e-06	9.905091e-09
2.34702400e-06	9.747338e-09
2.34704277e-06	1.037177e-08
2.34706155e-06	1.023461e-08
2.34708033e-06	1.067682e-08
2.34709910e-06	1.106460e-08
2.34711788e-06	1.074874e-08
2.34713666e-06	1.034469e-08
2.34715543e-06	8.807875e-09
2.34717421e-06	8.232634e-09
2.34719299e-06	7.644750e-09
2.34721177e-06	9.238450e-09
2.34723054e-06	9.078589e-09
2.34724932e-06	9.053091e-09
2.34726810e-06	9.607466e-09
2.34728688e-06	9.154088e-09
2.34730566e-06	9.249684e-09
2.34732444e-06	7.433707e-09
2.34734321e-06	9.686476e-09
2.34736199e-06	1.028165e-08
2.34738077e-06	1.025362e-08
2.34739955e-06	8.923086e-09
2.34741833e-06	7.060030e-09
2.34743711e-06	7.925742e-09
2.34745589e-06	1.001536e-08
2.34747467e-06	1.017107e-08
2.34749345e-06	8.456600e-09
2.34751223e-06	6.279672e-09
2.34753101e-06	7.692871e-09
2.34754979e-06	6.883706e-09
2.34756857e-06	7.463394e-09
2.34758735e-06	9.062659e-09
2.34760613e-06	1.021135e-08
2.34762491e-06	1.034982e-08
2.34764369e-06	9.360677e-09
2.34766247e-06	7.719269e-09
2.34768125e-06	8.076931e-09
2.34770004e-06	8.397782e-09
2.34771882e-06	8.011691e-09
2.34773760e-06	7.746990e-09
2.34775638e-06	8.830826e-09
2.34777516e-06	8.520950e-09
2.34779395e-06	9.196651e-09
2.34781273e-06	9.374181e-09
2.34783151e-06	9.503929e-09
2.34785029e-06	1.078104e-08
2.34786908e-06	1.032487e-08
2.34788786e-06	1.004378e-08
2.34790664e-06	1.076459e-08
2.34792542e-06	1.089517e-08
2.34794421e-06	1.050400e-08
2.34796299e-06	1.017875e-08
2.34798178e-06	1.052939e-08
2.34800056e-06	1.063761e-08
2.34801934e-06	9.923808e-09
2.34803813e-06	1.045108e-08
2.34805691e-06	1.037198e-08
2.34807570e-06	1.008702e-08
2.34809448e-06	9.728212e-09
2.34811327e-06	9.149502e-09
2.34813205e-06	8.348222e-09
2.34815084e-06	8.304869e-09
2.34816962e-06	9.939417e-09
2.34818841e-06	1.015886e-08
2.34820719e-06	9.569885e-09
2.34822598e-06	6.402516e-09
2.34824476e-06	6.364585e-09
2.34826355e-06	8.099579e-09
2.34828234e-06	9.514235e-09
2.34830112e-06	1.015527e-08
2.34831991e-06	1.060301e-08
2.34833869e-06	9.845220e-09
2.34835748e-06	9.925026e-09
2.34837627e-06	9.730313e-09
2.34839506e-06	1.025176e-08
2.34841384e-06	9.481500e-09
2.34843263e-06	9.418053e-09
2.34845142e-06	9.541637e-09
2.34847021e-06	1.034208e-08
2.34848899e-06	1.017309e-08
2.34850778e-06	1.009425e-08
2.34852657e-06	8.737953e-09
2.34854536e-06	8.556652e-09
2.34856415e-06	9.376722e-09
2.34858293e-06	9.864400e-09
2.34860172e-06	9.856075e-09
2.34862051e-06	1.082448e-08
2.34863930e-06	1.069855e-08
2.34865809e-06	9.848841e-09
2.34867688e-06	7.615409e-09
2.34869567e-06	8.068869e-09
2.34871446e-06	9.197104e-09
2.34873325e-06	9.068063e-09
2.34875204e-06	1.056868e-08
2.34877083e-06	1.087283e-08
2.34878962e-06	9.777382e-09
2.34880841e-06	8.971373e-09
2.34882720e-06	8.520833e-09
2.34884599e-06	8.497379e-09
2.34886478e-06	9.933672e-09
2.34888357e-06	9.905434e-09
2.34890236e-06	1.020918e-08
2.34892115e-06	1.084589e-08
2.34893994e-06	1.097952e-08
2.34895873e-06	9.117129e-09
2.34897753e-06	9.523820e-09
2.34899632e-06	8.740592e-09
2.34901511e-06	8.160465e-09
2.34903390e-06	1.010050e-08
2.34905269e-06	1.007715e-08
2.34907149e-06	1.012212e-08
2.34909028e-06	9.646214e-09
2.34910907e-06	9.411040e-09
2.34912787e-06	1.007663e-08
2.34914666e-06	9.831520e-09
2.34916545e-06	9.070897e-09
2.34918425e-06	9.524891e-09
2.34920304e-06	8.758585e-09
2.34922183e-06	9.170057e-09
2.34924063e-06	8.760440e-09
2.34925942e-06	1.003665e-08
2.34927821e-06	1.062030e-08
2.34929701e-06	8.609975e-09
2.34931580e-06	8.972530e-09
2.34933460e-06	8.968415e-09
2.34935339e-06	7.895558e-09
2.34937219e-06	6.781450e-09
2.34939098e-06	8.405538e-09
2.34940978e-06	9.155547e-09
2.34942857e-06	7.075020e-09
2.34944737e-06	9.301171e-09
2.34946616e-06	9.479132e-09
2.34948496e-06	8.579752e-09
2.34950375e-06	5.643502e-09
2.34952255e-06	8.087907e-09
2.34954135e-06	1.010660e-08
2.34956014e-06	1.043250e-08
2.34957894e-06	9.637582e-09
2.34959774e-06	1.051811e-08
2.34961653e-06	8.839309e-09
2.34963533e-06	8.000357e-09
2.34965413e-06	9.086680e-09
2.34967292e-06	7.797577e-09
2.34969172e-06	7.810013e-09
2.34971052e-06	6.378948e-09
2.34972932e-06	6.477057e-09
2.34974812e-06	8.633401e-09
2.34976691e-06	6.855921e-09
2.34978571e-06	8.287191e-09
2.34980451e-06	8.705207e-09
2.34982331e-06	7.785169e-09
2.34984211e-06	5.708530e-09
2.34986090e-06	7.502650e-09
2.34987970e-06	8.186165e-09
2.34989850e-06	8.711512e-09
2.34991730e-06	1.041453e-08
2.34993610e-06	1.006217e-08
2.34995490e-06	1.037931e-08
2.34997370e-06	9.104851e-09
