2.30001633e-06	5.686360e-09
2.30003473e-06	3.804764e-09
2.30005313e-06	5.478196e-09
2.30007153e-06	4.569720e-09
2.30008993e-06	4.038420e-09
2.30010833e-06	6.123177e-09
2.30012673e-06	6.557274e-09
2.30014513e-06	6.566488e-09
2.30016353e-06	6.206399e-09
2.30018194e-06	6.442965e-09
2.30020034e-06	6.589323e-09
2.30021874e-06	7.105203e-09
2.30023714e-06	6.468100e-09
2.30025554e-06	5.776064e-09
2.30027395e-06	5.785597e-09
2.30029235e-06	5.245927e-09
2.30031075e-06	5.682706e-09
2.30032915e-06	6.027095e-09
2.30034756e-06	6.464271e-09
2.30036596e-06	5.415545e-09
2.30038436e-06	4.879701e-09
2.30040276e-06	5.370484e-09
2.30042117e-06	5.174340e-09
2.30043957e-06	5.467655e-09
2.30045797e-06	5.415380e-09
2.30047638e-06	4.505016e-09
2.30049478e-06	3.534869e-09
2.30051319e-06	2.770253e-09
2.30053159e-06	2.080017e-09
2.30054999e-06	2.457725e-09
2.30056840e-06	2.863126e-09
2.30058680e-06	3.576607e-09
2.30060521e-06	2.191966e-09
2.30062361e-06	3.146102e-09
2.30064202e-06	4.477342e-09
2.30066042e-06	4.684534e-09
2.30067883e-06	5.110972e-09
2.30069723e-06	5.043342e-09
2.30071564e-06	4.029542e-09
2.30073404e-06	1.933399e-09
2.30075245e-06	1.990458e-09
2.30077086e-06	4.480625e-09
2.30078926e-06	5.158625e-09
2.30080767e-06	5.598440e-09
2.30082608e-06	5.625281e-09
2.30084448e-06	5.825826e-09
2.30086289e-06	5.837283e-09
2.30088129e-06	5.795269e-09
2.30089970e-06	5.740485e-09
2.30091811e-06	5.772868e-09
2.30093652e-06	5.842787e-09
2.30095492e-06	5.937384e-09
2.30097333e-06	4.584804e-09
2.30099174e-06	4.070212e-09
2.30101015e-06	4.236291e-09
2.30102856e-06	4.568281e-09
2.30104696e-06	5.334133e-09
2.30106537e-06	5.091016e-09
2.30108378e-06	2.993528e-09
2.30110219e-06	2.100200e-09
2.30112060e-06	4.296123e-09
2.30113901e-06	5.513892e-09
2.30115742e-06	5.978895e-09
2.30117583e-06	5.840854e-09
2.30119423e-06	4.737280e-09
2.30121265e-06	4.086397e-09
2.30123105e-06	4.942382e-09
2.30124946e-06	4.814621e-09
2.30126787e-06	4.342117e-09
2.30128628e-06	3.213831e-09
2.30130469e-06	2.201543e-09
2.30132310e-06	2.410238e-09
2.30134152e-06	2.438401e-09
2.30135993e-06	3.303665e-09
2.30137834e-06	3.658856e-09
2.30139675e-06	2.045898e-09
2.30141516e-06	2.803332e-09
2.30143357e-06	5.112231e-09
2.30145198e-06	5.509773e-09
2.30147039e-06	4.372502e-09
2.30148881e-06	2.079844e-09
2.30150722e-06	1.843740e-09
2.30152563e-06	4.221057e-09
2.30154404e-06	5.515656e-09
2.30156245e-06	5.754853e-09
2.30158087e-06	5.692952e-09
2.30159928e-06	6.269807e-09
2.30161769e-06	6.235028e-09
2.30163611e-06	5.147070e-09
2.30165452e-06	4.751698e-09
2.30167293e-06	4.868696e-09
2.30169135e-06	5.659609e-09
2.30170976e-06	6.195900e-09
2.30172817e-06	6.680482e-09
2.30174659e-06	6.312045e-09
2.30176500e-06	5.235331e-09
2.30178341e-06	6.333904e-09
2.30180183e-06	5.995392e-09
2.30182024e-06	5.155960e-09
2.30183866e-06	5.988315e-09
2.30185707e-06	5.513673e-09
2.30187549e-06	5.194441e-09
2.30189390e-06	5.717996e-09
2.30191232e-06	6.478927e-09
2.30193073e-06	6.241056e-09
2.30194915e-06	6.085416e-09
2.30196756e-06	6.492413e-09
2.30198598e-06	6.216042e-09
2.30200440e-06	5.593561e-09
2.30202281e-06	4.412444e-09
2.30204123e-06	4.485598e-09
2.30205964e-06	4.864966e-09
2.30207806e-06	4.552427e-09
2.30209648e-06	3.561777e-09
2.30211489e-06	2.174350e-09
2.30213331e-06	2.415727e-09
2.30215173e-06	2.660409e-09
2.30217014e-06	4.373001e-09
2.30218856e-06	5.119538e-09
2.30220698e-06	5.649107e-09
2.30222540e-06	5.651556e-09
2.30224381e-06	5.818942e-09
2.30226223e-06	4.952991e-09
2.30228065e-06	4.296953e-09
2.30229907e-06	5.623437e-09
2.30231749e-06	5.812029e-09
2.30233591e-06	6.037537e-09
2.30235433e-06	6.547150e-09
2.30237274e-06	6.780875e-09
2.30239116e-06	6.943115e-09
2.30240958e-06	6.370300e-09
2.30242800e-06	6.072213e-09
2.30244642e-06	6.418557e-09
2.30246484e-06	6.422208e-09
2.30248326e-06	6.448237e-09
2.30250168e-06	6.412209e-09
2.30252010e-06	6.268994e-09
2.30253852e-06	5.704675e-09
2.30255694e-06	6.186864e-09
2.30257536e-06	6.360567e-09
2.30259378e-06	6.397320e-09
2.30261220e-06	6.060974e-09
2.30263062e-06	6.167648e-09
2.30264904e-06	5.935930e-09
2.30266747e-06	5.879648e-09
2.30268589e-06	6.467731e-09
2.30270431e-06	6.219588e-09
2.30272273e-06	5.593953e-09
2.30274115e-06	4.510705e-09
2.30275957e-06	2.160503e-09
2.30277800e-06	2.421899e-09
2.30279642e-06	3.551952e-09
2.30281484e-06	3.579720e-09
2.30283326e-06	5.319186e-09
2.30285168e-06	5.500428e-09
2.30287011e-06	5.722994e-09
2.30288853e-06	5.553568e-09
2.30290695e-06	4.925511e-09
2.30292538e-06	4.213634e-09
2.30294380e-06	3.751346e-09
2.30296222e-06	2.028519e-09
2.30298065e-06	2.570232e-09
2.30299907e-06	2.083385e-09
2.30301750e-06	3.055816e-09
2.30303592e-06	3.952363e-09
2.30305434e-06	5.095464e-09
2.30307277e-06	5.425223e-09
2.30309119e-06	5.562906e-09
2.30310962e-06	5.280636e-09
2.30312804e-06	4.430485e-09
2.30314647e-06	5.757785e-09
2.30316489e-06	6.284128e-09
2.30318332e-06	5.509291e-09
2.30320174e-06	3.228089e-09
2.30322017e-06	3.813918e-09
2.30323860e-06	6.291317e-09
2.30325702e-06	6.557382e-09
2.30327545e-06	6.102644e-09
2.30329387e-06	5.138055e-09
2.30331230e-06	3.303769e-09
2.30333073e-06	3.093647e-09
2.30334915e-06	3.803678e-09
2.30336758e-06	5.007341e-09
2.30338601e-06	6.302590e-09
2.30340443e-06	6.767579e-09
2.30342286e-06	7.421720e-09
2.30344129e-06	7.086306e-09
2.30345972e-06	6.458350e-09
2.30347814e-06	6.588934e-09
2.30349657e-06	6.791454e-09
2.30351500e-06	6.769347e-09
2.30353343e-06	5.925468e-09
2.30355186e-06	5.570968e-09
2.30357028e-06	5.096509e-09
2.30358871e-06	3.828909e-09
2.30360714e-06	4.176414e-09
2.30362557e-06	5.152701e-09
2.30364400e-06	5.482325e-09
2.30366243e-06	6.290721e-09
2.30368086e-06	6.014986e-09
2.30369929e-06	5.938223e-09
2.30371772e-06	5.332978e-09
2.30373615e-06	4.288730e-09
2.30375458e-06	4.049129e-09
2.30377301e-06	3.655016e-09
2.30379144e-06	4.322357e-09
2.30380987e-06	3.930490e-09
2.30382830e-06	3.684030e-09
2.30384673e-06	2.774371e-09
2.30386516e-06	2.414722e-09
2.30388359e-06	2.095296e-09
2.30390202e-06	3.105942e-09
2.30392045e-06	3.416315e-09
2.30393888e-06	4.496093e-09
2.30395731e-06	4.662452e-09
2.30397575e-06	5.221983e-09
2.30399418e-06	5.673910e-09
2.30401261e-06	5.790441e-09
2.30403104e-06	6.417356e-09
2.30404947e-06	6.184752e-09
2.30406791e-06	5.688968e-09
2.30408634e-06	5.673967e-09
2.30410477e-06	5.838699e-09
2.30412321e-06	6.551576e-09
2.30414164e-06	6.702207e-09
2.30416007e-06	6.067064e-09
2.30417850e-06	5.985216e-09
2.30419694e-06	6.097937e-09
2.30421537e-06	5.099059e-09
2.30423381e-06	5.244185e-09
2.30425224e-06	6.359764e-09
2.30427067e-06	5.854263e-09
2.30428911e-06	5.789228e-09
2.30430754e-06	5.966658e-09
2.30432598e-06	5.312798e-09
2.30434441e-06	6.109948e-09
2.30436285e-06	6.908198e-09
2.30438128e-06	7.657835e-09
2.30439971e-06	7.232663e-09
2.30441815e-06	7.295488e-09
2.30443659e-06	7.061692e-09
2.30445502e-06	5.940196e-09
2.30447346e-06	5.816915e-09
2.30449189e-06	5.554694e-09
2.30451033e-06	6.180656e-09
2.30452877e-06	6.221401e-09
2.30454720e-06	6.689182e-09
2.30456564e-06	6.403332e-09
2.30458407e-06	6.565200e-09
2.30460251e-06	6.500295e-09
2.30462095e-06	5.760593e-09
2.30463938e-06	5.224741e-09
2.30465782e-06	5.769758e-09
2.30467626e-06	6.132710e-09
2.30469470e-06	5.498137e-09
2.30471313e-06	4.566349e-09
2.30473157e-06	3.246354e-09
2.30475001e-06	3.513888e-09
2.30476845e-06	3.570695e-09
2.30478688e-06	1.947402e-09
2.30480532e-06	2.578072e-09
2.30482376e-06	2.109058e-09
2.30484220e-06	3.735194e-09
2.30486064e-06	4.103644e-09
2.30487908e-06	4.334051e-09
2.30489752e-06	4.787677e-09
2.30491596e-06	4.551193e-09
2.30493440e-06	2.614570e-09
2.30495284e-06	3.440502e-09
2.30497128e-06	3.099102e-09
2.30498972e-06	2.798274e-09
2.30500815e-06	4.453852e-09
2.30502660e-06	5.544727e-09
2.30504504e-06	4.715812e-09
2.30506347e-06	5.055991e-09
2.30508192e-06	5.307946e-09
2.30510036e-06	5.385364e-09
2.30511880e-06	5.571943e-09
2.30513724e-06	6.034961e-09
2.30515568e-06	5.828311e-09
2.30517412e-06	5.876866e-09
2.30519256e-06	6.176119e-09
2.30521100e-06	5.343956e-09
2.30522944e-06	5.676332e-09
2.30524789e-06	5.684604e-09
2.30526633e-06	5.763280e-09
2.30528477e-06	6.010759e-09
2.30530321e-06	6.065616e-09
2.30532166e-06	4.752282e-09
2.30534010e-06	5.078613e-09
2.30535854e-06	5.697726e-09
2.30537698e-06	5.328770e-09
2.30539543e-06	4.070830e-09
2.30541387e-06	1.970727e-09
2.30543231e-06	3.172072e-09
2.30545076e-06	4.661370e-09
2.30546920e-06	4.038186e-09
2.30548764e-06	2.674031e-09
2.30550609e-06	4.094298e-09
2.30552453e-06	5.740632e-09
2.30554298e-06	6.180785e-09
2.30556142e-06	5.974256e-09
2.30557987e-06	5.667046e-09
2.30559831e-06	5.396047e-09
2.30561675e-06	4.562915e-09
2.30563520e-06	2.057435e-09
2.30565365e-06	1.797226e-09
2.30567209e-06	3.292823e-09
2.30569054e-06	4.124521e-09
2.30570898e-06	4.606735e-09
2.30572743e-06	4.065664e-09
2.30574587e-06	3.167778e-09
2.30576432e-06	2.124466e-09
2.30578276e-06	2.447118e-09
2.30580121e-06	2.357504e-09
2.30581966e-06	4.085243e-09
2.30583810e-06	4.889935e-09
2.30585655e-06	4.562533e-09
2.30587500e-06	3.813334e-09
2.30589344e-06	3.244843e-09
2.30591189e-06	4.484142e-09
2.30593034e-06	5.329940e-09
2.30594879e-06	4.958886e-09
2.30596723e-06	5.004167e-09
2.30598568e-06	4.695743e-09
2.30600413e-06	5.697964e-09
2.30602258e-06	6.477728e-09
2.30604102e-06	6.754864e-09
2.30605947e-06	6.922473e-09
2.30607792e-06	6.668196e-09
2.30609637e-06	6.408584e-09
2.30611482e-06	6.047735e-09
2.30613327e-06	4.933623e-09
2.30615172e-06	4.833580e-09
2.30617017e-06	5.885593e-09
2.30618862e-06	5.412694e-09
2.30620707e-06	4.806664e-09
2.30622551e-06	5.362404e-09
2.30624396e-06	6.277221e-09
2.30626241e-06	6.255654e-09
2.30628087e-06	6.085052e-09
2.30629932e-06	6.457622e-09
2.30631777e-06	7.105484e-09
2.30633622e-06	6.398920e-09
2.30635467e-06	5.386009e-09
2.30637312e-06	5.985635e-09
2.30639157e-06	5.795431e-09
2.30641002e-06	5.533069e-09
2.30642847e-06	6.108344e-09
2.30644692e-06	4.629527e-09
2.30646537e-06	4.346543e-09
2.30648383e-06	4.784823e-09
2.30650228e-06	3.873574e-09
2.30652073e-06	3.531602e-09
2.30653918e-06	4.298265e-09
2.30655763e-06	4.767663e-09
2.30657609e-06	4.983522e-09
2.30659454e-06	5.189869e-09
2.30661299e-06	5.427235e-09
2.30663144e-06	3.876410e-09
2.30664990e-06	2.914499e-09
2.30666835e-06	2.056962e-09
2.30668681e-06	3.534657e-09
2.30670526e-06	4.411186e-09
2.30672371e-06	4.189229e-09
2.30674217e-06	3.943510e-09
2.30676062e-06	2.398506e-09
2.30677907e-06	2.301264e-09
2.30679753e-06	2.328109e-09
2.30681598e-06	2.754318e-09
2.30683444e-06	3.876050e-09
2.30685289e-06	3.809570e-09
2.30687135e-06	4.844593e-09
2.30688980e-06	5.057345e-09
2.30690826e-06	4.377289e-09
2.30692671e-06	4.408136e-09
2.30694517e-06	5.457699e-09
2.30696362e-06	5.711970e-09
2.30698208e-06	5.942653e-09
2.30700053e-06	6.239152e-09
2.30701899e-06	6.719543e-09
2.30703745e-06	6.222012e-09
2.30705590e-06	5.657363e-09
2.30707436e-06	6.514849e-09
2.30709282e-06	6.544033e-09
2.30711127e-06	6.743260e-09
2.30712973e-06	6.844747e-09
2.30714819e-06	6.974156e-09
2.30716664e-06	6.758488e-09
2.30718510e-06	6.888999e-09
2.30720356e-06	6.947987e-09
2.30722202e-06	6.314043e-09
2.30724047e-06	5.696936e-09
2.30725893e-06	5.739365e-09
2.30727739e-06	6.115963e-09
2.30729585e-06	4.768069e-09
2.30731431e-06	4.308311e-09
2.30733277e-06	5.812900e-09
2.30735122e-06	6.459324e-09
2.30736968e-06	5.925650e-09
2.30738814e-06	4.554369e-09
2.30740660e-06	5.229416e-09
2.30742506e-06	6.237238e-09
2.30744352e-06	6.690068e-09
2.30746198e-06	6.589197e-09
2.30748044e-06	5.983854e-09
2.30749890e-06	5.545488e-09
2.30751736e-06	4.581530e-09
2.30753582e-06	5.101762e-09
2.30755428e-06	5.511079e-09
2.30757274e-06	5.126608e-09
2.30759120e-06	4.537641e-09
2.30760966e-06	3.625874e-09
2.30762812e-06	2.200226e-09
2.30764658e-06	1.899029e-09
2.30766504e-06	2.898699e-09
2.30768351e-06	3.705460e-09
2.30770197e-06	4.859148e-09
2.30772043e-06	5.682033e-09
2.30773889e-06	5.622798e-09
2.30775735e-06	5.425485e-09
2.30777581e-06	4.881285e-09
2.30779428e-06	3.720422e-09
2.30781274e-06	2.817978e-09
2.30783120e-06	2.250968e-09
2.30784966e-06	2.350868e-09
2.30786813e-06	2.500664e-09
2.30788659e-06	4.053452e-09
2.30790505e-06	4.870949e-09
2.30792352e-06	5.114974e-09
2.30794198e-06	5.312139e-09
2.30796044e-06	5.855677e-09
2.30797891e-06	6.077621e-09
2.30799737e-06	5.815079e-09
2.30801583e-06	5.025659e-09
2.30803430e-06	4.299668e-09
2.30805276e-06	2.930957e-09
2.30807123e-06	4.263380e-09
2.30808969e-06	5.837707e-09
2.30810816e-06	6.150437e-09
2.30812662e-06	6.055069e-09
2.30814509e-06	6.570485e-09
2.30816355e-06	6.956476e-09
2.30818202e-06	6.482476e-09
2.30820048e-06	5.308411e-09
2.30821895e-06	5.463509e-09
2.30823741e-06	6.332212e-09
2.30825588e-06	6.560222e-09
2.30827434e-06	5.515033e-09
2.30829281e-06	5.068353e-09
2.30831128e-06	5.991198e-09
2.30832974e-06	6.218101e-09
2.30834821e-06	5.909841e-09
2.30836668e-06	5.634618e-09
2.30838514e-06	5.894558e-09
2.30840361e-06	6.505609e-09
2.30842208e-06	6.722508e-09
2.30844055e-06	6.814233e-09
2.30845901e-06	6.342047e-09
2.30847748e-06	5.447749e-09
2.30849595e-06	4.740023e-09
2.30851442e-06	4.191073e-09
2.30853288e-06	5.159684e-09
2.30855135e-06	5.930764e-09
2.30856982e-06	6.154685e-09
2.30858829e-06	6.297044e-09
2.30860676e-06	6.608831e-09
2.30862523e-06	6.798876e-09
2.30864370e-06	6.322201e-09
2.30866217e-06	6.408902e-09
2.30868063e-06	6.833434e-09
2.30869911e-06	6.361832e-09
2.30871757e-06	5.836647e-09
2.30873604e-06	5.438485e-09
2.30875451e-06	5.614709e-09
2.30877298e-06	6.199955e-09
2.30879145e-06	5.694822e-09
2.30880992e-06	4.860563e-09
2.30882840e-06	4.805537e-09
2.30884687e-06	5.320450e-09
2.30886534e-06	5.008976e-09
2.30888381e-06	3.975008e-09
2.30890228e-06	2.628884e-09
2.30892075e-06	2.034940e-09
2.30893922e-06	2.503615e-09
2.30895769e-06	2.299944e-09
2.30897616e-06	3.393352e-09
2.30899464e-06	2.966420e-09
2.30901311e-06	3.944948e-09
2.30903158e-06	5.091512e-09
2.30905005e-06	5.286288e-09
2.30906852e-06	4.641831e-09
2.30908700e-06	3.745011e-09
2.30910547e-06	3.928274e-09
2.30912394e-06	3.939357e-09
2.30914242e-06	5.099304e-09
2.30916089e-06	4.803118e-09
2.30917936e-06	5.077907e-09
2.30919784e-06	3.254215e-09
2.30921631e-06	3.495668e-09
2.30923478e-06	5.094353e-09
2.30925326e-06	5.773462e-09
2.30927173e-06	6.431336e-09
2.30929021e-06	6.339394e-09
2.30930868e-06	6.689318e-09
2.30932715e-06	6.286818e-09
2.30934563e-06	5.283167e-09
2.30936410e-06	3.204194e-09
2.30938258e-06	4.355006e-09
2.30940105e-06	5.998726e-09
2.30941953e-06	5.979265e-09
2.30943800e-06	5.637622e-09
2.30945648e-06	5.174938e-09
2.30947495e-06	4.859591e-09
2.30949343e-06	5.289572e-09
2.30951191e-06	5.085451e-09
2.30953038e-06	4.567542e-09
2.30954886e-06	5.100060e-09
2.30956733e-06	5.747972e-09
2.30958581e-06	6.039500e-09
2.30960429e-06	5.581236e-09
2.30962277e-06	5.343105e-09
2.30964124e-06	4.650965e-09
2.30965972e-06	2.251488e-09
2.30967820e-06	1.811426e-09
2.30969667e-06	2.665112e-09
2.30971515e-06	4.755124e-09
2.30973363e-06	5.419658e-09
2.30975211e-06	4.131282e-09
2.30977059e-06	2.260794e-09
2.30978906e-06	2.621733e-09
2.30980754e-06	2.565997e-09
2.30982602e-06	2.812404e-09
2.30984450e-06	2.254167e-09
2.30986298e-06	4.848168e-09
2.30988146e-06	5.569391e-09
2.30989994e-06	5.246116e-09
2.30991842e-06	4.949214e-09
2.30993689e-06	3.472155e-09
2.30995537e-06	4.296889e-09
2.30997385e-06	5.104873e-09
2.30999233e-06	4.526615e-09
2.31001081e-06	3.953562e-09
2.31002929e-06	3.563643e-09
2.31004777e-06	1.943794e-09
2.31006625e-06	2.595751e-09
2.31008473e-06	1.852576e-09
2.31010321e-06	3.323700e-09
2.31012170e-06	3.774864e-09
2.31014018e-06	2.075587e-09
2.31015866e-06	3.668546e-09
2.31017714e-06	5.427073e-09
2.31019562e-06	5.785233e-09
2.31021410e-06	4.673095e-09
2.31023258e-06	5.174681e-09
2.31025107e-06	6.401992e-09
2.31026955e-06	6.783861e-09
2.31028803e-06	6.617307e-09
2.31030651e-06	6.455818e-09
2.31032499e-06	5.513664e-09
2.31034348e-06	4.960734e-09
2.31036196e-06	5.539431e-09
2.31038044e-06	4.605951e-09
2.31039893e-06	4.155384e-09
2.31041741e-06	4.910706e-09
2.31043589e-06	5.514672e-09
2.31045438e-06	4.300154e-09
2.31047286e-06	3.958537e-09
2.31049134e-06	4.784754e-09
2.31050983e-06	4.179098e-09
2.31052831e-06	5.368626e-09
2.31054680e-06	5.983452e-09
2.31056528e-06	5.694708e-09
2.31058377e-06	4.936761e-09
2.31060225e-06	5.878889e-09
2.31062073e-06	7.044019e-09
2.31063922e-06	6.660706e-09
2.31065770e-06	6.197665e-09
2.31067619e-06	6.472832e-09
2.31069467e-06	5.561729e-09
2.31071316e-06	5.601535e-09
2.31073165e-06	4.915049e-09
2.31075013e-06	5.036750e-09
2.31076862e-06	4.708557e-09
2.31078710e-06	5.232229e-09
2.31080559e-06	5.006867e-09
2.31082408e-06	5.543707e-09
2.31084256e-06	5.994633e-09
2.31086105e-06	5.651510e-09
2.31087954e-06	5.782584e-09
2.31089802e-06	4.845601e-09
2.31091651e-06	3.668658e-09
2.31093500e-06	4.266125e-09
2.31095349e-06	4.853874e-09
2.31097197e-06	3.709680e-09
2.31099046e-06	3.597503e-09
2.31100895e-06	3.851038e-09
2.31102744e-06	3.765487e-09
2.31104593e-06	5.774027e-09
2.31106441e-06	6.115459e-09
2.31108290e-06	5.499639e-09
2.31110139e-06	5.592135e-09
2.31111988e-06	5.568138e-09
2.31113837e-06	5.358801e-09
2.31115686e-06	4.580537e-09
2.31117535e-06	2.651962e-09
2.31119384e-06	1.851146e-09
2.31121233e-06	2.079455e-09
2.31123082e-06	2.239078e-09
2.31124931e-06	2.334230e-09
2.31126780e-06	2.506472e-09
2.31128629e-06	3.420288e-09
2.31130478e-06	4.085603e-09
2.31132327e-06	3.889146e-09
2.31134176e-06	3.966888e-09
2.31136025e-06	4.742280e-09
2.31137874e-06	5.369754e-09
2.31139723e-06	5.731185e-09
2.31141572e-06	5.004467e-09
2.31143421e-06	4.512152e-09
2.31145270e-06	5.069522e-09
2.31147120e-06	4.136001e-09
2.31148969e-06	4.856324e-09
2.31150818e-06	5.141419e-09
2.31152667e-06	4.451316e-09
2.31154516e-06	3.547768e-09
2.31156366e-06	1.909849e-09
2.31158215e-06	3.307659e-09
2.31160064e-06	5.178863e-09
2.31161913e-06	3.635877e-09
2.31163763e-06	2.029372e-09
2.31165612e-06	1.811154e-09
2.31167461e-06	2.856064e-09
2.31169311e-06	4.849016e-09
2.31171160e-06	5.593174e-09
2.31173009e-06	4.746495e-09
2.31174859e-06	5.064487e-09
2.31176708e-06	5.606994e-09
2.31178558e-06	4.557590e-09
2.31180407e-06	5.453359e-09
2.31182257e-06	5.796201e-09
2.31184106e-06	5.097365e-09
2.31185955e-06	5.289409e-09
2.31187805e-06	5.719038e-09
2.31189654e-06	2.866470e-09
2.31191504e-06	2.731573e-09
2.31193353e-06	5.043620e-09
2.31195203e-06	4.404025e-09
2.31197052e-06	5.538789e-09
2.31198902e-06	6.340205e-09
2.31200752e-06	5.733396e-09
2.31202601e-06	5.188388e-09
2.31204451e-06	3.925264e-09
2.31206301e-06	4.485174e-09
2.31208150e-06	5.062375e-09
2.31210000e-06	6.052168e-09
2.31211850e-06	5.811299e-09
2.31213699e-06	4.882534e-09
2.31215549e-06	5.866435e-09
2.31217399e-06	5.638091e-09
2.31219248e-06	4.235725e-09
2.31221098e-06	4.539125e-09
2.31222948e-06	4.712286e-09
2.31224798e-06	5.027125e-09
2.31226648e-06	5.269645e-09
2.31228497e-06	4.391353e-09
2.31230347e-06	3.698256e-09
2.31232197e-06	5.405658e-09
2.31234047e-06	4.814609e-09
2.31235897e-06	4.068476e-09
2.31237747e-06	3.897163e-09
2.31239596e-06	3.921804e-09
2.31241446e-06	3.529313e-09
2.31243296e-06	1.985618e-09
2.31245146e-06	2.567235e-09
2.31246996e-06	1.878678e-09
2.31248846e-06	3.017021e-09
2.31250696e-06	4.022768e-09
2.31252546e-06	4.674618e-09
2.31254396e-06	4.218342e-09
2.31256246e-06	4.947445e-09
2.31258096e-06	5.069137e-09
2.31259946e-06	4.709561e-09
2.31261796e-06	5.849375e-09
2.31263647e-06	5.921525e-09
2.31265497e-06	5.816672e-09
2.31267347e-06	6.471232e-09
2.31269197e-06	6.297544e-09
2.31271047e-06	5.244400e-09
2.31272897e-06	5.425403e-09
2.31274748e-06	5.589865e-09
2.31276598e-06	5.481823e-09
2.31278448e-06	6.467516e-09
2.31280298e-06	6.333654e-09
2.31282148e-06	5.957690e-09
2.31283999e-06	4.446922e-09
2.31285849e-06	3.496346e-09
2.31287699e-06	5.343952e-09
2.31289550e-06	5.731720e-09
2.31291400e-06	5.144344e-09
2.31293250e-06	4.925572e-09
2.31295100e-06	5.604756e-09
2.31296951e-06	5.337314e-09
2.31298801e-06	6.380096e-09
2.31300652e-06	5.596350e-09
2.31302502e-06	5.214705e-09
2.31304352e-06	5.297909e-09
2.31306203e-06	4.585683e-09
2.31308053e-06	4.709391e-09
2.31309904e-06	4.033257e-09
2.31311754e-06	2.557902e-09
2.31313605e-06	2.791493e-09
2.31315455e-06	4.411729e-09
2.31317306e-06	3.854424e-09
2.31319156e-06	4.959962e-09
2.31321007e-06	5.138912e-09
2.31322857e-06	3.622092e-09
2.31324708e-06	3.105642e-09
2.31326559e-06	5.367768e-09
2.31328409e-06	5.787356e-09
2.31330260e-06	5.590791e-09
2.31332111e-06	6.226929e-09
2.31333961e-06	6.810429e-09
2.31335812e-06	6.123184e-09
2.31337662e-06	5.572676e-09
2.31339513e-06	5.277178e-09
2.31341364e-06	5.338273e-09
2.31343215e-06	6.230058e-09
2.31345065e-06	6.608177e-09
2.31346916e-06	5.803499e-09
2.31348767e-06	5.819345e-09
2.31350618e-06	6.145199e-09
2.31352469e-06	5.931352e-09
2.31354319e-06	5.945337e-09
2.31356170e-06	5.372392e-09
2.31358021e-06	5.432580e-09
2.31359872e-06	4.408188e-09
2.31361723e-06	4.338953e-09
2.31363574e-06	4.651751e-09
2.31365425e-06	4.075011e-09
2.31367275e-06	3.203366e-09
2.31369127e-06	1.837940e-09
2.31370977e-06	2.554523e-09
2.31372828e-06	1.906152e-09
2.31374679e-06	3.454455e-09
2.31376530e-06	4.114518e-09
2.31378381e-06	4.133231e-09
2.31380232e-06	4.531237e-09
2.31382083e-06	3.757246e-09
2.31383935e-06	3.993542e-09
2.31385786e-06	4.929617e-09
2.31387637e-06	5.236179e-09
2.31389488e-06	4.951652e-09
2.31391339e-06	5.420307e-09
2.31393190e-06	5.433507e-09
2.31395041e-06	4.138883e-09
2.31396892e-06	4.535552e-09
2.31398744e-06	4.889096e-09
2.31400595e-06	4.056825e-09
2.31402446e-06	4.347764e-09
2.31404297e-06	2.316741e-09
2.31406148e-06	2.295078e-09
2.31408000e-06	4.283687e-09
2.31409851e-06	5.539504e-09
2.31411702e-06	5.293611e-09
2.31413553e-06	6.028674e-09
2.31415405e-06	5.832585e-09
2.31417256e-06	6.214986e-09
2.31419107e-06	6.006218e-09
2.31420959e-06	6.586025e-09
2.31422810e-06	6.246554e-09
2.31424662e-06	5.111698e-09
2.31426513e-06	5.639683e-09
2.31428364e-06	6.200094e-09
2.31430216e-06	6.680097e-09
2.31432067e-06	5.498283e-09
2.31433919e-06	5.498819e-09
2.31435770e-06	5.640546e-09
2.31437622e-06	4.088885e-09
2.31439473e-06	3.385725e-09
2.31441325e-06	5.324742e-09
2.31443176e-06	5.264939e-09
2.31445028e-06	5.740102e-09
2.31446879e-06	4.942781e-09
2.31448731e-06	4.722920e-09
2.31450582e-06	5.534342e-09
2.31452434e-06	5.109695e-09
2.31454286e-06	4.136228e-09
2.31456137e-06	5.264216e-09
2.31457989e-06	6.094126e-09
2.31459841e-06	5.990003e-09
2.31461692e-06	5.711916e-09
2.31463544e-06	5.513932e-09
2.31465396e-06	4.139092e-09
2.31467247e-06	1.906487e-09
2.31469099e-06	1.854126e-09
2.31470951e-06	3.345780e-09
2.31472803e-06	3.834302e-09
2.31474654e-06	3.601504e-09
2.31476506e-06	4.635034e-09
2.31478358e-06	5.211123e-09
2.31480210e-06	4.071553e-09
2.31482062e-06	4.026697e-09
2.31483913e-06	5.068341e-09
2.31485765e-06	4.110462e-09
2.31487617e-06	3.357024e-09
2.31489469e-06	4.486315e-09
2.31491321e-06	3.598848e-09
2.31493173e-06	3.565445e-09
2.31495025e-06	3.387125e-09
2.31496877e-06	2.004882e-09
2.31498729e-06	2.016070e-09
2.31500581e-06	2.534806e-09
2.31502433e-06	1.940106e-09
2.31504285e-06	3.355853e-09
2.31506137e-06	3.316393e-09
2.31507989e-06	3.846411e-09
2.31509841e-06	4.730844e-09
2.31511693e-06	3.977175e-09
2.31513545e-06	4.302052e-09
2.31515397e-06	5.354960e-09
2.31517250e-06	5.684896e-09
2.31519102e-06	6.145980e-09
2.31520954e-06	5.806821e-09
2.31522806e-06	4.828304e-09
2.31524658e-06	4.798446e-09
2.31526510e-06	5.098339e-09
2.31528362e-06	3.441332e-09
2.31530215e-06	1.942060e-09
2.31532067e-06	3.075209e-09
2.31533919e-06	4.970374e-09
2.31535771e-06	5.942399e-09
2.31537624e-06	6.342192e-09
2.31539476e-06	6.489890e-09
2.31541328e-06	5.655737e-09
2.31543181e-06	4.988312e-09
2.31545033e-06	5.333550e-09
2.31546885e-06	5.527255e-09
2.31548738e-06	5.312958e-09
2.31550590e-06	5.804880e-09
2.31552443e-06	5.776697e-09
2.31554295e-06	5.677093e-09
2.31556148e-06	5.755114e-09
2.31558000e-06	6.855358e-09
2.31559852e-06	5.391606e-09
2.31561705e-06	5.445326e-09
2.31563557e-06	6.548140e-09
2.31565410e-06	6.518902e-09
2.31567262e-06	6.365860e-09
2.31569115e-06	4.488625e-09
2.31570967e-06	3.808192e-09
2.31572820e-06	4.867450e-09
2.31574673e-06	5.015891e-09
2.31576525e-06	4.171137e-09
2.31578378e-06	4.619602e-09
2.31580231e-06	4.727982e-09
2.31582083e-06	3.468000e-09
2.31583936e-06	5.299792e-09
2.31585788e-06	4.757946e-09
2.31587641e-06	4.001566e-09
2.31589494e-06	5.575998e-09
2.31591347e-06	6.263212e-09
2.31593199e-06	6.667934e-09
2.31595052e-06	5.959397e-09
2.31596905e-06	5.246541e-09
2.31598758e-06	5.456036e-09
2.31600610e-06	4.777108e-09
2.31602463e-06	5.692615e-09
2.31604316e-06	6.537145e-09
2.31606169e-06	6.720080e-09
2.31608022e-06	6.157440e-09
2.31609875e-06	5.537759e-09
2.31611727e-06	4.661315e-09
2.31613580e-06	4.435738e-09
2.31615433e-06	4.353284e-09
2.31617286e-06	3.445867e-09
2.31619139e-06	4.808060e-09
2.31620992e-06	5.251214e-09
2.31622845e-06	4.260462e-09
2.31624698e-06	2.512743e-09
2.31626551e-06	2.836235e-09
2.31628404e-06	2.322597e-09
2.31630257e-06	2.379088e-09
2.31632110e-06	1.757167e-09
2.31633963e-06	2.573272e-09
2.31635816e-06	1.855655e-09
2.31637669e-06	3.303100e-09
2.31639522e-06	3.930894e-09
2.31641375e-06	3.548005e-09
2.31643229e-06	3.255550e-09
2.31645082e-06	4.202549e-09
2.31646935e-06	4.131395e-09
2.31648788e-06	5.053172e-09
2.31650641e-06	5.526948e-09
2.31652494e-06	5.406123e-09
2.31654348e-06	4.962034e-09
2.31656201e-06	1.992564e-09
2.31658054e-06	2.211119e-09
2.31659908e-06	4.526525e-09
2.31661761e-06	4.420490e-09
2.31663614e-06	4.928325e-09
2.31665467e-06	5.508282e-09
2.31667321e-06	5.318780e-09
2.31669174e-06	4.266154e-09
2.31671027e-06	5.465402e-09
2.31672881e-06	5.944781e-09
2.31674734e-06	5.994905e-09
2.31676587e-06	4.955422e-09
2.31678441e-06	5.941345e-09
2.31680294e-06	6.405469e-09
2.31682148e-06	4.550042e-09
2.31684001e-06	2.945015e-09
2.31685855e-06	4.669638e-09
2.31687708e-06	5.795892e-09
2.31689562e-06	5.853345e-09
2.31691415e-06	6.280077e-09
2.31693269e-06	5.919317e-09
2.31695122e-06	6.434570e-09
2.31696976e-06	6.536369e-09
2.31698830e-06	4.384731e-09
2.31700683e-06	4.008957e-09
2.31702537e-06	4.521827e-09
2.31704390e-06	3.815854e-09
2.31706244e-06	4.890466e-09
2.31708098e-06	5.770295e-09
2.31709951e-06	6.468324e-09
2.31711805e-06	6.112970e-09
2.31713659e-06	5.051638e-09
2.31715512e-06	2.015474e-09
2.31717366e-06	2.347067e-09
2.31719220e-06	5.228420e-09
2.31721073e-06	5.933042e-09
2.31722927e-06	5.421740e-09
2.31724781e-06	5.722944e-09
2.31726635e-06	6.168777e-09
2.31728489e-06	5.661938e-09
2.31730342e-06	6.061360e-09
2.31732196e-06	5.631903e-09
2.31734050e-06	5.377091e-09
2.31735904e-06	6.173653e-09
2.31737758e-06	6.155406e-09
2.31739612e-06	5.096412e-09
2.31741466e-06	4.693242e-09
2.31743320e-06	5.117010e-09
2.31745174e-06	3.915710e-09
2.31747028e-06	4.743519e-09
2.31748882e-06	3.391568e-09
2.31750736e-06	2.015508e-09
2.31752590e-06	4.145478e-09
2.31754444e-06	4.753941e-09
2.31756298e-06	4.625396e-09
2.31758152e-06	3.531274e-09
2.31760006e-06	1.923076e-09
2.31761860e-06	1.916484e-09
2.31763714e-06	3.227562e-09
2.31765568e-06	3.895195e-09
2.31767422e-06	3.283273e-09
2.31769276e-06	1.943029e-09
2.31771131e-06	2.483696e-09
2.31772985e-06	1.859297e-09
2.31774839e-06	2.804189e-09
2.31776693e-06	3.659202e-09
2.31778547e-06	2.734398e-09
2.31780401e-06	3.711843e-09
2.31782256e-06	4.735604e-09
2.31784110e-06	5.589726e-09
2.31785964e-06	5.813347e-09
2.31787819e-06	4.885279e-09
2.31789673e-06	4.487882e-09
2.31791527e-06	5.842591e-09
2.31793381e-06	5.822755e-09
2.31795236e-06	5.197623e-09
2.31797090e-06	5.699996e-09
2.31798945e-06	6.009734e-09
2.31800799e-06	4.782442e-09
2.31802653e-06	4.426407e-09
2.31804508e-06	4.777980e-09
2.31806362e-06	5.266278e-09
2.31808217e-06	5.389055e-09
2.31810071e-06	4.640791e-09
2.31811926e-06	5.832702e-09
2.31813780e-06	5.376466e-09
2.31815635e-06	3.623640e-09
2.31817489e-06	4.017313e-09
2.31819344e-06	6.169729e-09
2.31821198e-06	5.920271e-09
2.31823053e-06	4.189767e-09
2.31824907e-06	3.727268e-09
2.31826762e-06	2.747913e-09
2.31828617e-06	4.114265e-09
2.31830471e-06	5.830389e-09
2.31832326e-06	6.690196e-09
2.31834181e-06	6.151242e-09
2.31836035e-06	5.195640e-09
2.31837890e-06	5.487628e-09
2.31839745e-06	6.205303e-09
2.31841599e-06	6.524151e-09
2.31843454e-06	6.379893e-09
2.31845309e-06	4.476754e-09
2.31847164e-06	2.494568e-09
2.31849018e-06	1.768839e-09
2.31850873e-06	3.173058e-09
2.31852728e-06	4.757850e-09
2.31854583e-06	5.528150e-09
2.31856438e-06	6.291004e-09
2.31858292e-06	5.960945e-09
2.31860147e-06	5.235736e-09
2.31862002e-06	5.309010e-09
2.31863857e-06	4.883733e-09
2.31865712e-06	5.895640e-09
2.31867567e-06	5.757353e-09
2.31869422e-06	5.214906e-09
2.31871277e-06	5.526082e-09
2.31873132e-06	6.127198e-09
2.31874987e-06	6.106892e-09
2.31876842e-06	6.506873e-09
2.31878697e-06	6.951255e-09
2.31880552e-06	6.627758e-09
2.31882407e-06	5.565885e-09
2.31884262e-06	5.877533e-09
2.31886117e-06	5.188555e-09
2.31887972e-06	4.559690e-09
2.31889827e-06	5.123622e-09
2.31891682e-06	5.716606e-09
2.31893538e-06	5.389341e-09
2.31895393e-06	5.416716e-09
2.31897248e-06	5.634563e-09
2.31899103e-06	5.192563e-09
2.31900958e-06	5.076127e-09
2.31902813e-06	4.745010e-09
2.31904669e-06	4.612363e-09
2.31906524e-06	3.896065e-09
2.31908379e-06	3.756588e-09
2.31910234e-06	2.578975e-09
2.31912090e-06	2.207653e-09
2.31913945e-06	2.271433e-09
2.31915800e-06	2.508451e-09
2.31917656e-06	3.745858e-09
2.31919511e-06	4.597275e-09
2.31921366e-06	5.123519e-09
2.31923222e-06	5.263622e-09
2.31925077e-06	4.932174e-09
2.31926932e-06	5.173126e-09
2.31928788e-06	5.096889e-09
2.31930643e-06	4.715425e-09
2.31932499e-06	5.346081e-09
2.31934354e-06	3.942591e-09
2.31936210e-06	4.624248e-09
2.31938065e-06	5.375692e-09
2.31939921e-06	6.102134e-09
2.31941776e-06	6.158268e-09
2.31943632e-06	6.443740e-09
2.31945487e-06	5.664687e-09
2.31947343e-06	3.780235e-09
2.31949198e-06	4.130584e-09
2.31951054e-06	3.854086e-09
2.31952910e-06	3.481156e-09
2.31954765e-06	3.571204e-09
2.31956621e-06	2.868617e-09
2.31958477e-06	3.535860e-09
2.31960332e-06	5.855419e-09
2.31962188e-06	6.727230e-09
2.31964044e-06	6.837070e-09
2.31965899e-06	6.574226e-09
2.31967755e-06	5.279140e-09
2.31969611e-06	2.947598e-09
2.31971466e-06	4.156753e-09
2.31973322e-06	5.496876e-09
2.31975178e-06	6.514145e-09
2.31977034e-06	6.895043e-09
2.31978890e-06	6.761330e-09
2.31980746e-06	7.103509e-09
2.31982601e-06	6.932188e-09
2.31984457e-06	6.774134e-09
2.31986313e-06	6.167698e-09
2.31988169e-06	5.482649e-09
2.31990025e-06	6.261208e-09
2.31991881e-06	6.827947e-09
2.31993737e-06	6.877089e-09
2.31995593e-06	5.745182e-09
2.31997449e-06	5.207134e-09
2.31999305e-06	3.936108e-09
2.32001161e-06	2.278415e-09
2.32003017e-06	4.412681e-09
2.32004873e-06	5.962301e-09
2.32006729e-06	5.032937e-09
2.32008585e-06	4.849769e-09
2.32010441e-06	5.839391e-09
2.32012297e-06	6.530438e-09
2.32014153e-06	6.201042e-09
2.32016009e-06	6.505654e-09
2.32017865e-06	6.016424e-09
2.32019721e-06	5.986160e-09
2.32021577e-06	5.496583e-09
2.32023434e-06	5.526694e-09
2.32025290e-06	4.579525e-09
2.32027146e-06	2.406158e-09
2.32029002e-06	4.791241e-09
2.32030858e-06	6.344691e-09
2.32032715e-06	6.570346e-09
2.32034571e-06	5.673946e-09
2.32036427e-06	3.948554e-09
2.32038284e-06	3.656772e-09
2.32040140e-06	4.429767e-09
2.32041996e-06	2.267573e-09
2.32043853e-06	1.889275e-09
2.32045709e-06	4.325455e-09
2.32047565e-06	4.963775e-09
2.32049422e-06	4.343768e-09
2.32051278e-06	4.071333e-09
2.32053135e-06	3.242521e-09
2.32054991e-06	2.715755e-09
2.32056847e-06	1.804422e-09
2.32058704e-06	2.555753e-09
2.32060560e-06	1.842702e-09
2.32062417e-06	2.594737e-09
2.32064273e-06	3.722343e-09
2.32066130e-06	4.139996e-09
2.32067986e-06	4.358885e-09
2.32069843e-06	4.712374e-09
2.32071699e-06	4.982269e-09
2.32073556e-06	3.625072e-09
2.32075413e-06	3.911932e-09
2.32077269e-06	4.227264e-09
2.32079126e-06	5.614127e-09
2.32080982e-06	6.243570e-09
2.32082839e-06	6.334236e-09
2.32084696e-06	5.988379e-09
2.32086552e-06	5.087635e-09
2.32088409e-06	3.522948e-09
2.32090266e-06	4.089002e-09
2.32092123e-06	4.570495e-09
2.32093979e-06	3.820744e-09
2.32095836e-06	3.895781e-09
2.32097693e-06	5.355176e-09
2.32099550e-06	5.537598e-09
2.32101406e-06	4.994545e-09
2.32103263e-06	4.797232e-09
2.32105120e-06	4.305699e-09
2.32106977e-06	5.663743e-09
2.32108834e-06	6.625253e-09
2.32110691e-06	6.538350e-09
2.32112547e-06	5.185434e-09
2.32114404e-06	4.022009e-09
2.32116261e-06	4.754845e-09
2.32118118e-06	3.333504e-09
2.32119975e-06	1.927080e-09
2.32121832e-06	3.452481e-09
2.32123689e-06	5.295788e-09
2.32125546e-06	6.077168e-09
2.32127403e-06	5.461920e-09
2.32129260e-06	5.369544e-09
2.32131117e-06	3.998158e-09
2.32132974e-06	2.660105e-09
2.32134831e-06	3.147430e-09
2.32136688e-06	4.393145e-09
2.32138545e-06	6.330551e-09
2.32140403e-06	6.726612e-09
2.32142260e-06	6.667613e-09
2.32144117e-06	6.565398e-09
2.32145974e-06	6.661322e-09
2.32147831e-06	6.287298e-09
2.32149688e-06	4.664022e-09
2.32151545e-06	4.524594e-09
2.32153403e-06	5.227946e-09
2.32155260e-06	5.959900e-09
2.32157117e-06	6.684771e-09
2.32158974e-06	6.726874e-09
2.32160832e-06	6.275605e-09
2.32162689e-06	5.032117e-09
2.32164546e-06	2.978742e-09
2.32166404e-06	3.900555e-09
2.32168261e-06	5.715401e-09
2.32170118e-06	6.479003e-09
2.32171976e-06	6.442755e-09
2.32173833e-06	6.277059e-09
2.32175690e-06	6.172318e-09
2.32177548e-06	5.127159e-09
2.32179405e-06	3.728966e-09
2.32181263e-06	5.387653e-09
2.32183120e-06	5.241366e-09
2.32184978e-06	4.864961e-09
2.32186835e-06	4.875070e-09
2.32188692e-06	5.232826e-09
2.32190550e-06	4.850584e-09
2.32192408e-06	4.852976e-09
2.32194265e-06	2.089061e-09
2.32196123e-06	1.739196e-09
2.32197980e-06	4.167772e-09
2.32199838e-06	4.678861e-09
2.32201695e-06	4.366571e-09
2.32203553e-06	3.928838e-09
2.32205411e-06	2.806390e-09
2.32207268e-06	2.053730e-09
2.32209126e-06	2.398967e-09
2.32210984e-06	2.274020e-09
2.32212841e-06	3.700026e-09
2.32214699e-06	4.411684e-09
2.32216557e-06	4.404340e-09
2.32218414e-06	2.928874e-09
2.32220272e-06	2.769718e-09
2.32222130e-06	4.514355e-09
2.32223988e-06	4.627167e-09
2.32225846e-06	4.455497e-09
2.32227703e-06	5.813669e-09
2.32229561e-06	5.742517e-09
2.32231419e-06	4.812040e-09
2.32233277e-06	5.084787e-09
2.32235135e-06	4.731742e-09
2.32236993e-06	2.943951e-09
2.32238850e-06	3.332254e-09
2.32240708e-06	5.068370e-09
2.32242566e-06	5.398803e-09
2.32244424e-06	5.575197e-09
2.32246282e-06	3.914572e-09
2.32248140e-06	3.852702e-09
2.32249998e-06	4.442368e-09
2.32251856e-06	5.807034e-09
2.32253714e-06	5.242948e-09
2.32255572e-06	3.723248e-09
2.32257430e-06	3.554370e-09
2.32259288e-06	5.365940e-09
2.32261146e-06	5.072256e-09
2.32263005e-06	3.793654e-09
2.32264863e-06	2.193805e-09
2.32266721e-06	2.443553e-09
2.32268579e-06	2.607328e-09
2.32270437e-06	3.439044e-09
2.32272295e-06	2.892584e-09
2.32274153e-06	2.948846e-09
2.32276012e-06	2.673364e-09
2.32277870e-06	4.428098e-09
2.32279728e-06	4.854819e-09
2.32281586e-06	2.910180e-09
2.32283444e-06	3.613653e-09
2.32285303e-06	3.369065e-09
2.32287161e-06	2.628414e-09
2.32289019e-06	3.955924e-09
2.32290878e-06	3.463486e-09
2.32292736e-06	2.150142e-09
2.32294594e-06	3.704228e-09
2.32296453e-06	3.151479e-09
2.32298311e-06	4.754338e-09
2.32300169e-06	3.977660e-09
2.32302028e-06	2.545510e-09
2.32303886e-06	3.616981e-09
2.32305745e-06	5.268158e-09
2.32307603e-06	3.315951e-09
2.32309462e-06	2.100215e-09
2.32311320e-06	3.219447e-09
2.32313179e-06	3.287098e-09
2.32315037e-06	2.170593e-09
2.32316896e-06	1.753696e-09
2.32318754e-06	2.023237e-09
2.32320613e-06	2.775327e-09
2.32322471e-06	2.719850e-09
2.32324330e-06	4.589217e-09
2.32326188e-06	3.123571e-09
2.32328047e-06	2.271752e-09
2.32329906e-06	5.330579e-09
2.32331764e-06	5.502431e-09
2.32333623e-06	3.427889e-09
2.32335482e-06	2.997471e-09
2.32337340e-06	3.425105e-09
2.32339199e-06	4.846738e-09
2.32341058e-06	5.247230e-09
2.32342916e-06	4.309132e-09
2.32344775e-06	2.509844e-09
2.32346634e-06	3.001608e-09
2.32348493e-06	5.006518e-09
2.32350352e-06	5.469193e-09
2.32352210e-06	5.306011e-09
2.32354069e-06	3.709886e-09
2.32355928e-06	2.483179e-09
2.32357787e-06	3.410587e-09
2.32359646e-06	2.516514e-09
2.32361504e-06	2.297611e-09
2.32363363e-06	2.319460e-09
2.32365222e-06	2.467787e-09
2.32367081e-06	3.767828e-09
2.32368940e-06	4.388499e-09
2.32370799e-06	3.580746e-09
2.32372658e-06	2.506014e-09
2.32374517e-06	2.726860e-09
2.32376376e-06	3.875321e-09
2.32378235e-06	4.814479e-09
2.32380094e-06	2.812676e-09
2.32381953e-06	2.951651e-09
2.32383812e-06	5.171121e-09
2.32385671e-06	5.724400e-09
2.32387530e-06	5.839777e-09
2.32389389e-06	5.210659e-09
2.32391249e-06	5.092131e-09
2.32393108e-06	3.552501e-09
2.32394967e-06	3.708305e-09
2.32396826e-06	5.047817e-09
2.32398685e-06	4.454258e-09
2.32400544e-06	2.372567e-09
2.32402404e-06	1.807577e-09
2.32404263e-06	2.433939e-09
2.32406122e-06	2.720199e-09
2.32407981e-06	4.477108e-09
2.32409840e-06	4.525587e-09
2.32411700e-06	5.389017e-09
2.32413559e-06	6.077750e-09
2.32415418e-06	6.500078e-09
2.32417278e-06	6.221107e-09
2.32419137e-06	5.526884e-09
2.32420996e-06	5.927430e-09
2.32422856e-06	6.116096e-09
2.32424715e-06	6.164513e-09
2.32426575e-06	5.076265e-09
2.32428434e-06	3.297338e-09
2.32430293e-06	4.205672e-09
2.32432153e-06	5.684093e-09
2.32434012e-06	4.434236e-09
2.32435872e-06	4.272232e-09
2.32437731e-06	4.622497e-09
2.32439591e-06	3.020090e-09
2.32441450e-06	2.484490e-09
2.32443310e-06	4.156947e-09
2.32445169e-06	5.387001e-09
2.32447029e-06	4.554614e-09
2.32448888e-06	5.648330e-09
2.32450748e-06	6.343336e-09
2.32452608e-06	4.942293e-09
2.32454467e-06	4.370615e-09
2.32456327e-06	4.983643e-09
2.32458187e-06	6.048521e-09
2.32460046e-06	6.223763e-09
2.32461906e-06	5.292316e-09
2.32463766e-06	6.123673e-09
2.32465625e-06	5.565694e-09
2.32467485e-06	3.743762e-09
2.32469345e-06	4.103496e-09
2.32471205e-06	5.548664e-09
2.32473064e-06	3.790057e-09
2.32474924e-06	3.224356e-09
2.32476784e-06	4.768216e-09
2.32478644e-06	4.248932e-09
2.32480504e-06	2.391711e-09
2.32482363e-06	2.578138e-09
2.32484223e-06	3.967736e-09
2.32486083e-06	3.199026e-09
2.32487943e-06	3.848395e-09
2.32489803e-06	3.794446e-09
2.32491663e-06	4.272544e-09
2.32493523e-06	5.643431e-09
2.32495383e-06	5.675923e-09
2.32497243e-06	5.797336e-09
2.32499103e-06	4.919380e-09
2.32500963e-06	5.314846e-09
2.32502823e-06	5.657114e-09
2.32504683e-06	6.107456e-09
2.32506543e-06	6.014080e-09
2.32508403e-06	5.498757e-09
2.32510263e-06	4.295438e-09
2.32512123e-06	3.334902e-09
2.32513983e-06	4.071865e-09
2.32515843e-06	3.602866e-09
2.32517703e-06	2.391375e-09
2.32519563e-06	2.265068e-09
2.32521424e-06	2.111638e-09
2.32523284e-06	2.428362e-09
2.32525144e-06	2.422770e-09
2.32527004e-06	2.664070e-09
2.32528864e-06	4.254096e-09
2.32530725e-06	4.514046e-09
2.32532585e-06	4.403864e-09
2.32534445e-06	4.864848e-09
2.32536305e-06	5.902778e-09
2.32538166e-06	6.219379e-09
2.32540026e-06	5.839975e-09
2.32541886e-06	5.341417e-09
2.32543747e-06	5.447469e-09
2.32545607e-06	5.134767e-09
2.32547467e-06	6.020678e-09
2.32549328e-06	5.398762e-09
2.32551188e-06	4.996688e-09
2.32553048e-06	5.081534e-09
2.32554909e-06	5.339469e-09
2.32556769e-06	5.411480e-09
2.32558630e-06	4.488921e-09
2.32560490e-06	3.811439e-09
2.32562351e-06	4.574850e-09
2.32564211e-06	5.166825e-09
2.32566072e-06	4.009356e-09
2.32567932e-06	4.909765e-09
2.32569793e-06	5.350296e-09
2.32571654e-06	3.956888e-09
2.32573514e-06	2.411431e-09
2.32575375e-06	2.715987e-09
2.32577235e-06	4.793802e-09
2.32579096e-06	5.417266e-09
2.32580956e-06	5.943057e-09
2.32582817e-06	5.431486e-09
2.32584678e-06	3.062288e-09
2.32586538e-06	2.689461e-09
2.32588399e-06	2.723153e-09
2.32590260e-06	4.264800e-09
2.32592121e-06	4.902846e-09
2.32593981e-06	4.652825e-09
2.32595842e-06	3.648868e-09
2.32597703e-06	3.255251e-09
2.32599564e-06	3.113261e-09
2.32601424e-06	4.855024e-09
2.32603285e-06	5.054395e-09
2.32605146e-06	4.654218e-09
2.32607007e-06	4.981763e-09
2.32608868e-06	3.771736e-09
2.32610729e-06	3.643555e-09
2.32612590e-06	4.006508e-09
2.32614450e-06	5.716072e-09
2.32616311e-06	5.572047e-09
2.32618172e-06	4.926931e-09
2.32620033e-06	5.356375e-09
2.32621894e-06	5.130703e-09
2.32623755e-06	4.432983e-09
2.32625616e-06	2.420639e-09
2.32627477e-06	2.488417e-09
2.32629338e-06	2.963130e-09
2.32631199e-06	2.414256e-09
2.32633060e-06	3.638495e-09
2.32634921e-06	3.806077e-09
2.32636782e-06	4.716773e-09
2.32638643e-06	4.958503e-09
2.32640505e-06	4.801198e-09
2.32642366e-06	4.773402e-09
2.32644227e-06	4.190852e-09
2.32646088e-06	5.052899e-09
2.32647949e-06	5.528372e-09
2.32649810e-06	5.778854e-09
2.32651671e-06	5.824882e-09
2.32653533e-06	6.655566e-09
2.32655394e-06	5.850021e-09
2.32657255e-06	6.000346e-09
2.32659116e-06	6.042308e-09
2.32660978e-06	5.317632e-09
2.32662839e-06	4.022232e-09
2.32664700e-06	3.840091e-09
2.32666562e-06	4.640427e-09
2.32668423e-06	3.801279e-09
2.32670284e-06	4.784835e-09
2.32672146e-06	4.274486e-09
2.32674007e-06	4.270215e-09
2.32675869e-06	4.629763e-09
2.32677730e-06	3.892064e-09
2.32679591e-06	2.535963e-09
2.32681453e-06	2.209479e-09
2.32683314e-06	2.591060e-09
2.32685176e-06	2.380857e-09
2.32687037e-06	3.684189e-09
2.32688899e-06	4.143520e-09
2.32690760e-06	4.356372e-09
2.32692622e-06	4.749111e-09
2.32694483e-06	4.103284e-09
2.32696345e-06	4.452259e-09
2.32698206e-06	5.134451e-09
2.32700068e-06	5.363853e-09
2.32701930e-06	4.944429e-09
2.32703791e-06	5.601927e-09
2.32705653e-06	6.271189e-09
2.32707514e-06	5.558981e-09
2.32709376e-06	4.510204e-09
2.32711238e-06	3.593920e-09
2.32713099e-06	2.690458e-09
2.32714961e-06	3.746024e-09
2.32716823e-06	4.993143e-09
2.32718685e-06	4.554860e-09
2.32720546e-06	5.580759e-09
2.32722408e-06	5.820274e-09
2.32724270e-06	5.017921e-09
2.32726132e-06	6.282497e-09
2.32727993e-06	5.492283e-09
2.32729855e-06	4.025924e-09
2.32731717e-06	4.464501e-09
2.32733579e-06	5.959439e-09
2.32735441e-06	6.342335e-09
2.32737303e-06	5.478118e-09
2.32739165e-06	4.880562e-09
2.32741027e-06	4.077218e-09
2.32742888e-06	2.384550e-09
2.32744750e-06	2.420720e-09
2.32746612e-06	3.928280e-09
2.32748474e-06	5.155677e-09
2.32750336e-06	5.746367e-09
2.32752198e-06	5.614113e-09
2.32754060e-06	5.818659e-09
2.32755922e-06	5.754865e-09
2.32757784e-06	6.256401e-09
2.32759646e-06	4.815886e-09
2.32761509e-06	3.245142e-09
2.32763371e-06	5.101123e-09
2.32765233e-06	6.298362e-09
2.32767095e-06	5.791503e-09
2.32768957e-06	5.679640e-09
2.32770819e-06	6.112540e-09
2.32772681e-06	5.920872e-09
2.32774544e-06	6.198502e-09
2.32776406e-06	6.337002e-09
2.32778268e-06	6.251132e-09
2.32780130e-06	5.825819e-09
2.32781992e-06	4.725692e-09
2.32783855e-06	2.124640e-09
2.32785717e-06	1.881860e-09
2.32787579e-06	2.829945e-09
2.32789442e-06	4.107212e-09
2.32791304e-06	3.197001e-09
2.32793166e-06	3.389983e-09
2.32795028e-06	2.254944e-09
2.32796891e-06	1.983180e-09
2.32798753e-06	4.490690e-09
2.32800616e-06	5.482452e-09
2.32802478e-06	5.702271e-09
2.32804340e-06	5.068797e-09
2.32806203e-06	3.760927e-09
2.32808065e-06	2.302887e-09
2.32809928e-06	2.407767e-09
2.32811790e-06	3.883290e-09
2.32813653e-06	4.353734e-09
2.32815515e-06	4.821651e-09
2.32817378e-06	5.774917e-09
2.32819240e-06	5.163624e-09
2.32821103e-06	5.083937e-09
2.32822965e-06	4.584379e-09
2.32824828e-06	5.343045e-09
2.32826691e-06	5.802423e-09
2.32828553e-06	5.207304e-09
2.32830416e-06	3.618798e-09
2.32832279e-06	3.856487e-09
2.32834141e-06	5.071826e-09
2.32836004e-06	5.379254e-09
2.32837867e-06	4.987894e-09
2.32839729e-06	3.262955e-09
2.32841592e-06	2.215418e-09
2.32843455e-06	3.475658e-09
2.32845317e-06	2.810389e-09
2.32847180e-06	1.915329e-09
2.32849043e-06	2.372144e-09
2.32850906e-06	2.164609e-09
2.32852769e-06	3.462855e-09
2.32854631e-06	4.008132e-09
2.32856494e-06	4.947789e-09
2.32858357e-06	5.606540e-09
2.32860220e-06	5.585282e-09
2.32862083e-06	5.114991e-09
2.32863946e-06	4.052460e-09
2.32865809e-06	3.799178e-09
2.32867672e-06	4.127647e-09
2.32869535e-06	4.348396e-09
2.32871397e-06	2.246970e-09
2.32873260e-06	3.272450e-09
2.32875123e-06	3.967277e-09
2.32876987e-06	2.367156e-09
2.32878849e-06	2.401475e-09
2.32880712e-06	3.354812e-09
2.32882576e-06	3.951356e-09
2.32884439e-06	5.325977e-09
2.32886302e-06	5.706844e-09
2.32888165e-06	4.840506e-09
2.32890028e-06	4.461537e-09
2.32891891e-06	4.486411e-09
2.32893754e-06	4.533440e-09
2.32895617e-06	4.968563e-09
2.32897481e-06	5.583328e-09
2.32899344e-06	4.631404e-09
2.32901207e-06	4.519292e-09
2.32903070e-06	5.692197e-09
2.32904933e-06	5.707092e-09
2.32906797e-06	4.876088e-09
2.32908660e-06	3.110947e-09
2.32910523e-06	4.091618e-09
2.32912386e-06	6.018672e-09
2.32914250e-06	6.048316e-09
2.32916113e-06	5.573242e-09
2.32917976e-06	4.412585e-09
2.32919840e-06	2.128991e-09
2.32921703e-06	2.172757e-09
2.32923566e-06	4.972193e-09
2.32925430e-06	6.077490e-09
2.32927293e-06	5.865802e-09
2.32929157e-06	6.169514e-09
2.32931020e-06	6.704055e-09
2.32932883e-06	6.518848e-09
2.32934747e-06	5.594123e-09
2.32936610e-06	4.837460e-09
2.32938474e-06	4.307663e-09
2.32940337e-06	5.256287e-09
2.32942201e-06	4.722255e-09
2.32944065e-06	5.228149e-09
2.32945928e-06	4.360504e-09
2.32947792e-06	3.281204e-09
2.32949655e-06	2.285161e-09
2.32951519e-06	2.445852e-09
2.32953382e-06	3.637493e-09
2.32955246e-06	4.838143e-09
2.32957110e-06	5.530514e-09
2.32958973e-06	6.165156e-09
2.32960837e-06	6.589374e-09
2.32962701e-06	6.436133e-09
2.32964564e-06	5.694504e-09
2.32966428e-06	6.502292e-09
2.32968292e-06	7.031676e-09
2.32970156e-06	7.387186e-09
2.32972019e-06	7.334692e-09
2.32973883e-06	6.976741e-09
2.32975747e-06	6.216936e-09
2.32977611e-06	6.001147e-09
2.32979475e-06	4.426893e-09
2.32981338e-06	4.658660e-09
2.32983202e-06	6.347631e-09
2.32985066e-06	5.998515e-09
2.32986930e-06	4.963051e-09
2.32988794e-06	6.052904e-09
2.32990658e-06	5.956407e-09
2.32992522e-06	5.074339e-09
2.32994386e-06	4.979906e-09
2.32996250e-06	4.613332e-09
2.32998113e-06	5.301299e-09
2.32999977e-06	5.238953e-09
2.33001842e-06	2.884290e-09
2.33003706e-06	2.374379e-09
2.33005570e-06	4.732843e-09
2.33007434e-06	5.047516e-09
2.33009298e-06	3.990055e-09
2.33011162e-06	3.830239e-09
2.33013026e-06	3.962579e-09
2.33014890e-06	3.558228e-09
2.33016754e-06	2.186432e-09
2.33018618e-06	2.434600e-09
2.33020482e-06	1.787129e-09
2.33022347e-06	3.107879e-09
2.33024211e-06	3.545262e-09
2.33026075e-06	2.772601e-09
2.33027939e-06	2.517693e-09
2.33029803e-06	2.247978e-09
2.33031667e-06	4.213730e-09
2.33033532e-06	4.913245e-09
2.33035396e-06	5.212901e-09
2.33037260e-06	4.892188e-09
2.33039125e-06	3.213352e-09
2.33040989e-06	3.873854e-09
2.33042853e-06	5.174410e-09
2.33044718e-06	3.810803e-09
2.33046582e-06	2.901430e-09
2.33048446e-06	3.914878e-09
2.33050311e-06	3.955512e-09
2.33052175e-06	1.881040e-09
2.33054040e-06	1.994520e-09
2.33055904e-06	4.134966e-09
2.33057768e-06	3.281854e-09
2.33059633e-06	1.738784e-09
2.33061497e-06	2.658310e-09
2.33063362e-06	2.970079e-09
2.33065226e-06	2.955906e-09
2.33067091e-06	3.077605e-09
2.33068955e-06	3.415275e-09
2.33070820e-06	2.368461e-09
2.33072685e-06	3.678886e-09
2.33074549e-06	2.837681e-09
2.33076414e-06	4.011476e-09
2.33078278e-06	4.481031e-09
2.33080143e-06	3.683596e-09
2.33082008e-06	5.050190e-09
2.33083872e-06	5.747669e-09
2.33085737e-06	5.905731e-09
2.33087602e-06	5.399760e-09
2.33089466e-06	4.969873e-09
2.33091331e-06	5.572645e-09
2.33093196e-06	5.287269e-09
2.33095061e-06	4.826582e-09
2.33096925e-06	5.204140e-09
2.33098790e-06	4.673186e-09
2.33100655e-06	4.539035e-09
2.33102520e-06	3.459807e-09
2.33104384e-06	4.285245e-09
2.33106249e-06	4.409645e-09
2.33108114e-06	2.357378e-09
2.33109979e-06	2.425769e-09
2.33111844e-06	3.295130e-09
2.33113709e-06	4.417645e-09
2.33115574e-06	4.013008e-09
2.33117439e-06	3.723401e-09
2.33119304e-06	3.238299e-09
2.33121169e-06	1.745841e-09
2.33123033e-06	2.284012e-09
2.33124898e-06	3.601980e-09
2.33126763e-06	4.012893e-09
2.33128629e-06	5.478384e-09
2.33130493e-06	5.209176e-09
2.33132359e-06	5.199046e-09
2.33134224e-06	6.041887e-09
2.33136089e-06	5.499560e-09
2.33137954e-06	3.790675e-09
2.33139819e-06	4.640169e-09
2.33141684e-06	5.437010e-09
2.33143549e-06	5.211792e-09
2.33145414e-06	5.006535e-09
2.33147280e-06	5.825186e-09
2.33149145e-06	5.542627e-09
2.33151010e-06	5.371751e-09
2.33152875e-06	4.910574e-09
2.33154740e-06	3.522806e-09
2.33156606e-06	4.374978e-09
2.33158471e-06	4.176852e-09
2.33160336e-06	2.885517e-09
2.33162201e-06	3.539873e-09
2.33164067e-06	2.442757e-09
2.33165932e-06	2.081282e-09
2.33167797e-06	5.042254e-09
2.33169663e-06	5.437659e-09
2.33171528e-06	3.815093e-09
2.33173393e-06	2.629534e-09
2.33175259e-06	4.821939e-09
2.33177124e-06	4.581451e-09
2.33178990e-06	3.707613e-09
2.33180855e-06	4.778929e-09
2.33182720e-06	4.678280e-09
2.33184586e-06	4.855659e-09
2.33186451e-06	3.998828e-09
2.33188317e-06	3.611539e-09
2.33190182e-06	2.731535e-09
2.33192048e-06	2.005173e-09
2.33193913e-06	2.595034e-09
2.33195779e-06	2.358976e-09
2.33197644e-06	2.946308e-09
2.33199510e-06	3.569656e-09
2.33201376e-06	4.079073e-09
2.33203241e-06	5.177065e-09
2.33205107e-06	5.522154e-09
2.33206973e-06	5.477433e-09
2.33208838e-06	5.606234e-09
2.33210704e-06	4.413699e-09
2.33212570e-06	5.196996e-09
2.33214435e-06	5.752021e-09
2.33216301e-06	5.427829e-09
2.33218167e-06	5.694887e-09
2.33220033e-06	5.964219e-09
2.33221898e-06	4.492749e-09
2.33223764e-06	4.204603e-09
2.33225630e-06	3.466289e-09
2.33227496e-06	4.838645e-09
2.33229361e-06	6.192604e-09
2.33231227e-06	6.818800e-09
2.33233093e-06	6.445726e-09
2.33234959e-06	6.512860e-09
2.33236825e-06	6.259670e-09
2.33238691e-06	4.631219e-09
2.33240557e-06	4.171785e-09
2.33242423e-06	5.744019e-09
2.33244288e-06	6.101752e-09
2.33246154e-06	4.935729e-09
2.33248020e-06	4.091698e-09
2.33249886e-06	4.699946e-09
2.33251752e-06	5.917183e-09
2.33253618e-06	5.840959e-09
2.33255485e-06	3.638416e-09
2.33257350e-06	3.383824e-09
2.33259217e-06	4.895659e-09
2.33261083e-06	5.216611e-09
2.33262949e-06	6.335426e-09
2.33264815e-06	6.374005e-09
2.33266681e-06	5.829637e-09
2.33268547e-06	6.544143e-09
2.33270413e-06	6.373800e-09
2.33272279e-06	5.396626e-09
2.33274146e-06	4.338544e-09
2.33276012e-06	4.821380e-09
2.33277878e-06	4.281884e-09
2.33279744e-06	4.210300e-09
2.33281610e-06	3.791468e-09
2.33283477e-06	2.287700e-09
2.33285343e-06	2.358288e-09
2.33287209e-06	3.385208e-09
2.33289075e-06	2.169620e-09
2.33290942e-06	1.842755e-09
2.33292808e-06	3.789818e-09
2.33294675e-06	5.002411e-09
2.33296541e-06	5.524852e-09
2.33298407e-06	5.120152e-09
2.33300274e-06	5.268082e-09
2.33302140e-06	6.244685e-09
2.33304006e-06	5.893251e-09
2.33305873e-06	5.653310e-09
2.33307739e-06	5.769683e-09
2.33309606e-06	5.684047e-09
2.33311472e-06	5.021649e-09
2.33313339e-06	5.236787e-09
2.33315205e-06	4.236093e-09
2.33317072e-06	3.450484e-09
2.33318938e-06	5.107100e-09
2.33320805e-06	5.512367e-09
2.33322671e-06	4.013616e-09
2.33324538e-06	3.634854e-09
2.33326405e-06	4.704214e-09
2.33328271e-06	3.777458e-09
2.33330138e-06	5.320241e-09
2.33332004e-06	5.835652e-09
2.33333871e-06	5.800193e-09
2.33335738e-06	5.233713e-09
2.33337604e-06	4.514040e-09
2.33339471e-06	4.939493e-09
2.33341338e-06	4.780115e-09
2.33343205e-06	6.168121e-09
2.33345071e-06	6.350563e-09
2.33346938e-06	6.342098e-09
2.33348805e-06	5.770672e-09
2.33350672e-06	4.663098e-09
2.33352538e-06	3.615007e-09
2.33354405e-06	4.020209e-09
2.33356272e-06	3.347478e-09
2.33358139e-06	2.304136e-09
2.33360006e-06	4.555984e-09
2.33361873e-06	5.316393e-09
2.33363740e-06	4.716287e-09
2.33365607e-06	4.451535e-09
2.33367473e-06	3.925106e-09
2.33369340e-06	2.325510e-09
2.33371207e-06	2.269608e-09
2.33373074e-06	2.004263e-09
2.33374941e-06	2.905184e-09
2.33376808e-06	2.333648e-09
2.33378675e-06	2.470799e-09
2.33380542e-06	3.110898e-09
2.33382410e-06	4.582874e-09
2.33384277e-06	4.778972e-09
2.33386144e-06	5.257340e-09
2.33388011e-06	5.861916e-09
2.33389878e-06	5.596171e-09
2.33391745e-06	5.784516e-09
2.33393612e-06	5.164910e-09
2.33395479e-06	3.994138e-09
2.33397346e-06	5.526545e-09
2.33399213e-06	6.677885e-09
2.33401081e-06	6.494713e-09
2.33402948e-06	6.025875e-09
2.33404815e-06	5.646174e-09
2.33406682e-06	5.995453e-09
2.33408550e-06	6.624091e-09
2.33410417e-06	6.476564e-09
2.33412284e-06	5.165492e-09
2.33414152e-06	2.699161e-09
2.33416019e-06	1.965266e-09
2.33417886e-06	3.715561e-09
2.33419754e-06	3.423020e-09
2.33421621e-06	3.286133e-09
2.33423488e-06	4.547120e-09
2.33425356e-06	5.124848e-09
2.33427223e-06	5.039014e-09
2.33429090e-06	4.100298e-09
2.33430958e-06	2.794011e-09
2.33432825e-06	3.526310e-09
2.33434693e-06	3.929631e-09
2.33436560e-06	4.437000e-09
2.33438428e-06	5.461104e-09
2.33440295e-06	5.897234e-09
2.33442163e-06	4.448288e-09
2.33444030e-06	3.121205e-09
2.33445898e-06	4.033643e-09
2.33447765e-06	4.555810e-09
2.33449633e-06	4.922887e-09
2.33451501e-06	3.970722e-09
2.33453368e-06	4.639271e-09
2.33455236e-06	5.362586e-09
2.33457104e-06	4.659147e-09
2.33458971e-06	5.602243e-09
2.33460839e-06	5.782017e-09
2.33462706e-06	4.013103e-09
2.33464574e-06	3.851017e-09
2.33466442e-06	5.016549e-09
2.33468310e-06	5.583675e-09
2.33470177e-06	5.114206e-09
2.33472045e-06	4.346207e-09
2.33473913e-06	2.703793e-09
2.33475781e-06	2.515471e-09
2.33477648e-06	2.023425e-09
2.33479516e-06	2.860320e-09
2.33481384e-06	3.724093e-09
2.33483252e-06	3.442401e-09
2.33485120e-06	3.572406e-09
2.33486988e-06	3.352137e-09
2.33488856e-06	4.040370e-09
2.33490724e-06	5.914116e-09
2.33492591e-06	6.439697e-09
2.33494460e-06	6.204015e-09
2.33496327e-06	5.580050e-09
2.33498195e-06	3.411947e-09
2.33500063e-06	3.896353e-09
2.33501931e-06	6.081662e-09
2.33503799e-06	6.438125e-09
2.33505667e-06	6.502923e-09
2.33507535e-06	6.160033e-09
2.33509404e-06	4.484610e-09
2.33511272e-06	2.045496e-09
2.33513140e-06	1.928957e-09
2.33515008e-06	4.400859e-09
2.33516876e-06	5.034025e-09
2.33518744e-06	3.944485e-09
2.33520612e-06	4.256605e-09
2.33522480e-06	4.902885e-09
2.33524348e-06	3.928267e-09
2.33526217e-06	3.863387e-09
2.33528085e-06	4.774161e-09
2.33529953e-06	5.057753e-09
2.33531821e-06	4.794449e-09
2.33533690e-06	4.421392e-09
2.33535558e-06	4.576786e-09
2.33537426e-06	3.389123e-09
2.33539294e-06	3.181507e-09
2.33541163e-06	4.866683e-09
2.33543031e-06	5.217464e-09
2.33544900e-06	5.245532e-09
2.33546768e-06	4.893727e-09
2.33548636e-06	4.584240e-09
2.33550505e-06	3.850012e-09
2.33552373e-06	2.029881e-09
2.33554242e-06	2.308349e-09
2.33556110e-06	1.760356e-09
2.33557978e-06	3.574557e-09
2.33559847e-06	4.376892e-09
2.33561715e-06	4.373122e-09
2.33563584e-06	4.061304e-09
2.33565452e-06	2.964181e-09
2.33567321e-06	1.929162e-09
2.33569189e-06	3.330855e-09
2.33571058e-06	3.565099e-09
2.33572927e-06	3.302265e-09
2.33574795e-06	3.123694e-09
2.33576664e-06	2.175979e-09
2.33578532e-06	2.450721e-09
2.33580401e-06	3.402904e-09
2.33582269e-06	4.336221e-09
2.33584138e-06	5.201063e-09
2.33586007e-06	5.736849e-09
2.33587876e-06	5.418907e-09
2.33589744e-06	4.191090e-09
2.33591613e-06	4.201435e-09
2.33593482e-06	5.807296e-09
2.33595350e-06	5.706809e-09
2.33597219e-06	4.377829e-09
2.33599088e-06	4.897100e-09
2.33600957e-06	5.531292e-09
2.33602826e-06	5.585432e-09
2.33604694e-06	5.847260e-09
2.33606563e-06	6.502759e-09
2.33608432e-06	6.999934e-09
2.33610301e-06	7.180506e-09
2.33612170e-06	7.270802e-09
2.33614039e-06	6.805727e-09
2.33615908e-06	6.203063e-09
2.33617777e-06	6.245639e-09
2.33619646e-06	5.498480e-09
2.33621514e-06	5.554616e-09
2.33623383e-06	6.379898e-09
2.33625253e-06	5.703541e-09
2.33627121e-06	5.344238e-09
2.33628990e-06	4.958643e-09
2.33630860e-06	5.349542e-09
2.33632729e-06	4.166844e-09
2.33634598e-06	2.707071e-09
2.33636467e-06	3.117937e-09
2.33638336e-06	5.188184e-09
2.33640205e-06	4.917276e-09
2.33642074e-06	4.973185e-09
2.33643943e-06	5.969653e-09
2.33645812e-06	4.897212e-09
2.33647681e-06	5.927106e-09
2.33649551e-06	5.988000e-09
2.33651420e-06	5.913385e-09
2.33653289e-06	6.789377e-09
2.33655158e-06	6.084854e-09
2.33657028e-06	5.045456e-09
2.33658897e-06	6.057235e-09
2.33660766e-06	5.566148e-09
2.33662635e-06	5.268285e-09
2.33664505e-06	5.486540e-09
2.33666374e-06	5.674288e-09
2.33668243e-06	5.048913e-09
2.33670113e-06	3.143033e-09
2.33671982e-06	2.772733e-09
2.33673851e-06	3.606097e-09
2.33675721e-06	3.545544e-09
2.33677590e-06	4.627698e-09
2.33679460e-06	4.645242e-09
2.33681329e-06	3.279124e-09
2.33683198e-06	2.430919e-09
2.33685068e-06	2.243098e-09
2.33686937e-06	3.569975e-09
2.33688807e-06	3.951892e-09
2.33690676e-06	3.837743e-09
2.33692546e-06	4.103297e-09
2.33694415e-06	4.155032e-09
2.33696285e-06	4.497218e-09
2.33698155e-06	2.913796e-09
2.33700024e-06	3.364118e-09
2.33701894e-06	4.514847e-09
2.33703763e-06	5.063105e-09
2.33705633e-06	4.781396e-09
2.33707503e-06	5.346009e-09
2.33709372e-06	5.656932e-09
2.33711242e-06	5.661252e-09
2.33713112e-06	5.756489e-09
2.33714981e-06	5.041988e-09
2.33716851e-06	5.553391e-09
2.33718721e-06	6.421301e-09
2.33720591e-06	5.076668e-09
2.33722460e-06	4.343432e-09
2.33724330e-06	5.035142e-09
2.33726200e-06	4.904725e-09
2.33728070e-06	3.636674e-09
2.33729940e-06	3.641455e-09
2.33731809e-06	5.013139e-09
2.33733679e-06	5.217911e-09
2.33735549e-06	4.875080e-09
2.33737419e-06	4.062046e-09
2.33739289e-06	2.051097e-09
2.33741159e-06	2.266176e-09
2.33743029e-06	1.698639e-09
2.33744899e-06	3.768295e-09
2.33746769e-06	4.592487e-09
2.33748639e-06	4.301390e-09
2.33750509e-06	4.756852e-09
2.33752379e-06	5.302857e-09
2.33754249e-06	5.384796e-09
2.33756119e-06	5.402818e-09
2.33757989e-06	6.447660e-09
2.33759859e-06	6.527202e-09
2.33761729e-06	5.723984e-09
2.33763599e-06	4.448958e-09
2.33765469e-06	5.715724e-09
2.33767339e-06	5.690779e-09
2.33769209e-06	5.437868e-09
2.33771079e-06	4.863583e-09
2.33772950e-06	3.726326e-09
2.33774820e-06	2.511902e-09
2.33776690e-06	3.847001e-09
2.33778560e-06	5.299308e-09
2.33780431e-06	5.608140e-09
2.33782301e-06	5.701052e-09
2.33784171e-06	5.230466e-09
2.33786041e-06	5.320165e-09
2.33787912e-06	5.284336e-09
2.33789782e-06	4.448238e-09
2.33791652e-06	2.869835e-09
2.33793523e-06	2.433528e-09
2.33795393e-06	2.181724e-09
2.33797263e-06	3.202590e-09
2.33799134e-06	4.435098e-09
2.33801004e-06	5.104075e-09
2.33802874e-06	4.818026e-09
2.33804745e-06	4.249922e-09
2.33806615e-06	5.258710e-09
2.33808486e-06	5.295780e-09
2.33810356e-06	5.744730e-09
2.33812227e-06	4.940814e-09
2.33814097e-06	5.169626e-09
2.33815968e-06	5.327325e-09
2.33817838e-06	4.633167e-09
2.33819709e-06	3.837703e-09
2.33821579e-06	4.158918e-09
2.33823450e-06	2.410844e-09
2.33825321e-06	4.460174e-09
2.33827191e-06	5.000531e-09
2.33829062e-06	5.002441e-09
2.33830932e-06	4.726410e-09
2.33832803e-06	3.316830e-09
2.33834674e-06	3.334778e-09
2.33836544e-06	5.372541e-09
2.33838415e-06	5.268273e-09
2.33840286e-06	5.935518e-09
2.33842156e-06	5.740221e-09
2.33844027e-06	4.453699e-09
2.33845898e-06	2.902253e-09
2.33847769e-06	4.072230e-09
2.33849639e-06	5.034401e-09
2.33851510e-06	5.112902e-09
2.33853381e-06	4.248857e-09
2.33855252e-06	4.971378e-09
2.33857123e-06	4.821433e-09
2.33858994e-06	3.968954e-09
2.33860864e-06	4.350677e-09
2.33862735e-06	5.514255e-09
2.33864606e-06	5.362150e-09
2.33866477e-06	5.076061e-09
2.33868348e-06	4.033324e-09
2.33870219e-06	3.777794e-09
2.33872090e-06	2.486877e-09
2.33873961e-06	2.292197e-09
2.33875832e-06	3.421776e-09
2.33877703e-06	3.910969e-09
2.33879574e-06	5.481942e-09
2.33881445e-06	5.859354e-09
2.33883316e-06	6.269390e-09
2.33885187e-06	6.348916e-09
2.33887058e-06	4.671837e-09
2.33888929e-06	5.139681e-09
2.33890800e-06	5.160486e-09
2.33892672e-06	4.658342e-09
2.33894543e-06	3.224742e-09
2.33896414e-06	3.004499e-09
2.33898285e-06	4.789218e-09
2.33900156e-06	4.920602e-09
2.33902027e-06	4.576656e-09
2.33903899e-06	4.222598e-09
2.33905770e-06	3.102298e-09
2.33907641e-06	2.451972e-09
2.33909512e-06	2.169878e-09
2.33911384e-06	3.585888e-09
2.33913255e-06	4.649080e-09
2.33915126e-06	4.822126e-09
2.33916998e-06	4.716165e-09
2.33918869e-06	3.493961e-09
2.33920740e-06	3.841929e-09
2.33922612e-06	4.501424e-09
2.33924483e-06	4.952418e-09
2.33926354e-06	5.101230e-09
2.33928226e-06	3.931863e-09
2.33930097e-06	2.398435e-09
2.33931969e-06	2.174097e-09
2.33933840e-06	1.818099e-09
2.33935712e-06	3.809341e-09
2.33937583e-06	4.804147e-09
2.33939455e-06	5.114223e-09
2.33941326e-06	5.508099e-09
2.33943198e-06	5.504822e-09
2.33945069e-06	4.662912e-09
2.33946941e-06	3.050903e-09
2.33948812e-06	3.746172e-09
2.33950684e-06	5.505365e-09
2.33952556e-06	6.108916e-09
2.33954427e-06	6.078561e-09
2.33956299e-06	5.338437e-09
2.33958171e-06	4.823128e-09
2.33960042e-06	2.992465e-09
2.33961914e-06	2.709425e-09
2.33963785e-06	4.438548e-09
2.33965657e-06	3.540183e-09
2.33967529e-06	3.079893e-09
2.33969401e-06	5.519248e-09
2.33971272e-06	5.653185e-09
2.33973144e-06	4.639909e-09
2.33975016e-06	3.722735e-09
2.33976888e-06	4.910602e-09
2.33978760e-06	5.218018e-09
2.33980631e-06	5.128006e-09
2.33982503e-06	5.760723e-09
2.33984375e-06	5.040584e-09
2.33986247e-06	2.762698e-09
2.33988119e-06	1.795629e-09
2.33989991e-06	1.747455e-09
2.33991863e-06	3.221574e-09
2.33993735e-06	5.277164e-09
2.33995607e-06	4.827541e-09
2.33997479e-06	5.864683e-09
2.33999351e-06	6.089206e-09
2.34001223e-06	4.907216e-09
2.34003095e-06	3.051077e-09
2.34004967e-06	3.170926e-09
2.34006839e-06	3.293612e-09
2.34008711e-06	3.977469e-09
2.34010583e-06	5.156638e-09
2.34012455e-06	3.734412e-09
2.34014327e-06	4.494372e-09
2.34016199e-06	3.808268e-09
2.34018071e-06	4.109364e-09
2.34019943e-06	4.732652e-09
2.34021815e-06	4.787377e-09
2.34023688e-06	3.694500e-09
2.34025560e-06	2.227711e-09
2.34027432e-06	2.375902e-09
2.34029304e-06	2.658262e-09
2.34031177e-06	4.012606e-09
2.34033049e-06	4.653917e-09
2.34034921e-06	3.432505e-09
2.34036793e-06	2.459120e-09
2.34038666e-06	2.703449e-09
2.34040538e-06	2.698901e-09
2.34042410e-06	2.627026e-09
2.34044283e-06	2.354669e-09
2.34046155e-06	4.519103e-09
2.34048027e-06	5.518897e-09
2.34049900e-06	5.124114e-09
2.34051772e-06	2.640662e-09
2.34053644e-06	3.005355e-09
2.34055517e-06	4.209975e-09
2.34057389e-06	3.268698e-09
2.34059262e-06	3.947931e-09
2.34061134e-06	3.478299e-09
2.34063007e-06	3.194380e-09
2.34064879e-06	4.663833e-09
2.34066752e-06	3.658532e-09
2.34068624e-06	4.589849e-09
2.34070497e-06	6.442443e-09
2.34072369e-06	6.508613e-09
2.34074242e-06	6.514990e-09
2.34076115e-06	6.579740e-09
2.34077987e-06	5.396983e-09
2.34079860e-06	6.089937e-09
2.34081733e-06	5.661344e-09
2.34083605e-06	4.982005e-09
2.34085478e-06	5.788515e-09
2.34087350e-06	5.554596e-09
2.34089223e-06	5.458886e-09
2.34091096e-06	5.750249e-09
2.34092969e-06	5.522462e-09
2.34094841e-06	6.508697e-09
2.34096714e-06	5.992947e-09
2.34098587e-06	5.589497e-09
2.34100460e-06	5.515885e-09
2.34102333e-06	5.296089e-09
2.34104205e-06	4.526039e-09
2.34106078e-06	2.587360e-09
2.34107951e-06	1.957624e-09
2.34109824e-06	3.004065e-09
2.34111697e-06	4.001536e-09
2.34113570e-06	2.606578e-09
2.34115443e-06	1.733212e-09
2.34117315e-06	3.211878e-09
2.34119188e-06	4.852413e-09
2.34121061e-06	4.801203e-09
2.34122934e-06	4.391460e-09
2.34124807e-06	3.432710e-09
2.34126680e-06	1.865313e-09
2.34128553e-06	1.828930e-09
2.34130426e-06	3.744786e-09
2.34132299e-06	4.699013e-09
2.34134172e-06	3.433943e-09
2.34136045e-06	2.055845e-09
2.34137919e-06	4.077500e-09
2.34139792e-06	5.074367e-09
2.34141665e-06	4.708262e-09
2.34143538e-06	4.373449e-09
2.34145411e-06	3.460614e-09
2.34147284e-06	2.415291e-09
2.34149158e-06	2.548759e-09
2.34151031e-06	2.340189e-09
2.34152904e-06	3.882452e-09
2.34154777e-06	3.761851e-09
2.34156650e-06	4.337249e-09
2.34158524e-06	4.867969e-09
2.34160397e-06	5.746970e-09
2.34162270e-06	5.869465e-09
2.34164143e-06	5.938172e-09
2.34166017e-06	5.575203e-09
2.34167890e-06	4.405717e-09
2.34169763e-06	2.590858e-09
2.34171637e-06	2.548774e-09
2.34173510e-06	4.133843e-09
2.34175384e-06	4.987347e-09
2.34177257e-06	5.916953e-09
2.34179130e-06	5.470961e-09
2.34181004e-06	6.062097e-09
2.34182877e-06	5.903093e-09
2.34184751e-06	4.375881e-09
2.34186624e-06	3.043540e-09
2.34188498e-06	2.561409e-09
2.34190371e-06	4.389746e-09
2.34192245e-06	4.064524e-09
2.34194118e-06	3.322187e-09
2.34195992e-06	3.940949e-09
2.34197865e-06	4.641597e-09
2.34199739e-06	4.968336e-09
2.34201613e-06	4.321864e-09
2.34203486e-06	2.061223e-09
2.34205360e-06	1.795417e-09
2.34207233e-06	2.971469e-09
2.34209107e-06	4.325148e-09
2.34210981e-06	5.560540e-09
2.34212855e-06	5.995101e-09
2.34214728e-06	5.292741e-09
2.34216602e-06	4.350565e-09
2.34218476e-06	4.774556e-09
2.34220349e-06	6.079993e-09
2.34222223e-06	6.726270e-09
2.34224097e-06	6.840077e-09
2.34225971e-06	6.950174e-09
2.34227844e-06	7.283036e-09
2.34229718e-06	7.490530e-09
2.34231592e-06	6.739631e-09
2.34233466e-06	6.119753e-09
2.34235340e-06	6.724677e-09
2.34237214e-06	5.776774e-09
2.34239088e-06	5.330441e-09
2.34240962e-06	5.595337e-09
2.34242835e-06	5.343448e-09
2.34244709e-06	3.110380e-09
2.34246583e-06	4.233993e-09
2.34248457e-06	6.055205e-09
2.34250331e-06	6.583242e-09
2.34252205e-06	6.515491e-09
2.34254079e-06	4.762572e-09
2.34255953e-06	3.768883e-09
2.34257827e-06	4.435107e-09
2.34259702e-06	4.322876e-09
2.34261576e-06	4.996993e-09
2.34263450e-06	5.893953e-09
2.34265324e-06	5.981061e-09
2.34267198e-06	5.109280e-09
2.34269072e-06	4.308529e-09
2.34270946e-06	4.783855e-09
2.34272820e-06	3.649695e-09
2.34274695e-06	2.119904e-09
2.34276569e-06	2.401979e-09
2.34278443e-06	2.965402e-09
2.34280317e-06	4.393014e-09
2.34282191e-06	4.983645e-09
2.34284066e-06	4.027869e-09
2.34285940e-06	3.823281e-09
2.34287814e-06	4.423324e-09
2.34289689e-06	4.956424e-09
2.34291563e-06	5.701774e-09
2.34293437e-06	6.052012e-09
2.34295312e-06	6.120211e-09
2.34297186e-06	5.597796e-09
2.34299060e-06	4.830381e-09
2.34300935e-06	5.668617e-09
2.34302809e-06	6.419145e-09
2.34304684e-06	5.629850e-09
2.34306558e-06	4.685925e-09
2.34308432e-06	5.657376e-09
2.34310307e-06	6.139338e-09
2.34312181e-06	5.968125e-09
2.34314056e-06	5.854306e-09
2.34315930e-06	4.138274e-09
2.34317805e-06	4.855069e-09
2.34319679e-06	5.448852e-09
2.34321554e-06	4.381065e-09
2.34323429e-06	2.847985e-09
2.34325303e-06	2.042648e-09
2.34327178e-06	1.998194e-09
2.34329052e-06	2.864854e-09
2.34330927e-06	4.191844e-09
2.34332802e-06	5.366041e-09
2.34334676e-06	6.270114e-09
2.34336551e-06	6.172031e-09
2.34338426e-06	4.916861e-09
2.34340300e-06	5.486615e-09
2.34342175e-06	4.847353e-09
2.34344050e-06	4.740831e-09
2.34345925e-06	4.612054e-09
2.34347799e-06	3.122439e-09
2.34349674e-06	2.674560e-09
2.34351549e-06	4.387435e-09
2.34353424e-06	5.277063e-09
2.34355299e-06	5.285817e-09
2.34357173e-06	5.222287e-09
2.34359048e-06	4.246013e-09
2.34360923e-06	2.555987e-09
2.34362798e-06	2.194502e-09
2.34364673e-06	4.053977e-09
2.34366548e-06	3.008716e-09
2.34368423e-06	1.864614e-09
2.34370298e-06	2.622816e-09
2.34372173e-06	3.869070e-09
2.34374048e-06	5.519822e-09
2.34375923e-06	5.145611e-09
2.34377798e-06	5.170819e-09
2.34379673e-06	5.408822e-09
2.34381548e-06	3.442300e-09
2.34383423e-06	2.680639e-09
2.34385298e-06	3.957572e-09
2.34387173e-06	4.546194e-09
2.34389048e-06	5.698836e-09
2.34390923e-06	5.230573e-09
2.34392798e-06	5.094292e-09
2.34394673e-06	6.022510e-09
2.34396549e-06	5.548759e-09
2.34398424e-06	4.152366e-09
2.34400299e-06	4.756432e-09
2.34402174e-06	3.762354e-09
2.34404049e-06	3.022926e-09
2.34405925e-06	2.320415e-09
2.34407800e-06	2.206412e-09
2.34409675e-06	3.389706e-09
2.34411550e-06	4.330252e-09
2.34413426e-06	4.347994e-09
2.34415301e-06	5.018249e-09
2.34417176e-06	5.722913e-09
2.34419052e-06	5.860658e-09
2.34420927e-06	5.564260e-09
2.34422802e-06	5.634467e-09
2.34424678e-06	5.843900e-09
2.34426553e-06	6.162255e-09
2.34428429e-06	4.780005e-09
2.34430304e-06	4.627468e-09
2.34432179e-06	3.833995e-09
2.34434055e-06	4.637627e-09
2.34435930e-06	5.625214e-09
2.34437806e-06	5.489076e-09
2.34439681e-06	4.908357e-09
2.34441557e-06	4.662263e-09
2.34443432e-06	4.415829e-09
2.34445308e-06	2.577317e-09
2.34447183e-06	2.877421e-09
2.34449059e-06	4.031841e-09
2.34450935e-06	3.293586e-09
2.34452810e-06	4.109339e-09
2.34454686e-06	4.676819e-09
2.34456562e-06	4.131380e-09
2.34458437e-06	4.414714e-09
2.34460313e-06	5.342048e-09
2.34462189e-06	5.528607e-09
2.34464064e-06	4.951496e-09
2.34465940e-06	4.392990e-09
2.34467816e-06	3.211472e-09
2.34469691e-06	1.907733e-09
2.34471567e-06	1.906126e-09
2.34473443e-06	3.092877e-09
2.34475319e-06	3.779985e-09
2.34477195e-06	2.905591e-09
2.34479070e-06	1.882697e-09
2.34480946e-06	2.102321e-09
2.34482822e-06	3.177262e-09
2.34484698e-06	5.077154e-09
2.34486574e-06	5.054646e-09
2.34488450e-06	3.678510e-09
2.34490326e-06	3.902324e-09
2.34492202e-06	4.001789e-09
2.34494077e-06	4.348612e-09
2.34495953e-06	2.961799e-09
2.34497829e-06	4.081752e-09
2.34499705e-06	4.548978e-09
2.34501581e-06	3.146133e-09
2.34503457e-06	1.799783e-09
2.34505333e-06	1.812207e-09
2.34507209e-06	3.375310e-09
2.34509086e-06	2.995467e-09
2.34510962e-06	4.563325e-09
2.34512838e-06	5.783626e-09
2.34514714e-06	6.091652e-09
2.34516590e-06	5.612550e-09
2.34518466e-06	4.982442e-09
2.34520342e-06	4.774855e-09
2.34522218e-06	3.586528e-09
2.34524094e-06	2.758746e-09
2.34525971e-06	3.895866e-09
2.34527847e-06	3.653694e-09
2.34529723e-06	1.752683e-09
2.34531599e-06	1.753677e-09
2.34533476e-06	3.940119e-09
2.34535352e-06	4.352655e-09
2.34537228e-06	3.444629e-09
2.34539104e-06	2.972478e-09
2.34540981e-06	2.410993e-09
2.34542857e-06	2.152898e-09
2.34544733e-06	2.510251e-09
2.34546610e-06	3.166368e-09
2.34548486e-06	2.449797e-09
2.34550363e-06	3.017379e-09
2.34552239e-06	4.955599e-09
2.34554115e-06	5.199779e-09
2.34555992e-06	4.227820e-09
2.34557868e-06	5.146281e-09
2.34559745e-06	5.330938e-09
2.34561621e-06	2.348153e-09
2.34563498e-06	2.766079e-09
2.34565374e-06	5.152074e-09
2.34567251e-06	6.380073e-09
2.34569127e-06	5.748544e-09
2.34571004e-06	5.154491e-09
2.34572880e-06	6.217814e-09
2.34574757e-06	5.158777e-09
2.34576634e-06	5.142729e-09
2.34578510e-06	6.874036e-09
2.34580387e-06	7.217858e-09
2.34582263e-06	6.341580e-09
2.34584140e-06	4.350387e-09
2.34586017e-06	4.932336e-09
2.34587894e-06	6.701811e-09
2.34589770e-06	6.771251e-09
2.34591647e-06	6.854103e-09
2.34593524e-06	6.637172e-09
2.34595400e-06	6.165297e-09
2.34597277e-06	4.819867e-09
2.34599154e-06	4.091907e-09
2.34601031e-06	6.320426e-09
2.34602908e-06	7.029774e-09
2.34604784e-06	5.435045e-09
2.34606661e-06	4.880537e-09
2.34608538e-06	5.696991e-09
2.34610415e-06	5.185485e-09
2.34612292e-06	5.082207e-09
2.34614169e-06	6.005251e-09
2.34616046e-06	5.262600e-09
2.34617923e-06	3.892417e-09
2.34619800e-06	5.718195e-09
2.34621676e-06	6.507540e-09
2.34623553e-06	6.199193e-09
2.34625430e-06	5.925676e-09
2.34627307e-06	6.158994e-09
2.34629184e-06	6.350965e-09
2.34631061e-06	4.999752e-09
2.34632938e-06	4.842203e-09
2.34634816e-06	4.467541e-09
2.34636693e-06	4.598401e-09
2.34638570e-06	5.040770e-09
2.34640447e-06	4.676321e-09
2.34642324e-06	3.864008e-09
2.34644201e-06	2.019651e-09
2.34646078e-06	1.912194e-09
2.34647955e-06	2.884534e-09
2.34649833e-06	4.329583e-09
2.34651710e-06	5.174391e-09
2.34653587e-06	4.956451e-09
2.34655464e-06	5.742060e-09
2.34657341e-06	6.290761e-09
2.34659219e-06	5.778704e-09
2.34661096e-06	5.246575e-09
2.34662973e-06	5.384932e-09
2.34664851e-06	4.887760e-09
2.34666728e-06	4.980936e-09
2.34668605e-06	5.885660e-09
2.34670483e-06	6.186572e-09
2.34672360e-06	5.702050e-09
2.34674237e-06	5.367428e-09
2.34676115e-06	4.545858e-09
2.34677992e-06	3.269999e-09
2.34679870e-06	2.288481e-09
2.34681747e-06	2.204869e-09
2.34683625e-06	3.467522e-09
2.34685502e-06	4.479997e-09
2.34687379e-06	4.449511e-09
2.34689257e-06	2.864141e-09
2.34691134e-06	2.365910e-09
2.34693012e-06	3.002270e-09
2.34694889e-06	4.286751e-09
2.34696767e-06	5.107041e-09
2.34698645e-06	5.902811e-09
2.34700522e-06	5.758414e-09
2.34702400e-06	5.716275e-09
2.34704277e-06	6.162267e-09
2.34706155e-06	6.215682e-09
2.34708033e-06	6.497079e-09
2.34709910e-06	6.917450e-09
2.34711788e-06	6.589290e-09
2.34713666e-06	6.011165e-09
2.34715543e-06	4.420443e-09
2.34717421e-06	3.558974e-09
2.34719299e-06	2.250601e-09
2.34721177e-06	4.388662e-09
2.34723054e-06	4.807991e-09
2.34724932e-06	4.860652e-09
2.34726810e-06	5.116045e-09
2.34728688e-06	4.306432e-09
2.34730566e-06	4.170137e-09
2.34732444e-06	2.546431e-09
2.34734321e-06	5.098553e-09
2.34736199e-06	6.022644e-09
2.34738077e-06	5.917195e-09
2.34739955e-06	4.593463e-09
2.34741833e-06	3.186380e-09
2.34743711e-06	3.758106e-09
2.34745589e-06	5.385918e-09
2.34747467e-06	5.604249e-09
2.34749345e-06	4.005696e-09
2.34751223e-06	2.121722e-09
2.34753101e-06	3.250319e-09
2.34754979e-06	2.971435e-09
2.34756857e-06	3.314600e-09
2.34758735e-06	4.252205e-09
2.34760613e-06	5.459731e-09
2.34762491e-06	5.843229e-09
2.34764369e-06	4.281816e-09
2.34766247e-06	2.323345e-09
2.34768125e-06	3.709278e-09
2.34770004e-06	4.133769e-09
2.34771882e-06	3.883615e-09
2.34773760e-06	3.763898e-09
2.34775638e-06	4.435317e-09
2.34777516e-06	3.604548e-09
2.34779395e-06	4.567426e-09
2.34781273e-06	5.070299e-09
2.34783151e-06	5.419217e-09
2.34785029e-06	6.717630e-09
2.34786908e-06	6.122467e-09
2.34788786e-06	5.937278e-09
2.34790664e-06	6.851423e-09
2.34792542e-06	6.889530e-09
2.34794421e-06	6.416229e-09
2.34796299e-06	5.834023e-09
2.34798178e-06	6.254247e-09
2.34800056e-06	6.443773e-09
2.34801934e-06	5.422778e-09
2.34803813e-06	6.190532e-09
2.34805691e-06	6.283303e-09
2.34807570e-06	5.870092e-09
2.34809448e-06	5.286574e-09
2.34811327e-06	4.470265e-09
2.34813205e-06	3.963718e-09
2.34815084e-06	4.150628e-09
2.34816962e-06	5.132993e-09
2.34818841e-06	4.814970e-09
2.34820719e-06	3.776828e-09
2.34822598e-06	2.116318e-09
2.34824476e-06	2.415399e-09
2.34826355e-06	2.813937e-09
2.34828234e-06	4.290926e-09
2.34830112e-06	5.124459e-09
2.34831991e-06	5.762856e-09
2.34833869e-06	5.408617e-09
2.34835748e-06	5.653221e-09
2.34837627e-06	5.446046e-09
2.34839506e-06	6.018675e-09
2.34841384e-06	5.445460e-09
2.34843263e-06	5.004807e-09
2.34845142e-06	4.956035e-09
2.34847021e-06	6.164538e-09
2.34848899e-06	5.930819e-09
2.34850778e-06	5.888365e-09
2.34852657e-06	4.613378e-09
2.34854536e-06	4.554634e-09
2.34856415e-06	5.332494e-09
2.34858293e-06	5.521776e-09
2.34860172e-06	5.366682e-09
2.34862051e-06	6.611655e-09
2.34863930e-06	6.456344e-09
2.34865809e-06	5.329729e-09
2.34867688e-06	2.877549e-09
2.34869567e-06	3.070712e-09
2.34871446e-06	4.776165e-09
2.34873325e-06	4.720821e-09
2.34875204e-06	6.327135e-09
2.34877083e-06	6.749039e-09
2.34878962e-06	5.679302e-09
2.34880841e-06	4.912183e-09
2.34882720e-06	4.451880e-09
2.34884599e-06	4.578030e-09
2.34886478e-06	5.908493e-09
2.34888357e-06	5.759316e-09
2.34890236e-06	6.162128e-09
2.34892115e-06	6.793500e-09
2.34893994e-06	6.523154e-09
2.34895873e-06	4.097410e-09
2.34897753e-06	5.137043e-09
2.34899632e-06	4.469810e-09
2.34901511e-06	3.887210e-09
2.34903390e-06	5.935152e-09
2.34905269e-06	6.198928e-09
2.34907149e-06	6.201478e-09
2.34909028e-06	5.681061e-09
2.34910907e-06	5.009740e-09
2.34912787e-06	5.675577e-09
2.34914666e-06	5.449999e-09
2.34916545e-06	4.597207e-09
2.34918425e-06	5.187563e-09
2.34920304e-06	4.384290e-09
2.34922183e-06	4.827823e-09
2.34924063e-06	4.591445e-09
2.34925942e-06	5.743498e-09
2.34927821e-06	6.068479e-09
2.34929701e-06	3.587496e-09
2.34931580e-06	4.120659e-09
2.34933460e-06	4.564406e-09
2.34935339e-06	3.402326e-09
2.34937219e-06	2.652848e-09
2.34939098e-06	3.963502e-09
2.34940978e-06	4.286614e-09
2.34942857e-06	2.331327e-09
2.34944737e-06	4.213965e-09
2.34946616e-06	4.707543e-09
2.34948496e-06	3.072410e-09
2.34950375e-06	1.867866e-09
2.34952255e-06	2.800993e-09
2.34954135e-06	4.955204e-09
2.34956014e-06	5.493471e-09
2.34957894e-06	4.857656e-09
2.34959774e-06	5.602290e-09
2.34961653e-06	4.157329e-09
2.34963533e-06	3.539232e-09
2.34965413e-06	4.221017e-09
2.34967292e-06	3.267398e-09
2.34969172e-06	2.728331e-09
2.34971052e-06	2.435622e-09
2.34972932e-06	2.131963e-09
2.34974812e-06	3.092993e-09
2.34976691e-06	1.756163e-09
2.34978571e-06	3.509397e-09
2.34980451e-06	4.048642e-09
2.34982331e-06	3.303332e-09
2.34984211e-06	2.000180e-09
2.34986090e-06	2.938197e-09
2.34987970e-06	3.846685e-09
2.34989850e-06	4.398232e-09
2.34991730e-06	5.812434e-09
2.34993610e-06	5.754112e-09
2.34995490e-06	6.104411e-09
2.34997370e-06	5.100040e-09
