2.30001633e-06	1.435889e-08
2.30003473e-06	1.438405e-08
2.30005313e-06	1.440661e-08
2.30007153e-06	1.428791e-08
2.30008993e-06	1.437595e-08
2.30010833e-06	1.432298e-08
2.30012673e-06	1.427431e-08
2.30014513e-06	1.435210e-08
2.30016353e-06	1.438602e-08
2.30018194e-06	1.436802e-08
2.30020034e-06	1.434934e-08
2.30021874e-06	1.426744e-08
2.30023714e-06	1.434294e-08
2.30025554e-06	1.439927e-08
2.30027395e-06	1.435840e-08
2.30029235e-06	1.426589e-08
2.30031075e-06	1.439029e-08
2.30032915e-06	1.438949e-08
2.30034756e-06	1.435349e-08
2.30036596e-06	1.440119e-08
2.30038436e-06	1.423656e-08
2.30040276e-06	1.432197e-08
2.30042117e-06	1.436473e-08
2.30043957e-06	1.440007e-08
2.30045797e-06	1.442355e-08
2.30047638e-06	1.430084e-08
2.30049478e-06	1.408099e-08
2.30051319e-06	1.408317e-08
2.30053159e-06	1.427954e-08
2.30054999e-06	1.447588e-08
2.30056840e-06	1.417462e-08
2.30058680e-06	1.437247e-08
2.30060521e-06	1.405591e-08
2.30062361e-06	1.422026e-08
2.30064202e-06	1.435576e-08
2.30066042e-06	1.438959e-08
2.30067883e-06	1.440817e-08
2.30069723e-06	1.441211e-08
2.30071564e-06	1.440786e-08
2.30073404e-06	1.406299e-08
2.30075245e-06	1.410664e-08
2.30077086e-06	1.438433e-08
2.30078926e-06	1.440438e-08
2.30080767e-06	1.439737e-08
2.30082608e-06	1.439541e-08
2.30084448e-06	1.439333e-08
2.30086289e-06	1.439247e-08
2.30088129e-06	1.439620e-08
2.30089970e-06	1.438967e-08
2.30091811e-06	1.438806e-08
2.30093652e-06	1.437469e-08
2.30095492e-06	1.439747e-08
2.30097333e-06	1.431195e-08
2.30099174e-06	1.435959e-08
2.30101015e-06	1.439888e-08
2.30102856e-06	1.433844e-08
2.30104696e-06	1.440413e-08
2.30106537e-06	1.439813e-08
2.30108378e-06	1.415400e-08
2.30110219e-06	1.410580e-08
2.30112060e-06	1.438708e-08
2.30113901e-06	1.439501e-08
2.30115742e-06	1.435322e-08
2.30117583e-06	1.438576e-08
2.30119423e-06	1.437127e-08
2.30121265e-06	1.433766e-08
2.30123105e-06	1.441366e-08
2.30124946e-06	1.442239e-08
2.30126787e-06	1.433633e-08
2.30128628e-06	1.410638e-08
2.30130469e-06	1.444154e-08
2.30132310e-06	1.447577e-08
2.30134152e-06	1.391236e-08
2.30135993e-06	1.409837e-08
2.30137834e-06	1.416867e-08
2.30139675e-06	1.402805e-08
2.30141516e-06	1.425035e-08
2.30143357e-06	1.440808e-08
2.30145198e-06	1.437655e-08
2.30147039e-06	1.438983e-08
2.30148881e-06	1.423284e-08
2.30150722e-06	1.417916e-08
2.30152563e-06	1.435852e-08
2.30154404e-06	1.440344e-08
2.30156245e-06	1.440094e-08
2.30158087e-06	1.436740e-08
2.30159928e-06	1.439949e-08
2.30161769e-06	1.439145e-08
2.30163611e-06	1.437308e-08
2.30165452e-06	1.435579e-08
2.30167293e-06	1.437990e-08
2.30169135e-06	1.437834e-08
2.30170976e-06	1.434221e-08
2.30172817e-06	1.432757e-08
2.30174659e-06	1.437451e-08
2.30176500e-06	1.437475e-08
2.30178341e-06	1.430530e-08
2.30180183e-06	1.434508e-08
2.30182024e-06	1.437856e-08
2.30183866e-06	1.438907e-08
2.30185707e-06	1.439321e-08
2.30187549e-06	1.433762e-08
2.30189390e-06	1.438370e-08
2.30191232e-06	1.437967e-08
2.30193073e-06	1.439206e-08
2.30194915e-06	1.439118e-08
2.30196756e-06	1.436169e-08
2.30198598e-06	1.437728e-08
2.30200440e-06	1.440019e-08
2.30202281e-06	1.428431e-08
2.30204123e-06	1.430918e-08
2.30205964e-06	1.439265e-08
2.30207806e-06	1.444407e-08
2.30209648e-06	1.432583e-08
2.30211489e-06	1.442928e-08
2.30213331e-06	1.447234e-08
2.30215173e-06	1.414027e-08
2.30217014e-06	1.444704e-08
2.30218856e-06	1.442300e-08
2.30220698e-06	1.440922e-08
2.30222540e-06	1.440213e-08
2.30224381e-06	1.440497e-08
2.30226223e-06	1.427452e-08
2.30228065e-06	1.426339e-08
2.30229907e-06	1.437265e-08
2.30231749e-06	1.439367e-08
2.30233591e-06	1.437163e-08
2.30235433e-06	1.432447e-08
2.30237274e-06	1.432474e-08
2.30239116e-06	1.433726e-08
2.30240958e-06	1.438704e-08
2.30242800e-06	1.438371e-08
2.30244642e-06	1.438034e-08
2.30246484e-06	1.435431e-08
2.30248326e-06	1.435879e-08
2.30250168e-06	1.438545e-08
2.30252010e-06	1.438825e-08
2.30253852e-06	1.436396e-08
2.30255694e-06	1.438821e-08
2.30257536e-06	1.434290e-08
2.30259378e-06	1.435837e-08
2.30261220e-06	1.436920e-08
2.30263062e-06	1.438288e-08
2.30264904e-06	1.438637e-08
2.30266747e-06	1.438206e-08
2.30268589e-06	1.432141e-08
2.30270431e-06	1.438549e-08
2.30272273e-06	1.439104e-08
2.30274115e-06	1.437080e-08
2.30275957e-06	1.404700e-08
2.30277800e-06	1.413257e-08
2.30279642e-06	1.434807e-08
2.30281484e-06	1.431493e-08
2.30283326e-06	1.438853e-08
2.30285168e-06	1.439083e-08
2.30287011e-06	1.438966e-08
2.30288853e-06	1.440415e-08
2.30290695e-06	1.437521e-08
2.30292538e-06	1.437419e-08
2.30294380e-06	1.442991e-08
2.30296222e-06	1.397692e-08
2.30298065e-06	1.444985e-08
2.30299907e-06	1.408982e-08
2.30301750e-06	1.408309e-08
2.30303592e-06	1.413367e-08
2.30305434e-06	1.440350e-08
2.30307277e-06	1.441142e-08
2.30309119e-06	1.440210e-08
2.30310962e-06	1.439329e-08
2.30312804e-06	1.430623e-08
2.30314647e-06	1.439915e-08
2.30316489e-06	1.439327e-08
2.30318332e-06	1.439199e-08
2.30320174e-06	1.431347e-08
2.30322017e-06	1.437738e-08
2.30323860e-06	1.432955e-08
2.30325702e-06	1.436339e-08
2.30327545e-06	1.439334e-08
2.30329387e-06	1.436389e-08
2.30331230e-06	1.420029e-08
2.30333073e-06	1.408354e-08
2.30334915e-06	1.405424e-08
2.30336758e-06	1.426155e-08
2.30338601e-06	1.438604e-08
2.30340443e-06	1.428041e-08
2.30342286e-06	1.414944e-08
2.30344129e-06	1.429143e-08
2.30345972e-06	1.436355e-08
2.30347814e-06	1.437790e-08
2.30349657e-06	1.437022e-08
2.30351500e-06	1.436511e-08
2.30353343e-06	1.438676e-08
2.30355186e-06	1.436764e-08
2.30357028e-06	1.428738e-08
2.30358871e-06	1.415681e-08
2.30360714e-06	1.413812e-08
2.30362557e-06	1.432079e-08
2.30364400e-06	1.438946e-08
2.30366243e-06	1.436094e-08
2.30368086e-06	1.436618e-08
2.30369929e-06	1.438610e-08
2.30371772e-06	1.439490e-08
2.30373615e-06	1.426188e-08
2.30375458e-06	1.423336e-08
2.30377301e-06	1.421139e-08
2.30379144e-06	1.426972e-08
2.30380987e-06	1.409428e-08
2.30382830e-06	1.409423e-08
2.30384673e-06	1.407327e-08
2.30386516e-06	1.446552e-08
2.30388359e-06	1.440057e-08
2.30390202e-06	1.400101e-08
2.30392045e-06	1.399187e-08
2.30393888e-06	1.431813e-08
2.30395731e-06	1.423465e-08
2.30397575e-06	1.433181e-08
2.30399418e-06	1.439976e-08
2.30401261e-06	1.438139e-08
2.30403104e-06	1.434813e-08
2.30404947e-06	1.435774e-08
2.30406791e-06	1.436901e-08
2.30408634e-06	1.436763e-08
2.30410477e-06	1.435808e-08
2.30412321e-06	1.429661e-08
2.30414164e-06	1.426292e-08
2.30416007e-06	1.434179e-08
2.30417850e-06	1.437395e-08
2.30419694e-06	1.438210e-08
2.30421537e-06	1.438121e-08
2.30423381e-06	1.437894e-08
2.30425224e-06	1.436729e-08
2.30427067e-06	1.437465e-08
2.30428911e-06	1.437502e-08
2.30430754e-06	1.437346e-08
2.30432598e-06	1.436941e-08
2.30434441e-06	1.437736e-08
2.30436285e-06	1.436083e-08
2.30438128e-06	1.418344e-08
2.30439971e-06	1.420281e-08
2.30441815e-06	1.425792e-08
2.30443659e-06	1.430662e-08
2.30445502e-06	1.436923e-08
2.30447346e-06	1.435055e-08
2.30449189e-06	1.433575e-08
2.30451033e-06	1.436647e-08
2.30452877e-06	1.435238e-08
2.30454720e-06	1.430033e-08
2.30456564e-06	1.436028e-08
2.30458407e-06	1.437374e-08
2.30460251e-06	1.437613e-08
2.30462095e-06	1.438214e-08
2.30463938e-06	1.436243e-08
2.30465782e-06	1.438506e-08
2.30467626e-06	1.437842e-08
2.30469470e-06	1.439515e-08
2.30471313e-06	1.436835e-08
2.30473157e-06	1.418592e-08
2.30475001e-06	1.427367e-08
2.30476845e-06	1.443023e-08
2.30478688e-06	1.401191e-08
2.30480532e-06	1.444231e-08
2.30482376e-06	1.391905e-08
2.30484220e-06	1.442117e-08
2.30486064e-06	1.405352e-08
2.30487908e-06	1.407010e-08
2.30489752e-06	1.439455e-08
2.30491596e-06	1.438345e-08
2.30493440e-06	1.413036e-08
2.30495284e-06	1.427555e-08
2.30497128e-06	1.434677e-08
2.30498972e-06	1.416854e-08
2.30500815e-06	1.418976e-08
2.30502660e-06	1.440440e-08
2.30504504e-06	1.437229e-08
2.30506347e-06	1.435689e-08
2.30508192e-06	1.432771e-08
2.30510036e-06	1.435778e-08
2.30511880e-06	1.437703e-08
2.30513724e-06	1.437992e-08
2.30515568e-06	1.436171e-08
2.30517412e-06	1.437567e-08
2.30519256e-06	1.438186e-08
2.30521100e-06	1.435669e-08
2.30522944e-06	1.437349e-08
2.30524789e-06	1.437273e-08
2.30526633e-06	1.437363e-08
2.30528477e-06	1.437436e-08
2.30530321e-06	1.436274e-08
2.30532166e-06	1.437146e-08
2.30534010e-06	1.437734e-08
2.30535854e-06	1.437696e-08
2.30537698e-06	1.438999e-08
2.30539543e-06	1.436030e-08
2.30541387e-06	1.405199e-08
2.30543231e-06	1.426899e-08
2.30545076e-06	1.439098e-08
2.30546920e-06	1.428863e-08
2.30548764e-06	1.400268e-08
2.30550609e-06	1.428073e-08
2.30552453e-06	1.439621e-08
2.30554298e-06	1.436107e-08
2.30556142e-06	1.436947e-08
2.30557987e-06	1.438129e-08
2.30559831e-06	1.438854e-08
2.30561675e-06	1.440355e-08
2.30563520e-06	1.415205e-08
2.30565365e-06	1.403700e-08
2.30567209e-06	1.431656e-08
2.30569054e-06	1.439045e-08
2.30570898e-06	1.441581e-08
2.30572743e-06	1.431170e-08
2.30574587e-06	1.430330e-08
2.30576432e-06	1.439604e-08
2.30578276e-06	1.445675e-08
2.30580121e-06	1.413928e-08
2.30581966e-06	1.444729e-08
2.30583810e-06	1.442429e-08
2.30585655e-06	1.428739e-08
2.30587500e-06	1.396771e-08
2.30589344e-06	1.411334e-08
2.30591189e-06	1.433684e-08
2.30593034e-06	1.438290e-08
2.30594879e-06	1.431777e-08
2.30596723e-06	1.433752e-08
2.30598568e-06	1.434049e-08
2.30600413e-06	1.437968e-08
2.30602258e-06	1.437595e-08
2.30604102e-06	1.435231e-08
2.30605947e-06	1.432478e-08
2.30607792e-06	1.434731e-08
2.30609637e-06	1.436663e-08
2.30611482e-06	1.437914e-08
2.30613327e-06	1.432229e-08
2.30615172e-06	1.431869e-08
2.30617017e-06	1.437135e-08
2.30618862e-06	1.425611e-08
2.30620707e-06	1.424449e-08
2.30622551e-06	1.432662e-08
2.30624396e-06	1.438155e-08
2.30626241e-06	1.437045e-08
2.30628087e-06	1.436107e-08
2.30629932e-06	1.434090e-08
2.30631777e-06	1.428531e-08
2.30633622e-06	1.432145e-08
2.30635467e-06	1.434808e-08
2.30637312e-06	1.435005e-08
2.30639157e-06	1.436265e-08
2.30641002e-06	1.436110e-08
2.30642847e-06	1.435357e-08
2.30644692e-06	1.437051e-08
2.30646537e-06	1.435129e-08
2.30648383e-06	1.431958e-08
2.30650228e-06	1.430845e-08
2.30652073e-06	1.434141e-08
2.30653918e-06	1.412535e-08
2.30655763e-06	1.424225e-08
2.30657609e-06	1.436616e-08
2.30659454e-06	1.437303e-08
2.30661299e-06	1.438233e-08
2.30663144e-06	1.435646e-08
2.30664990e-06	1.420683e-08
2.30666835e-06	1.400294e-08
2.30668681e-06	1.428363e-08
2.30670526e-06	1.434382e-08
2.30672371e-06	1.431823e-08
2.30674217e-06	1.443069e-08
2.30676062e-06	1.421333e-08
2.30677907e-06	1.444685e-08
2.30679753e-06	1.445125e-08
2.30681598e-06	1.429846e-08
2.30683444e-06	1.430904e-08
2.30685289e-06	1.411992e-08
2.30687135e-06	1.436694e-08
2.30688980e-06	1.439773e-08
2.30690826e-06	1.428360e-08
2.30692671e-06	1.397005e-08
2.30694517e-06	1.431098e-08
2.30696362e-06	1.437217e-08
2.30698208e-06	1.436519e-08
2.30700053e-06	1.430499e-08
2.30701899e-06	1.432884e-08
2.30703745e-06	1.436698e-08
2.30705590e-06	1.436439e-08
2.30707436e-06	1.435858e-08
2.30709282e-06	1.433691e-08
2.30711127e-06	1.431354e-08
2.30712973e-06	1.428184e-08
2.30714819e-06	1.428186e-08
2.30716664e-06	1.427548e-08
2.30718510e-06	1.429311e-08
2.30720356e-06	1.432812e-08
2.30722202e-06	1.437410e-08
2.30724047e-06	1.433702e-08
2.30725893e-06	1.437037e-08
2.30727739e-06	1.438512e-08
2.30729585e-06	1.425999e-08
2.30731431e-06	1.419048e-08
2.30733277e-06	1.438458e-08
2.30735122e-06	1.436356e-08
2.30736968e-06	1.437491e-08
2.30738814e-06	1.431284e-08
2.30740660e-06	1.430378e-08
2.30742506e-06	1.437407e-08
2.30744352e-06	1.431693e-08
2.30746198e-06	1.434219e-08
2.30748044e-06	1.436751e-08
2.30749890e-06	1.434736e-08
2.30751736e-06	1.414265e-08
2.30753582e-06	1.430922e-08
2.30755428e-06	1.438174e-08
2.30757274e-06	1.437913e-08
2.30759120e-06	1.437417e-08
2.30760966e-06	1.424712e-08
2.30762812e-06	1.398831e-08
2.30764658e-06	1.395692e-08
2.30766504e-06	1.419587e-08
2.30768351e-06	1.433692e-08
2.30770197e-06	1.437880e-08
2.30772043e-06	1.430840e-08
2.30773889e-06	1.431356e-08
2.30775735e-06	1.434971e-08
2.30777581e-06	1.440276e-08
2.30779428e-06	1.431420e-08
2.30781274e-06	1.416173e-08
2.30783120e-06	1.443543e-08
2.30784966e-06	1.444875e-08
2.30786813e-06	1.427758e-08
2.30788659e-06	1.442405e-08
2.30790505e-06	1.439592e-08
2.30792352e-06	1.437904e-08
2.30794198e-06	1.437151e-08
2.30796044e-06	1.436223e-08
2.30797891e-06	1.436344e-08
2.30799737e-06	1.437930e-08
2.30801583e-06	1.400915e-08
2.30803430e-06	1.431655e-08
2.30805276e-06	1.430635e-08
2.30807123e-06	1.436129e-08
2.30808969e-06	1.436672e-08
2.30810816e-06	1.436927e-08
2.30812662e-06	1.436560e-08
2.30814509e-06	1.436117e-08
2.30816355e-06	1.432822e-08
2.30818202e-06	1.434238e-08
2.30820048e-06	1.435702e-08
2.30821895e-06	1.436265e-08
2.30823741e-06	1.435916e-08
2.30825588e-06	1.436151e-08
2.30827434e-06	1.434805e-08
2.30829281e-06	1.424005e-08
2.30831128e-06	1.436783e-08
2.30832974e-06	1.436314e-08
2.30834821e-06	1.435844e-08
2.30836668e-06	1.436134e-08
2.30838514e-06	1.435602e-08
2.30840361e-06	1.436762e-08
2.30842208e-06	1.434085e-08
2.30844055e-06	1.432542e-08
2.30845901e-06	1.435716e-08
2.30847748e-06	1.436225e-08
2.30849595e-06	1.433001e-08
2.30851442e-06	1.425388e-08
2.30853288e-06	1.434753e-08
2.30855135e-06	1.436127e-08
2.30856982e-06	1.436213e-08
2.30858829e-06	1.436180e-08
2.30860676e-06	1.434655e-08
2.30862523e-06	1.429209e-08
2.30864370e-06	1.433934e-08
2.30866217e-06	1.434093e-08
2.30868063e-06	1.431785e-08
2.30869911e-06	1.436681e-08
2.30871757e-06	1.436314e-08
2.30873604e-06	1.434696e-08
2.30875451e-06	1.435721e-08
2.30877298e-06	1.437242e-08
2.30879145e-06	1.436925e-08
2.30880992e-06	1.420516e-08
2.30882840e-06	1.426911e-08
2.30884687e-06	1.439448e-08
2.30886534e-06	1.440136e-08
2.30888381e-06	1.437347e-08
2.30890228e-06	1.426243e-08
2.30892075e-06	1.431426e-08
2.30893922e-06	1.443933e-08
2.30895769e-06	1.402211e-08
2.30897616e-06	1.430145e-08
2.30899464e-06	1.411446e-08
2.30901311e-06	1.426767e-08
2.30903158e-06	1.439072e-08
2.30905005e-06	1.437427e-08
2.30906852e-06	1.434982e-08
2.30908700e-06	1.412839e-08
2.30910547e-06	1.411668e-08
2.30912394e-06	1.432422e-08
2.30914242e-06	1.427278e-08
2.30916089e-06	1.400968e-08
2.30917936e-06	1.436675e-08
2.30919784e-06	1.429480e-08
2.30921631e-06	1.430610e-08
2.30923478e-06	1.435691e-08
2.30925326e-06	1.434943e-08
2.30927173e-06	1.434429e-08
2.30929021e-06	1.435740e-08
2.30930868e-06	1.434374e-08
2.30932715e-06	1.436673e-08
2.30934563e-06	1.435368e-08
2.30936410e-06	1.414161e-08
2.30938258e-06	1.430128e-08
2.30940105e-06	1.437560e-08
2.30941953e-06	1.435445e-08
2.30943800e-06	1.432615e-08
2.30945648e-06	1.426181e-08
2.30947495e-06	1.420660e-08
2.30949343e-06	1.436193e-08
2.30951191e-06	1.435622e-08
2.30953038e-06	1.431614e-08
2.30954886e-06	1.434603e-08
2.30956733e-06	1.436293e-08
2.30958581e-06	1.436502e-08
2.30960429e-06	1.436526e-08
2.30962277e-06	1.436539e-08
2.30964124e-06	1.438658e-08
2.30965972e-06	1.415494e-08
2.30967820e-06	1.399018e-08
2.30969667e-06	1.423181e-08
2.30971515e-06	1.437750e-08
2.30973363e-06	1.434793e-08
2.30975211e-06	1.435232e-08
2.30977059e-06	1.399220e-08
2.30978906e-06	1.415919e-08
2.30980754e-06	1.431603e-08
2.30982602e-06	1.428203e-08
2.30984450e-06	1.417091e-08
2.30986298e-06	1.437640e-08
2.30988146e-06	1.436971e-08
2.30989994e-06	1.435974e-08
2.30991842e-06	1.433989e-08
2.30993689e-06	1.422003e-08
2.30995537e-06	1.433664e-08
2.30997385e-06	1.438684e-08
2.30999233e-06	1.433282e-08
2.31001081e-06	1.427052e-08
2.31002929e-06	1.442318e-08
2.31004777e-06	1.390822e-08
2.31006625e-06	1.441920e-08
2.31008473e-06	1.394710e-08
2.31010321e-06	1.439155e-08
2.31012170e-06	1.436487e-08
2.31014018e-06	1.428321e-08
2.31015866e-06	1.433221e-08
2.31017714e-06	1.436860e-08
2.31019562e-06	1.433152e-08
2.31021410e-06	1.434942e-08
2.31023258e-06	1.435352e-08
2.31025107e-06	1.430362e-08
2.31026955e-06	1.425206e-08
2.31028803e-06	1.432397e-08
2.31030651e-06	1.433241e-08
2.31032499e-06	1.434143e-08
2.31034348e-06	1.403028e-08
2.31036196e-06	1.428912e-08
2.31038044e-06	1.409368e-08
2.31039893e-06	1.402645e-08
2.31041741e-06	1.426669e-08
2.31043589e-06	1.436728e-08
2.31045438e-06	1.427842e-08
2.31047286e-06	1.423090e-08
2.31049134e-06	1.426230e-08
2.31050983e-06	1.404491e-08
2.31052831e-06	1.430659e-08
2.31054680e-06	1.437153e-08
2.31056528e-06	1.436623e-08
2.31058377e-06	1.426328e-08
2.31060225e-06	1.435121e-08
2.31062073e-06	1.431645e-08
2.31063922e-06	1.436508e-08
2.31065770e-06	1.433023e-08
2.31067619e-06	1.436789e-08
2.31069467e-06	1.436099e-08
2.31071316e-06	1.434208e-08
2.31073165e-06	1.431233e-08
2.31075013e-06	1.434088e-08
2.31076862e-06	1.434861e-08
2.31078710e-06	1.435591e-08
2.31080559e-06	1.428896e-08
2.31082408e-06	1.434971e-08
2.31084256e-06	1.435959e-08
2.31086105e-06	1.435779e-08
2.31087954e-06	1.436265e-08
2.31089802e-06	1.429935e-08
2.31091651e-06	1.425640e-08
2.31093500e-06	1.433183e-08
2.31095349e-06	1.435612e-08
2.31097197e-06	1.410499e-08
2.31099046e-06	1.414243e-08
2.31100895e-06	1.432538e-08
2.31102744e-06	1.435024e-08
2.31104593e-06	1.435265e-08
2.31106441e-06	1.431244e-08
2.31108290e-06	1.435537e-08
2.31110139e-06	1.435523e-08
2.31111988e-06	1.436609e-08
2.31113837e-06	1.435136e-08
2.31115686e-06	1.439840e-08
2.31117535e-06	1.420492e-08
2.31119384e-06	1.395530e-08
2.31121233e-06	1.396855e-08
2.31123082e-06	1.441784e-08
2.31124931e-06	1.443382e-08
2.31126780e-06	1.426879e-08
2.31128629e-06	1.433882e-08
2.31130478e-06	1.423855e-08
2.31132327e-06	1.414944e-08
2.31134176e-06	1.412436e-08
2.31136025e-06	1.429711e-08
2.31137874e-06	1.436684e-08
2.31139723e-06	1.436499e-08
2.31141572e-06	1.435489e-08
2.31143421e-06	1.434200e-08
2.31145270e-06	1.431176e-08
2.31147120e-06	1.402235e-08
2.31148969e-06	1.427444e-08
2.31150818e-06	1.436041e-08
2.31152667e-06	1.425851e-08
2.31154516e-06	1.423282e-08
2.31156366e-06	1.395997e-08
2.31158215e-06	1.427563e-08
2.31160064e-06	1.433509e-08
2.31161913e-06	1.435392e-08
2.31163763e-06	1.423679e-08
2.31165612e-06	1.414830e-08
2.31167461e-06	1.429251e-08
2.31169311e-06	1.435380e-08
2.31171160e-06	1.435139e-08
2.31173009e-06	1.432911e-08
2.31174859e-06	1.430158e-08
2.31176708e-06	1.435972e-08
2.31178558e-06	1.431546e-08
2.31180407e-06	1.435559e-08
2.31182257e-06	1.435348e-08
2.31184106e-06	1.426792e-08
2.31185955e-06	1.429884e-08
2.31187805e-06	1.435936e-08
2.31189654e-06	1.433928e-08
2.31191504e-06	1.428343e-08
2.31193353e-06	1.434501e-08
2.31195203e-06	1.429209e-08
2.31197052e-06	1.434317e-08
2.31198902e-06	1.436076e-08
2.31200752e-06	1.435969e-08
2.31202601e-06	1.430737e-08
2.31204451e-06	1.400899e-08
2.31206301e-06	1.415346e-08
2.31208150e-06	1.426847e-08
2.31210000e-06	1.436004e-08
2.31211850e-06	1.434327e-08
2.31213699e-06	1.434526e-08
2.31215549e-06	1.435138e-08
2.31217399e-06	1.435274e-08
2.31219248e-06	1.434805e-08
2.31221098e-06	1.428261e-08
2.31222948e-06	1.430575e-08
2.31224798e-06	1.434303e-08
2.31226648e-06	1.434065e-08
2.31228497e-06	1.429278e-08
2.31230347e-06	1.427343e-08
2.31232197e-06	1.436015e-08
2.31234047e-06	1.435974e-08
2.31235897e-06	1.431951e-08
2.31237747e-06	1.421500e-08
2.31239596e-06	1.426983e-08
2.31241446e-06	1.440342e-08
2.31243296e-06	1.393414e-08
2.31245146e-06	1.441626e-08
2.31246996e-06	1.411590e-08
2.31248846e-06	1.436162e-08
2.31250696e-06	1.438152e-08
2.31252546e-06	1.437836e-08
2.31254396e-06	1.426449e-08
2.31256246e-06	1.434922e-08
2.31258096e-06	1.427551e-08
2.31259946e-06	1.420047e-08
2.31261796e-06	1.436591e-08
2.31263647e-06	1.435052e-08
2.31265497e-06	1.434350e-08
2.31267347e-06	1.431590e-08
2.31269197e-06	1.435184e-08
2.31271047e-06	1.431345e-08
2.31272897e-06	1.434915e-08
2.31274748e-06	1.432219e-08
2.31276598e-06	1.433231e-08
2.31278448e-06	1.433097e-08
2.31280298e-06	1.433867e-08
2.31282148e-06	1.435047e-08
2.31283999e-06	1.404922e-08
2.31285849e-06	1.427828e-08
2.31287699e-06	1.433873e-08
2.31289550e-06	1.435859e-08
2.31291400e-06	1.431028e-08
2.31293250e-06	1.429557e-08
2.31295100e-06	1.434393e-08
2.31296951e-06	1.423123e-08
2.31298801e-06	1.436579e-08
2.31300652e-06	1.435436e-08
2.31302502e-06	1.431239e-08
2.31304352e-06	1.432901e-08
2.31306203e-06	1.429347e-08
2.31308053e-06	1.425617e-08
2.31309904e-06	1.420341e-08
2.31311754e-06	1.426387e-08
2.31313605e-06	1.429922e-08
2.31315455e-06	1.433473e-08
2.31317306e-06	1.422230e-08
2.31319156e-06	1.429328e-08
2.31321007e-06	1.433119e-08
2.31322857e-06	1.411851e-08
2.31324708e-06	1.405874e-08
2.31326559e-06	1.437089e-08
2.31328409e-06	1.434383e-08
2.31330260e-06	1.433830e-08
2.31332111e-06	1.432574e-08
2.31333961e-06	1.429689e-08
2.31335812e-06	1.434516e-08
2.31337662e-06	1.433919e-08
2.31339513e-06	1.429761e-08
2.31341364e-06	1.429927e-08
2.31343215e-06	1.432826e-08
2.31345065e-06	1.422912e-08
2.31346916e-06	1.432138e-08
2.31348767e-06	1.433491e-08
2.31350618e-06	1.433838e-08
2.31352469e-06	1.434624e-08
2.31354319e-06	1.434081e-08
2.31356170e-06	1.434715e-08
2.31358021e-06	1.436758e-08
2.31359872e-06	1.413452e-08
2.31361723e-06	1.418111e-08
2.31363574e-06	1.437072e-08
2.31365425e-06	1.437060e-08
2.31367275e-06	1.431298e-08
2.31369127e-06	1.397503e-08
2.31370977e-06	1.441377e-08
2.31372828e-06	1.389749e-08
2.31374679e-06	1.443650e-08
2.31376530e-06	1.432466e-08
2.31378381e-06	1.429579e-08
2.31380232e-06	1.437065e-08
2.31382083e-06	1.412701e-08
2.31383935e-06	1.408149e-08
2.31385786e-06	1.428092e-08
2.31387637e-06	1.435332e-08
2.31389488e-06	1.431547e-08
2.31391339e-06	1.434830e-08
2.31393190e-06	1.435296e-08
2.31395041e-06	1.430973e-08
2.31396892e-06	1.433527e-08
2.31398744e-06	1.434670e-08
2.31400595e-06	1.422643e-08
2.31402446e-06	1.432057e-08
2.31404297e-06	1.392564e-08
2.31406148e-06	1.392165e-08
2.31408000e-06	1.430593e-08
2.31409851e-06	1.435592e-08
2.31411702e-06	1.432683e-08
2.31413553e-06	1.433529e-08
2.31415405e-06	1.417350e-08
2.31417256e-06	1.432856e-08
2.31419107e-06	1.434053e-08
2.31420959e-06	1.433381e-08
2.31422810e-06	1.433591e-08
2.31424662e-06	1.432757e-08
2.31426513e-06	1.433349e-08
2.31428364e-06	1.434557e-08
2.31430216e-06	1.431610e-08
2.31432067e-06	1.432747e-08
2.31433919e-06	1.433147e-08
2.31435770e-06	1.434350e-08
2.31437622e-06	1.431975e-08
2.31439473e-06	1.428321e-08
2.31441325e-06	1.431141e-08
2.31443176e-06	1.424291e-08
2.31445028e-06	1.432407e-08
2.31446879e-06	1.427152e-08
2.31448731e-06	1.432242e-08
2.31450582e-06	1.434986e-08
2.31452434e-06	1.425116e-08
2.31454286e-06	1.400518e-08
2.31456137e-06	1.428276e-08
2.31457989e-06	1.435617e-08
2.31459841e-06	1.434422e-08
2.31461692e-06	1.433742e-08
2.31463544e-06	1.429019e-08
2.31465396e-06	1.437956e-08
2.31467247e-06	1.397522e-08
2.31469099e-06	1.393614e-08
2.31470951e-06	1.413628e-08
2.31472803e-06	1.408198e-08
2.31474654e-06	1.392487e-08
2.31476506e-06	1.420920e-08
2.31478358e-06	1.437059e-08
2.31480210e-06	1.409290e-08
2.31482062e-06	1.407828e-08
2.31483913e-06	1.438802e-08
2.31485765e-06	1.422106e-08
2.31487617e-06	1.397576e-08
2.31489469e-06	1.433005e-08
2.31491321e-06	1.433561e-08
2.31493173e-06	1.434174e-08
2.31495025e-06	1.432273e-08
2.31496877e-06	1.399876e-08
2.31498729e-06	1.416516e-08
2.31500581e-06	1.441229e-08
2.31502433e-06	1.393649e-08
2.31504285e-06	1.440824e-08
2.31506137e-06	1.428117e-08
2.31507989e-06	1.431341e-08
2.31509841e-06	1.436224e-08
2.31511693e-06	1.427838e-08
2.31513545e-06	1.429250e-08
2.31515397e-06	1.435108e-08
2.31517250e-06	1.434270e-08
2.31519102e-06	1.431672e-08
2.31520954e-06	1.432871e-08
2.31522806e-06	1.433078e-08
2.31524658e-06	1.433254e-08
2.31526510e-06	1.433466e-08
2.31528362e-06	1.432627e-08
2.31530215e-06	1.400201e-08
2.31532067e-06	1.408448e-08
2.31533919e-06	1.432275e-08
2.31535771e-06	1.433827e-08
2.31537624e-06	1.430110e-08
2.31539476e-06	1.429032e-08
2.31541328e-06	1.434046e-08
2.31543181e-06	1.423692e-08
2.31545033e-06	1.429804e-08
2.31546885e-06	1.434061e-08
2.31548738e-06	1.433282e-08
2.31550590e-06	1.432829e-08
2.31552443e-06	1.413398e-08
2.31554295e-06	1.433475e-08
2.31556148e-06	1.432444e-08
2.31558000e-06	1.424931e-08
2.31559852e-06	1.433003e-08
2.31561705e-06	1.433113e-08
2.31563557e-06	1.428227e-08
2.31565410e-06	1.423444e-08
2.31567262e-06	1.429933e-08
2.31569115e-06	1.431006e-08
2.31570967e-06	1.429957e-08
2.31572820e-06	1.431685e-08
2.31574673e-06	1.429884e-08
2.31576525e-06	1.426194e-08
2.31578378e-06	1.424848e-08
2.31580231e-06	1.433980e-08
2.31582083e-06	1.432093e-08
2.31583936e-06	1.434476e-08
2.31585788e-06	1.420613e-08
2.31587641e-06	1.397595e-08
2.31589494e-06	1.435293e-08
2.31591347e-06	1.429338e-08
2.31593199e-06	1.431779e-08
2.31595052e-06	1.433967e-08
2.31596905e-06	1.429268e-08
2.31598758e-06	1.432386e-08
2.31600610e-06	1.427275e-08
2.31602463e-06	1.433742e-08
2.31604316e-06	1.424001e-08
2.31606169e-06	1.422091e-08
2.31608022e-06	1.433843e-08
2.31609875e-06	1.431563e-08
2.31611727e-06	1.426904e-08
2.31613580e-06	1.419089e-08
2.31615433e-06	1.418008e-08
2.31617286e-06	1.419595e-08
2.31619139e-06	1.435579e-08
2.31620992e-06	1.435015e-08
2.31622845e-06	1.430130e-08
2.31624698e-06	1.403025e-08
2.31626551e-06	1.404124e-08
2.31628404e-06	1.419516e-08
2.31630257e-06	1.426980e-08
2.31632110e-06	1.393739e-08
2.31633963e-06	1.440048e-08
2.31635816e-06	1.389907e-08
2.31637669e-06	1.434980e-08
2.31639522e-06	1.426185e-08
2.31641375e-06	1.393016e-08
2.31643229e-06	1.391305e-08
2.31645082e-06	1.425366e-08
2.31646935e-06	1.426435e-08
2.31648788e-06	1.433511e-08
2.31650641e-06	1.434195e-08
2.31652494e-06	1.433710e-08
2.31654348e-06	1.433298e-08
2.31656201e-06	1.428649e-08
2.31658054e-06	1.428035e-08
2.31659908e-06	1.431662e-08
2.31661761e-06	1.412938e-08
2.31663614e-06	1.420036e-08
2.31665467e-06	1.431909e-08
2.31667321e-06	1.432574e-08
2.31669174e-06	1.428231e-08
2.31671027e-06	1.433305e-08
2.31672881e-06	1.431437e-08
2.31674734e-06	1.433440e-08
2.31676587e-06	1.426813e-08
2.31678441e-06	1.433925e-08
2.31680294e-06	1.429403e-08
2.31682148e-06	1.432513e-08
2.31684001e-06	1.410213e-08
2.31685855e-06	1.430432e-08
2.31687708e-06	1.433985e-08
2.31689562e-06	1.433497e-08
2.31691415e-06	1.433238e-08
2.31693269e-06	1.413020e-08
2.31695122e-06	1.433437e-08
2.31696976e-06	1.431134e-08
2.31698830e-06	1.431122e-08
2.31700683e-06	1.420019e-08
2.31702537e-06	1.420524e-08
2.31704390e-06	1.400560e-08
2.31706244e-06	1.423938e-08
2.31708098e-06	1.434118e-08
2.31709951e-06	1.431955e-08
2.31711805e-06	1.432115e-08
2.31713659e-06	1.433549e-08
2.31715512e-06	1.422288e-08
2.31717366e-06	1.423357e-08
2.31719220e-06	1.433623e-08
2.31721073e-06	1.432476e-08
2.31722927e-06	1.431498e-08
2.31724781e-06	1.429448e-08
2.31726635e-06	1.426403e-08
2.31728489e-06	1.429859e-08
2.31730342e-06	1.432131e-08
2.31732196e-06	1.432453e-08
2.31734050e-06	1.432342e-08
2.31735904e-06	1.431149e-08
2.31737758e-06	1.430932e-08
2.31739612e-06	1.432360e-08
2.31741466e-06	1.432794e-08
2.31743320e-06	1.433047e-08
2.31745174e-06	1.406308e-08
2.31747028e-06	1.428582e-08
2.31748882e-06	1.424989e-08
2.31750736e-06	1.415487e-08
2.31752590e-06	1.425562e-08
2.31754444e-06	1.434434e-08
2.31756298e-06	1.436782e-08
2.31758152e-06	1.434202e-08
2.31760006e-06	1.390713e-08
2.31761860e-06	1.391626e-08
2.31763714e-06	1.433524e-08
2.31765568e-06	1.439852e-08
2.31767422e-06	1.438677e-08
2.31769276e-06	1.392433e-08
2.31771131e-06	1.440763e-08
2.31772985e-06	1.404888e-08
2.31774839e-06	1.424849e-08
2.31776693e-06	1.433069e-08
2.31778547e-06	1.407647e-08
2.31780401e-06	1.427176e-08
2.31782256e-06	1.434616e-08
2.31784110e-06	1.432561e-08
2.31785964e-06	1.434523e-08
2.31787819e-06	1.419515e-08
2.31789673e-06	1.414735e-08
2.31791527e-06	1.434811e-08
2.31793381e-06	1.431956e-08
2.31795236e-06	1.431666e-08
2.31797090e-06	1.433267e-08
2.31798945e-06	1.435260e-08
2.31800799e-06	1.414321e-08
2.31802653e-06	1.406937e-08
2.31804508e-06	1.433231e-08
2.31806362e-06	1.432109e-08
2.31808217e-06	1.429992e-08
2.31810071e-06	1.425693e-08
2.31811926e-06	1.433876e-08
2.31813780e-06	1.433347e-08
2.31815635e-06	1.410933e-08
2.31817489e-06	1.420135e-08
2.31819344e-06	1.432331e-08
2.31821198e-06	1.429105e-08
2.31823053e-06	1.431427e-08
2.31824907e-06	1.430847e-08
2.31826762e-06	1.410697e-08
2.31828617e-06	1.426643e-08
2.31830471e-06	1.430255e-08
2.31832326e-06	1.422797e-08
2.31834181e-06	1.429450e-08
2.31836035e-06	1.432338e-08
2.31837890e-06	1.427933e-08
2.31839745e-06	1.426142e-08
2.31841599e-06	1.430256e-08
2.31843454e-06	1.428939e-08
2.31845309e-06	1.432466e-08
2.31847164e-06	1.424794e-08
2.31849018e-06	1.413071e-08
2.31850873e-06	1.424817e-08
2.31852728e-06	1.431622e-08
2.31854583e-06	1.431522e-08
2.31856438e-06	1.431856e-08
2.31858292e-06	1.432449e-08
2.31860147e-06	1.431798e-08
2.31862002e-06	1.432457e-08
2.31863857e-06	1.427781e-08
2.31865712e-06	1.433357e-08
2.31867567e-06	1.432495e-08
2.31869422e-06	1.431376e-08
2.31871277e-06	1.431789e-08
2.31873132e-06	1.432348e-08
2.31874987e-06	1.432133e-08
2.31876842e-06	1.429915e-08
2.31878697e-06	1.426416e-08
2.31880552e-06	1.426724e-08
2.31882407e-06	1.430418e-08
2.31884262e-06	1.432583e-08
2.31886117e-06	1.428046e-08
2.31887972e-06	1.423130e-08
2.31889827e-06	1.427873e-08
2.31891682e-06	1.431995e-08
2.31893538e-06	1.431214e-08
2.31895393e-06	1.432504e-08
2.31897248e-06	1.433226e-08
2.31899103e-06	1.430418e-08
2.31900958e-06	1.429687e-08
2.31902813e-06	1.427975e-08
2.31904669e-06	1.432216e-08
2.31906524e-06	1.419770e-08
2.31908379e-06	1.433221e-08
2.31910234e-06	1.420855e-08
2.31912090e-06	1.437514e-08
2.31913945e-06	1.439084e-08
2.31915800e-06	1.431450e-08
2.31917656e-06	1.438312e-08
2.31919511e-06	1.433613e-08
2.31921366e-06	1.432001e-08
2.31923222e-06	1.432771e-08
2.31925077e-06	1.431516e-08
2.31926932e-06	1.432517e-08
2.31928788e-06	1.432263e-08
2.31930643e-06	1.432011e-08
2.31932499e-06	1.429177e-08
2.31934354e-06	1.428035e-08
2.31936210e-06	1.432206e-08
2.31938065e-06	1.431821e-08
2.31939921e-06	1.430992e-08
2.31941776e-06	1.428828e-08
2.31943632e-06	1.426664e-08
2.31945487e-06	1.432004e-08
2.31947343e-06	1.419940e-08
2.31949198e-06	1.428059e-08
2.31951054e-06	1.400306e-08
2.31952910e-06	1.389538e-08
2.31954765e-06	1.389897e-08
2.31956621e-06	1.391827e-08
2.31958477e-06	1.423872e-08
2.31960332e-06	1.431941e-08
2.31962188e-06	1.421563e-08
2.31964044e-06	1.421315e-08
2.31965899e-06	1.424225e-08
2.31967755e-06	1.431638e-08
2.31969611e-06	1.422761e-08
2.31971466e-06	1.425540e-08
2.31973322e-06	1.427889e-08
2.31975178e-06	1.431313e-08
2.31977034e-06	1.427055e-08
2.31978890e-06	1.427680e-08
2.31980746e-06	1.422965e-08
2.31982601e-06	1.425003e-08
2.31984457e-06	1.425798e-08
2.31986313e-06	1.429876e-08
2.31988169e-06	1.425170e-08
2.31990025e-06	1.427012e-08
2.31991881e-06	1.429154e-08
2.31993737e-06	1.427432e-08
2.31995593e-06	1.431777e-08
2.31997449e-06	1.432007e-08
2.31999305e-06	1.424847e-08
2.32001161e-06	1.405679e-08
2.32003017e-06	1.431845e-08
2.32004873e-06	1.429197e-08
2.32006729e-06	1.431676e-08
2.32008585e-06	1.428126e-08
2.32010441e-06	1.431667e-08
2.32012297e-06	1.431592e-08
2.32014153e-06	1.431477e-08
2.32016009e-06	1.431144e-08
2.32017865e-06	1.431350e-08
2.32019721e-06	1.431493e-08
2.32021577e-06	1.430265e-08
2.32023434e-06	1.429835e-08
2.32025290e-06	1.431606e-08
2.32027146e-06	1.422891e-08
2.32029002e-06	1.431754e-08
2.32030858e-06	1.424306e-08
2.32032715e-06	1.418569e-08
2.32034571e-06	1.434094e-08
2.32036427e-06	1.405581e-08
2.32038284e-06	1.398366e-08
2.32040140e-06	1.431523e-08
2.32041996e-06	1.412566e-08
2.32043853e-06	1.398062e-08
2.32045709e-06	1.434309e-08
2.32047565e-06	1.432652e-08
2.32049422e-06	1.432933e-08
2.32051278e-06	1.431316e-08
2.32053135e-06	1.425397e-08
2.32054991e-06	1.422734e-08
2.32056847e-06	1.387755e-08
2.32058704e-06	1.438743e-08
2.32060560e-06	1.387559e-08
2.32062417e-06	1.397151e-08
2.32064273e-06	1.420923e-08
2.32066130e-06	1.427755e-08
2.32067986e-06	1.427972e-08
2.32069843e-06	1.430608e-08
2.32071699e-06	1.431761e-08
2.32073556e-06	1.393323e-08
2.32075413e-06	1.403097e-08
2.32077269e-06	1.427297e-08
2.32079126e-06	1.433326e-08
2.32080982e-06	1.432280e-08
2.32082839e-06	1.431120e-08
2.32084696e-06	1.433522e-08
2.32086552e-06	1.427055e-08
2.32088409e-06	1.391207e-08
2.32090266e-06	1.403915e-08
2.32092123e-06	1.417008e-08
2.32093979e-06	1.405449e-08
2.32095836e-06	1.407222e-08
2.32097693e-06	1.432162e-08
2.32099550e-06	1.429953e-08
2.32101406e-06	1.413058e-08
2.32103263e-06	1.414033e-08
2.32105120e-06	1.400419e-08
2.32106977e-06	1.431707e-08
2.32108834e-06	1.427567e-08
2.32110691e-06	1.426242e-08
2.32112547e-06	1.431834e-08
2.32114404e-06	1.418292e-08
2.32116261e-06	1.432665e-08
2.32118118e-06	1.420759e-08
2.32119975e-06	1.397009e-08
2.32121832e-06	1.422944e-08
2.32123689e-06	1.432731e-08
2.32125546e-06	1.431202e-08
2.32127403e-06	1.431189e-08
2.32129260e-06	1.432280e-08
2.32131117e-06	1.427766e-08
2.32132974e-06	1.411781e-08
2.32134831e-06	1.418972e-08
2.32136688e-06	1.428267e-08
2.32138545e-06	1.427251e-08
2.32140403e-06	1.425211e-08
2.32142260e-06	1.429209e-08
2.32144117e-06	1.423529e-08
2.32145974e-06	1.427790e-08
2.32147831e-06	1.429313e-08
2.32149688e-06	1.423520e-08
2.32151545e-06	1.415327e-08
2.32153403e-06	1.421970e-08
2.32155260e-06	1.431766e-08
2.32157117e-06	1.429100e-08
2.32158974e-06	1.428487e-08
2.32160832e-06	1.427596e-08
2.32162689e-06	1.432357e-08
2.32164546e-06	1.410194e-08
2.32166404e-06	1.421496e-08
2.32168261e-06	1.431556e-08
2.32170118e-06	1.424908e-08
2.32171976e-06	1.424453e-08
2.32173833e-06	1.429307e-08
2.32175690e-06	1.431395e-08
2.32177548e-06	1.430505e-08
2.32179405e-06	1.427844e-08
2.32181263e-06	1.429750e-08
2.32183120e-06	1.420178e-08
2.32184978e-06	1.428832e-08
2.32186835e-06	1.431120e-08
2.32188692e-06	1.431585e-08
2.32190550e-06	1.429232e-08
2.32192408e-06	1.433591e-08
2.32194265e-06	1.412523e-08
2.32196123e-06	1.410194e-08
2.32197980e-06	1.431685e-08
2.32199838e-06	1.430786e-08
2.32201695e-06	1.430249e-08
2.32203553e-06	1.435037e-08
2.32205411e-06	1.434624e-08
2.32207268e-06	1.427682e-08
2.32209126e-06	1.439255e-08
2.32210984e-06	1.417706e-08
2.32212841e-06	1.438712e-08
2.32214699e-06	1.435352e-08
2.32216557e-06	1.429267e-08
2.32218414e-06	1.395404e-08
2.32220272e-06	1.408726e-08
2.32222130e-06	1.433194e-08
2.32223988e-06	1.428651e-08
2.32225846e-06	1.424172e-08
2.32227703e-06	1.433056e-08
2.32229561e-06	1.432427e-08
2.32231419e-06	1.422481e-08
2.32233277e-06	1.429310e-08
2.32235135e-06	1.427700e-08
2.32236993e-06	1.392890e-08
2.32238850e-06	1.399315e-08
2.32240708e-06	1.430413e-08
2.32242566e-06	1.432587e-08
2.32244424e-06	1.432786e-08
2.32246282e-06	1.420498e-08
2.32248140e-06	1.413450e-08
2.32249998e-06	1.421901e-08
2.32251856e-06	1.434092e-08
2.32253714e-06	1.426793e-08
2.32255572e-06	1.427661e-08
2.32257430e-06	1.433060e-08
2.32259288e-06	1.434434e-08
2.32261146e-06	1.436735e-08
2.32263005e-06	1.420655e-08
2.32264863e-06	1.432887e-08
2.32266721e-06	1.439070e-08
2.32268579e-06	1.439401e-08
2.32270437e-06	1.407943e-08
2.32272295e-06	1.435361e-08
2.32274153e-06	1.434553e-08
2.32276012e-06	1.437676e-08
2.32277870e-06	1.418330e-08
2.32279728e-06	1.425506e-08
2.32281586e-06	1.430597e-08
2.32283444e-06	1.406426e-08
2.32285303e-06	1.408773e-08
2.32287161e-06	1.438337e-08
2.32289019e-06	1.400871e-08
2.32290878e-06	1.400878e-08
2.32292736e-06	1.392828e-08
2.32294594e-06	1.391443e-08
2.32296453e-06	1.429442e-08
2.32298311e-06	1.419395e-08
2.32300169e-06	1.391703e-08
2.32302028e-06	1.439191e-08
2.32303886e-06	1.389841e-08
2.32305745e-06	1.437031e-08
2.32307603e-06	1.432827e-08
2.32309462e-06	1.421494e-08
2.32311320e-06	1.424858e-08
2.32313179e-06	1.414583e-08
2.32315037e-06	1.416214e-08
2.32316896e-06	1.397176e-08
2.32318754e-06	1.405212e-08
2.32320613e-06	1.430902e-08
2.32322471e-06	1.433599e-08
2.32324330e-06	1.432884e-08
2.32326188e-06	1.433919e-08
2.32328047e-06	1.431132e-08
2.32329906e-06	1.430877e-08
2.32331764e-06	1.431525e-08
2.32333623e-06	1.428373e-08
2.32335482e-06	1.411082e-08
2.32337340e-06	1.415443e-08
2.32339199e-06	1.427375e-08
2.32341058e-06	1.434887e-08
2.32342916e-06	1.409789e-08
2.32344775e-06	1.438866e-08
2.32346634e-06	1.406399e-08
2.32348493e-06	1.438955e-08
2.32350352e-06	1.433242e-08
2.32352210e-06	1.433140e-08
2.32354069e-06	1.429895e-08
2.32355928e-06	1.418838e-08
2.32357787e-06	1.432753e-08
2.32359646e-06	1.415853e-08
2.32361504e-06	1.437910e-08
2.32363363e-06	1.438845e-08
2.32365222e-06	1.412547e-08
2.32367081e-06	1.437548e-08
2.32368940e-06	1.439620e-08
2.32370799e-06	1.406254e-08
2.32372658e-06	1.438479e-08
2.32374517e-06	1.405544e-08
2.32376376e-06	1.412639e-08
2.32378235e-06	1.433372e-08
2.32380094e-06	1.423193e-08
2.32381953e-06	1.423313e-08
2.32383812e-06	1.432703e-08
2.32385671e-06	1.432186e-08
2.32387530e-06	1.432759e-08
2.32389389e-06	1.426491e-08
2.32391249e-06	1.424199e-08
2.32393108e-06	1.416827e-08
2.32394967e-06	1.394658e-08
2.32396826e-06	1.434400e-08
2.32398685e-06	1.432342e-08
2.32400544e-06	1.404804e-08
2.32402404e-06	1.388732e-08
2.32404263e-06	1.437902e-08
2.32406122e-06	1.426133e-08
2.32407981e-06	1.437235e-08
2.32409840e-06	1.432092e-08
2.32411700e-06	1.432270e-08
2.32413559e-06	1.429945e-08
2.32415418e-06	1.425913e-08
2.32417278e-06	1.426573e-08
2.32419137e-06	1.429811e-08
2.32420996e-06	1.430593e-08
2.32422856e-06	1.430445e-08
2.32424715e-06	1.432245e-08
2.32426575e-06	1.422852e-08
2.32428434e-06	1.423192e-08
2.32430293e-06	1.390169e-08
2.32432153e-06	1.435048e-08
2.32434012e-06	1.417511e-08
2.32435872e-06	1.419046e-08
2.32437731e-06	1.432005e-08
2.32439591e-06	1.406898e-08
2.32441450e-06	1.438417e-08
2.32443310e-06	1.408885e-08
2.32445169e-06	1.435889e-08
2.32447029e-06	1.430283e-08
2.32448888e-06	1.431745e-08
2.32450748e-06	1.429919e-08
2.32452608e-06	1.429419e-08
2.32454467e-06	1.425425e-08
2.32456327e-06	1.430126e-08
2.32458187e-06	1.428600e-08
2.32460046e-06	1.427075e-08
2.32461906e-06	1.429955e-08
2.32463766e-06	1.431895e-08
2.32465625e-06	1.432195e-08
2.32467485e-06	1.411101e-08
2.32469345e-06	1.395722e-08
2.32471205e-06	1.435783e-08
2.32473064e-06	1.393996e-08
2.32474924e-06	1.385573e-08
2.32476784e-06	1.426148e-08
2.32478644e-06	1.419221e-08
2.32480504e-06	1.437595e-08
2.32482363e-06	1.428012e-08
2.32484223e-06	1.405548e-08
2.32486083e-06	1.385279e-08
2.32487943e-06	1.391189e-08
2.32489803e-06	1.403126e-08
2.32491663e-06	1.426426e-08
2.32493523e-06	1.432275e-08
2.32495383e-06	1.431402e-08
2.32497243e-06	1.431741e-08
2.32499103e-06	1.410823e-08
2.32500963e-06	1.426076e-08
2.32502823e-06	1.431263e-08
2.32504683e-06	1.426527e-08
2.32506543e-06	1.427526e-08
2.32508403e-06	1.433461e-08
2.32510263e-06	1.398595e-08
2.32512123e-06	1.421929e-08
2.32513983e-06	1.417992e-08
2.32515843e-06	1.424878e-08
2.32517703e-06	1.411343e-08
2.32519563e-06	1.436246e-08
2.32521424e-06	1.430039e-08
2.32523284e-06	1.384458e-08
2.32525144e-06	1.438407e-08
2.32527004e-06	1.404904e-08
2.32528864e-06	1.436789e-08
2.32530725e-06	1.428906e-08
2.32532585e-06	1.427830e-08
2.32534445e-06	1.431099e-08
2.32536305e-06	1.426853e-08
2.32538166e-06	1.424461e-08
2.32540026e-06	1.424078e-08
2.32541886e-06	1.425772e-08
2.32543747e-06	1.429687e-08
2.32545607e-06	1.429362e-08
2.32547467e-06	1.429328e-08
2.32549328e-06	1.427358e-08
2.32551188e-06	1.422803e-08
2.32553048e-06	1.423971e-08
2.32554909e-06	1.429107e-08
2.32556769e-06	1.432036e-08
2.32558630e-06	1.390642e-08
2.32560490e-06	1.408031e-08
2.32562351e-06	1.424891e-08
2.32564211e-06	1.430837e-08
2.32566072e-06	1.409208e-08
2.32567932e-06	1.424433e-08
2.32569793e-06	1.436179e-08
2.32571654e-06	1.410519e-08
2.32573514e-06	1.438201e-08
2.32575375e-06	1.412802e-08
2.32577235e-06	1.437024e-08
2.32579096e-06	1.433309e-08
2.32580956e-06	1.430837e-08
2.32582817e-06	1.431051e-08
2.32584678e-06	1.421135e-08
2.32586538e-06	1.410865e-08
2.32588399e-06	1.403054e-08
2.32590260e-06	1.414754e-08
2.32592121e-06	1.419239e-08
2.32593981e-06	1.418188e-08
2.32595842e-06	1.393211e-08
2.32597703e-06	1.383333e-08
2.32599564e-06	1.384733e-08
2.32601424e-06	1.428006e-08
2.32603285e-06	1.432132e-08
2.32605146e-06	1.419719e-08
2.32607007e-06	1.421845e-08
2.32608868e-06	1.391216e-08
2.32610729e-06	1.386831e-08
2.32612590e-06	1.404273e-08
2.32614450e-06	1.434996e-08
2.32616311e-06	1.431237e-08
2.32618172e-06	1.424174e-08
2.32620033e-06	1.432299e-08
2.32621894e-06	1.431914e-08
2.32623755e-06	1.419938e-08
2.32625616e-06	1.436422e-08
2.32627477e-06	1.433089e-08
2.32629338e-06	1.406338e-08
2.32631199e-06	1.391650e-08
2.32633060e-06	1.405726e-08
2.32634921e-06	1.403037e-08
2.32636782e-06	1.404891e-08
2.32638643e-06	1.424698e-08
2.32640505e-06	1.425327e-08
2.32642366e-06	1.424319e-08
2.32644227e-06	1.426750e-08
2.32646088e-06	1.430357e-08
2.32647949e-06	1.429062e-08
2.32649810e-06	1.429355e-08
2.32651671e-06	1.428166e-08
2.32653533e-06	1.423526e-08
2.32655394e-06	1.428860e-08
2.32657255e-06	1.428940e-08
2.32659116e-06	1.429035e-08
2.32660978e-06	1.429642e-08
2.32662839e-06	1.428824e-08
2.32664700e-06	1.429969e-08
2.32666562e-06	1.420660e-08
2.32668423e-06	1.414064e-08
2.32670284e-06	1.411268e-08
2.32672146e-06	1.424148e-08
2.32674007e-06	1.426483e-08
2.32675869e-06	1.434421e-08
2.32677730e-06	1.437302e-08
2.32679591e-06	1.420610e-08
2.32681453e-06	1.434813e-08
2.32683314e-06	1.434373e-08
2.32685176e-06	1.384932e-08
2.32687037e-06	1.433911e-08
2.32688899e-06	1.431669e-08
2.32690760e-06	1.429521e-08
2.32692622e-06	1.431161e-08
2.32694483e-06	1.429261e-08
2.32696345e-06	1.429457e-08
2.32698206e-06	1.430265e-08
2.32700068e-06	1.428609e-08
2.32701930e-06	1.415363e-08
2.32703791e-06	1.428470e-08
2.32705653e-06	1.428520e-08
2.32707514e-06	1.428953e-08
2.32709376e-06	1.418966e-08
2.32711238e-06	1.414193e-08
2.32713099e-06	1.402313e-08
2.32714961e-06	1.413555e-08
2.32716823e-06	1.429037e-08
2.32718685e-06	1.424057e-08
2.32720546e-06	1.428112e-08
2.32722408e-06	1.428194e-08
2.32724270e-06	1.424677e-08
2.32726132e-06	1.430329e-08
2.32727993e-06	1.407503e-08
2.32729855e-06	1.407596e-08
2.32731717e-06	1.420333e-08
2.32733579e-06	1.430982e-08
2.32735441e-06	1.427433e-08
2.32737303e-06	1.431038e-08
2.32739165e-06	1.427071e-08
2.32741027e-06	1.413411e-08
2.32742888e-06	1.433130e-08
2.32744750e-06	1.436364e-08
2.32746612e-06	1.409529e-08
2.32748474e-06	1.432651e-08
2.32750336e-06	1.431889e-08
2.32752198e-06	1.430169e-08
2.32754060e-06	1.430066e-08
2.32755922e-06	1.429150e-08
2.32757784e-06	1.427723e-08
2.32759646e-06	1.427220e-08
2.32761509e-06	1.399201e-08
2.32763371e-06	1.427549e-08
2.32765233e-06	1.427115e-08
2.32767095e-06	1.425894e-08
2.32768957e-06	1.428481e-08
2.32770819e-06	1.428961e-08
2.32772681e-06	1.428588e-08
2.32774544e-06	1.427794e-08
2.32776406e-06	1.427117e-08
2.32778268e-06	1.426241e-08
2.32780130e-06	1.426060e-08
2.32781992e-06	1.427846e-08
2.32783855e-06	1.420268e-08
2.32785717e-06	1.416099e-08
2.32787579e-06	1.429347e-08
2.32789442e-06	1.430678e-08
2.32791304e-06	1.392088e-08
2.32793166e-06	1.387196e-08
2.32795028e-06	1.407327e-08
2.32796891e-06	1.402113e-08
2.32798753e-06	1.431357e-08
2.32800616e-06	1.431075e-08
2.32802478e-06	1.431154e-08
2.32804340e-06	1.434328e-08
2.32806203e-06	1.420045e-08
2.32808065e-06	1.436370e-08
2.32809928e-06	1.434413e-08
2.32811790e-06	1.419330e-08
2.32813653e-06	1.425715e-08
2.32815515e-06	1.423953e-08
2.32817378e-06	1.431660e-08
2.32819240e-06	1.430439e-08
2.32821103e-06	1.425579e-08
2.32822965e-06	1.412391e-08
2.32824828e-06	1.426891e-08
2.32826691e-06	1.430878e-08
2.32828553e-06	1.432115e-08
2.32830416e-06	1.396280e-08
2.32832279e-06	1.394163e-08
2.32834141e-06	1.430986e-08
2.32836004e-06	1.431072e-08
2.32837867e-06	1.430140e-08
2.32839729e-06	1.414926e-08
2.32841592e-06	1.403155e-08
2.32843455e-06	1.430729e-08
2.32845317e-06	1.431945e-08
2.32847180e-06	1.407046e-08
2.32849043e-06	1.436346e-08
2.32850906e-06	1.412201e-08
2.32852769e-06	1.429131e-08
2.32854631e-06	1.428675e-08
2.32856494e-06	1.429591e-08
2.32858357e-06	1.422636e-08
2.32860220e-06	1.429779e-08
2.32862083e-06	1.426346e-08
2.32863946e-06	1.403132e-08
2.32865809e-06	1.387606e-08
2.32867672e-06	1.405726e-08
2.32869535e-06	1.416160e-08
2.32871397e-06	1.405198e-08
2.32873260e-06	1.397878e-08
2.32875123e-06	1.415633e-08
2.32876987e-06	1.436529e-08
2.32878849e-06	1.432947e-08
2.32880712e-06	1.397869e-08
2.32882576e-06	1.417862e-08
2.32884439e-06	1.432263e-08
2.32886302e-06	1.430157e-08
2.32888165e-06	1.428513e-08
2.32890028e-06	1.428408e-08
2.32891891e-06	1.424190e-08
2.32893754e-06	1.405881e-08
2.32895617e-06	1.411452e-08
2.32897481e-06	1.427783e-08
2.32899344e-06	1.414111e-08
2.32901207e-06	1.421994e-08
2.32903070e-06	1.430415e-08
2.32904933e-06	1.429773e-08
2.32906797e-06	1.421770e-08
2.32908660e-06	1.385980e-08
2.32910523e-06	1.407188e-08
2.32912386e-06	1.430932e-08
2.32914250e-06	1.428634e-08
2.32916113e-06	1.429174e-08
2.32917976e-06	1.428525e-08
2.32919840e-06	1.409301e-08
2.32921703e-06	1.414270e-08
2.32923566e-06	1.428471e-08
2.32925430e-06	1.428012e-08
2.32927293e-06	1.424573e-08
2.32929157e-06	1.429195e-08
2.32931020e-06	1.423732e-08
2.32932883e-06	1.426763e-08
2.32934747e-06	1.427836e-08
2.32936610e-06	1.401488e-08
2.32938474e-06	1.400911e-08
2.32940337e-06	1.420610e-08
2.32942201e-06	1.407004e-08
2.32944065e-06	1.427120e-08
2.32945928e-06	1.413315e-08
2.32947792e-06	1.386524e-08
2.32949655e-06	1.419708e-08
2.32951519e-06	1.436486e-08
2.32953382e-06	1.402518e-08
2.32955246e-06	1.427090e-08
2.32957110e-06	1.431609e-08
2.32958973e-06	1.429231e-08
2.32960837e-06	1.423433e-08
2.32962701e-06	1.420170e-08
2.32964564e-06	1.425655e-08
2.32966428e-06	1.418186e-08
2.32968292e-06	1.414599e-08
2.32970156e-06	1.406488e-08
2.32972019e-06	1.407186e-08
2.32973883e-06	1.421034e-08
2.32975747e-06	1.428214e-08
2.32977611e-06	1.430584e-08
2.32979475e-06	1.403855e-08
2.32981338e-06	1.408955e-08
2.32983202e-06	1.428946e-08
2.32985066e-06	1.427838e-08
2.32986930e-06	1.426680e-08
2.32988794e-06	1.425200e-08
2.32990658e-06	1.427806e-08
2.32992522e-06	1.426355e-08
2.32994386e-06	1.426959e-08
2.32996250e-06	1.427017e-08
2.32998113e-06	1.428555e-08
2.32999977e-06	1.430084e-08
2.33001842e-06	1.409275e-08
2.33003706e-06	1.405465e-08
2.33005570e-06	1.430669e-08
2.33007434e-06	1.430644e-08
2.33009298e-06	1.415636e-08
2.33011162e-06	1.409714e-08
2.33013026e-06	1.422489e-08
2.33014890e-06	1.418458e-08
2.33016754e-06	1.416510e-08
2.33018618e-06	1.435939e-08
2.33020482e-06	1.387015e-08
2.33022347e-06	1.425854e-08
2.33024211e-06	1.428561e-08
2.33026075e-06	1.384462e-08
2.33027939e-06	1.435148e-08
2.33029803e-06	1.395570e-08
2.33031667e-06	1.434868e-08
2.33033532e-06	1.433156e-08
2.33035396e-06	1.431669e-08
2.33037260e-06	1.431957e-08
2.33039125e-06	1.393898e-08
2.33040989e-06	1.407935e-08
2.33042853e-06	1.434547e-08
2.33044718e-06	1.401645e-08
2.33046582e-06	1.382896e-08
2.33048446e-06	1.411031e-08
2.33050311e-06	1.425056e-08
2.33052175e-06	1.390517e-08
2.33054040e-06	1.405686e-08
2.33055904e-06	1.431817e-08
2.33057768e-06	1.424327e-08
2.33059633e-06	1.406751e-08
2.33061497e-06	1.415437e-08
2.33063362e-06	1.408313e-08
2.33065226e-06	1.386157e-08
2.33067091e-06	1.381913e-08
2.33068955e-06	1.395846e-08
2.33070820e-06	1.410548e-08
2.33072685e-06	1.414666e-08
2.33074549e-06	1.397656e-08
2.33076414e-06	1.417221e-08
2.33078278e-06	1.426158e-08
2.33080143e-06	1.420508e-08
2.33082008e-06	1.423396e-08
2.33083872e-06	1.427607e-08
2.33085737e-06	1.428873e-08
2.33087602e-06	1.427375e-08
2.33089466e-06	1.423405e-08
2.33091331e-06	1.428968e-08
2.33093196e-06	1.427617e-08
2.33095061e-06	1.421047e-08
2.33096925e-06	1.427570e-08
2.33098790e-06	1.390528e-08
2.33100655e-06	1.392904e-08
2.33102520e-06	1.402098e-08
2.33104384e-06	1.421874e-08
2.33106249e-06	1.436302e-08
2.33108114e-06	1.418771e-08
2.33109979e-06	1.435976e-08
2.33111844e-06	1.397346e-08
2.33113709e-06	1.427637e-08
2.33115574e-06	1.405815e-08
2.33117439e-06	1.426507e-08
2.33119304e-06	1.426301e-08
2.33121169e-06	1.406430e-08
2.33123033e-06	1.418090e-08
2.33124898e-06	1.423015e-08
2.33126763e-06	1.420350e-08
2.33128629e-06	1.428697e-08
2.33130493e-06	1.427008e-08
2.33132359e-06	1.420789e-08
2.33134224e-06	1.430334e-08
2.33136089e-06	1.428646e-08
2.33137954e-06	1.388328e-08
2.33139819e-06	1.405667e-08
2.33141684e-06	1.425253e-08
2.33143549e-06	1.422947e-08
2.33145414e-06	1.426402e-08
2.33147280e-06	1.427638e-08
2.33149145e-06	1.427513e-08
2.33151010e-06	1.428321e-08
2.33152875e-06	1.425218e-08
2.33154740e-06	1.400611e-08
2.33156606e-06	1.422050e-08
2.33158471e-06	1.414212e-08
2.33160336e-06	1.383683e-08
2.33162201e-06	1.402639e-08
2.33164067e-06	1.424652e-08
2.33165932e-06	1.423248e-08
2.33167797e-06	1.427508e-08
2.33169663e-06	1.428993e-08
2.33171528e-06	1.416318e-08
2.33173393e-06	1.405717e-08
2.33175259e-06	1.429987e-08
2.33177124e-06	1.423423e-08
2.33178990e-06	1.400882e-08
2.33180855e-06	1.427799e-08
2.33182720e-06	1.429491e-08
2.33184586e-06	1.430237e-08
2.33186451e-06	1.393335e-08
2.33188317e-06	1.400892e-08
2.33190182e-06	1.396740e-08
2.33192048e-06	1.417709e-08
2.33193913e-06	1.433036e-08
2.33195779e-06	1.435742e-08
2.33197644e-06	1.386487e-08
2.33199510e-06	1.418215e-08
2.33201376e-06	1.426541e-08
2.33203241e-06	1.430272e-08
2.33205107e-06	1.426284e-08
2.33206973e-06	1.426730e-08
2.33208838e-06	1.429485e-08
2.33210704e-06	1.412037e-08
2.33212570e-06	1.427009e-08
2.33214435e-06	1.423103e-08
2.33216301e-06	1.425680e-08
2.33218167e-06	1.425181e-08
2.33220033e-06	1.426520e-08
2.33221898e-06	1.414845e-08
2.33223764e-06	1.408056e-08
2.33225630e-06	1.408213e-08
2.33227496e-06	1.425809e-08
2.33229361e-06	1.424474e-08
2.33231227e-06	1.421054e-08
2.33233093e-06	1.426522e-08
2.33234959e-06	1.426657e-08
2.33236825e-06	1.425434e-08
2.33238691e-06	1.425807e-08
2.33240557e-06	1.426364e-08
2.33242423e-06	1.423251e-08
2.33244288e-06	1.427085e-08
2.33246154e-06	1.425942e-08
2.33248020e-06	1.425107e-08
2.33249886e-06	1.426204e-08
2.33251752e-06	1.424385e-08
2.33253618e-06	1.425524e-08
2.33255485e-06	1.415365e-08
2.33257350e-06	1.409830e-08
2.33259217e-06	1.425366e-08
2.33261083e-06	1.426678e-08
2.33262949e-06	1.423009e-08
2.33264815e-06	1.423196e-08
2.33266681e-06	1.425775e-08
2.33268547e-06	1.422619e-08
2.33270413e-06	1.422153e-08
2.33272279e-06	1.427337e-08
2.33274146e-06	1.425278e-08
2.33276012e-06	1.425951e-08
2.33277878e-06	1.389268e-08
2.33279744e-06	1.398668e-08
2.33281610e-06	1.408446e-08
2.33283477e-06	1.433770e-08
2.33285343e-06	1.435326e-08
2.33287209e-06	1.408282e-08
2.33289075e-06	1.401560e-08
2.33290942e-06	1.392470e-08
2.33292808e-06	1.429900e-08
2.33294675e-06	1.429035e-08
2.33296541e-06	1.428612e-08
2.33298407e-06	1.424854e-08
2.33300274e-06	1.427531e-08
2.33302140e-06	1.427006e-08
2.33304006e-06	1.426968e-08
2.33305873e-06	1.426881e-08
2.33307739e-06	1.427381e-08
2.33309606e-06	1.427499e-08
2.33311472e-06	1.419821e-08
2.33313339e-06	1.423701e-08
2.33315205e-06	1.402650e-08
2.33317072e-06	1.404667e-08
2.33318938e-06	1.429092e-08
2.33320805e-06	1.429701e-08
2.33322671e-06	1.406269e-08
2.33324538e-06	1.398352e-08
2.33326405e-06	1.421875e-08
2.33328271e-06	1.407766e-08
2.33330138e-06	1.427717e-08
2.33332004e-06	1.426574e-08
2.33333871e-06	1.427201e-08
2.33335738e-06	1.422828e-08
2.33337604e-06	1.415795e-08
2.33339471e-06	1.423714e-08
2.33341338e-06	1.424985e-08
2.33343205e-06	1.422236e-08
2.33345071e-06	1.420772e-08
2.33346938e-06	1.423740e-08
2.33348805e-06	1.427219e-08
2.33350672e-06	1.420223e-08
2.33352538e-06	1.405644e-08
2.33354405e-06	1.416272e-08
2.33356272e-06	1.412289e-08
2.33358139e-06	1.405277e-08
2.33360006e-06	1.427563e-08
2.33361873e-06	1.428016e-08
2.33363740e-06	1.422442e-08
2.33365607e-06	1.424718e-08
2.33367473e-06	1.431936e-08
2.33369340e-06	1.405361e-08
2.33371207e-06	1.432105e-08
2.33373074e-06	1.419182e-08
2.33374941e-06	1.390234e-08
2.33376808e-06	1.425382e-08
2.33378675e-06	1.434361e-08
2.33380542e-06	1.397727e-08
2.33382410e-06	1.435355e-08
2.33384277e-06	1.427772e-08
2.33386144e-06	1.428548e-08
2.33388011e-06	1.422980e-08
2.33389878e-06	1.424664e-08
2.33391745e-06	1.426443e-08
2.33393612e-06	1.426414e-08
2.33395479e-06	1.420624e-08
2.33397346e-06	1.426491e-08
2.33399213e-06	1.417414e-08
2.33401081e-06	1.423867e-08
2.33402948e-06	1.427042e-08
2.33404815e-06	1.424791e-08
2.33406682e-06	1.426065e-08
2.33408550e-06	1.414737e-08
2.33410417e-06	1.413870e-08
2.33412284e-06	1.428836e-08
2.33414152e-06	1.406203e-08
2.33416019e-06	1.390870e-08
2.33417886e-06	1.397326e-08
2.33419754e-06	1.386649e-08
2.33421621e-06	1.383549e-08
2.33423488e-06	1.418830e-08
2.33425356e-06	1.429822e-08
2.33427223e-06	1.425233e-08
2.33429090e-06	1.387923e-08
2.33430958e-06	1.381071e-08
2.33432825e-06	1.391573e-08
2.33434693e-06	1.409105e-08
2.33436560e-06	1.416886e-08
2.33438428e-06	1.427149e-08
2.33440295e-06	1.429239e-08
2.33442163e-06	1.419596e-08
2.33444030e-06	1.393896e-08
2.33445898e-06	1.411021e-08
2.33447765e-06	1.421360e-08
2.33449633e-06	1.422218e-08
2.33451501e-06	1.416842e-08
2.33453368e-06	1.427608e-08
2.33455236e-06	1.428110e-08
2.33457104e-06	1.404618e-08
2.33458971e-06	1.425176e-08
2.33460839e-06	1.428696e-08
2.33462706e-06	1.417540e-08
2.33464574e-06	1.408821e-08
2.33466442e-06	1.427145e-08
2.33468310e-06	1.428332e-08
2.33470177e-06	1.431421e-08
2.33472045e-06	1.430843e-08
2.33473913e-06	1.384177e-08
2.33475781e-06	1.433256e-08
2.33477648e-06	1.400690e-08
2.33479516e-06	1.398721e-08
2.33481384e-06	1.415682e-08
2.33483252e-06	1.410968e-08
2.33485120e-06	1.399627e-08
2.33486988e-06	1.403754e-08
2.33488856e-06	1.424095e-08
2.33490724e-06	1.422898e-08
2.33492591e-06	1.417011e-08
2.33494460e-06	1.422470e-08
2.33496327e-06	1.427082e-08
2.33498195e-06	1.418211e-08
2.33500063e-06	1.418502e-08
2.33501931e-06	1.426411e-08
2.33503799e-06	1.422721e-08
2.33505667e-06	1.419184e-08
2.33507535e-06	1.423817e-08
2.33509404e-06	1.425978e-08
2.33511272e-06	1.401781e-08
2.33513140e-06	1.413908e-08
2.33515008e-06	1.430400e-08
2.33516876e-06	1.422979e-08
2.33518744e-06	1.389926e-08
2.33520612e-06	1.401899e-08
2.33522480e-06	1.425205e-08
2.33524348e-06	1.414815e-08
2.33526217e-06	1.410526e-08
2.33528085e-06	1.425255e-08
2.33529953e-06	1.428244e-08
2.33531821e-06	1.419795e-08
2.33533690e-06	1.416292e-08
2.33535558e-06	1.418489e-08
2.33537426e-06	1.387414e-08
2.33539294e-06	1.384185e-08
2.33541163e-06	1.420661e-08
2.33543031e-06	1.419337e-08
2.33544900e-06	1.398638e-08
2.33546768e-06	1.379945e-08
2.33548636e-06	1.402223e-08
2.33550505e-06	1.379179e-08
2.33552373e-06	1.391755e-08
2.33554242e-06	1.432104e-08
2.33556110e-06	1.383137e-08
2.33557978e-06	1.428021e-08
2.33559847e-06	1.429276e-08
2.33561715e-06	1.428822e-08
2.33563584e-06	1.431178e-08
2.33565452e-06	1.421162e-08
2.33567321e-06	1.406286e-08
2.33569189e-06	1.421451e-08
2.33571058e-06	1.414873e-08
2.33572927e-06	1.419182e-08
2.33574795e-06	1.419465e-08
2.33576664e-06	1.428068e-08
2.33578532e-06	1.433779e-08
2.33580401e-06	1.391083e-08
2.33582269e-06	1.425226e-08
2.33584138e-06	1.430783e-08
2.33586007e-06	1.429575e-08
2.33587876e-06	1.427728e-08
2.33589744e-06	1.417258e-08
2.33591613e-06	1.424914e-08
2.33593482e-06	1.427535e-08
2.33595350e-06	1.428062e-08
2.33597219e-06	1.395401e-08
2.33599088e-06	1.404685e-08
2.33600957e-06	1.423359e-08
2.33602826e-06	1.424753e-08
2.33604694e-06	1.426400e-08
2.33606563e-06	1.425122e-08
2.33608432e-06	1.419792e-08
2.33610301e-06	1.418533e-08
2.33612170e-06	1.418620e-08
2.33614039e-06	1.423567e-08
2.33615908e-06	1.424964e-08
2.33617777e-06	1.425482e-08
2.33619646e-06	1.423922e-08
2.33621514e-06	1.424110e-08
2.33623383e-06	1.426306e-08
2.33625253e-06	1.424916e-08
2.33627121e-06	1.425588e-08
2.33628990e-06	1.426033e-08
2.33630860e-06	1.428464e-08
2.33632729e-06	1.400333e-08
2.33634598e-06	1.384664e-08
2.33636467e-06	1.392483e-08
2.33638336e-06	1.427869e-08
2.33640205e-06	1.418540e-08
2.33642074e-06	1.416384e-08
2.33643943e-06	1.427502e-08
2.33645812e-06	1.422572e-08
2.33647681e-06	1.425773e-08
2.33649551e-06	1.424577e-08
2.33651420e-06	1.424638e-08
2.33653289e-06	1.420114e-08
2.33655158e-06	1.424362e-08
2.33657028e-06	1.424767e-08
2.33658897e-06	1.425457e-08
2.33660766e-06	1.425561e-08
2.33662635e-06	1.425069e-08
2.33664505e-06	1.426552e-08
2.33666374e-06	1.428158e-08
2.33668243e-06	1.430555e-08
2.33670113e-06	1.381733e-08
2.33671982e-06	1.380830e-08
2.33673851e-06	1.396977e-08
2.33675721e-06	1.414234e-08
2.33677590e-06	1.428573e-08
2.33679460e-06	1.432249e-08
2.33681329e-06	1.406086e-08
2.33683198e-06	1.433611e-08
2.33685068e-06	1.425104e-08
2.33686937e-06	1.392439e-08
2.33688807e-06	1.389837e-08
2.33690676e-06	1.390634e-08
2.33692546e-06	1.421425e-08
2.33694415e-06	1.422568e-08
2.33696285e-06	1.415309e-08
2.33698155e-06	1.380191e-08
2.33700024e-06	1.381574e-08
2.33701894e-06	1.409299e-08
2.33703763e-06	1.423461e-08
2.33705633e-06	1.424930e-08
2.33707503e-06	1.426210e-08
2.33709372e-06	1.426155e-08
2.33711242e-06	1.425256e-08
2.33713112e-06	1.426050e-08
2.33714981e-06	1.423704e-08
2.33716851e-06	1.425394e-08
2.33718721e-06	1.421078e-08
2.33720591e-06	1.425062e-08
2.33722460e-06	1.419807e-08
2.33724330e-06	1.425372e-08
2.33726200e-06	1.425019e-08
2.33728070e-06	1.391109e-08
2.33729940e-06	1.393670e-08
2.33731809e-06	1.428762e-08
2.33733679e-06	1.425648e-08
2.33735549e-06	1.425626e-08
2.33737419e-06	1.429125e-08
2.33739289e-06	1.405556e-08
2.33741159e-06	1.429917e-08
2.33743029e-06	1.386365e-08
2.33744899e-06	1.423777e-08
2.33746769e-06	1.426609e-08
2.33748639e-06	1.408993e-08
2.33750509e-06	1.413838e-08
2.33752379e-06	1.419143e-08
2.33754249e-06	1.425786e-08
2.33756119e-06	1.420928e-08
2.33757989e-06	1.413495e-08
2.33759859e-06	1.414273e-08
2.33761729e-06	1.424584e-08
2.33763599e-06	1.420603e-08
2.33765469e-06	1.425876e-08
2.33767339e-06	1.423977e-08
2.33769209e-06	1.425948e-08
2.33771079e-06	1.425605e-08
2.33772950e-06	1.398580e-08
2.33774820e-06	1.381746e-08
2.33776690e-06	1.402199e-08
2.33778560e-06	1.430065e-08
2.33780431e-06	1.427524e-08
2.33782301e-06	1.427713e-08
2.33784171e-06	1.424824e-08
2.33786041e-06	1.424233e-08
2.33787912e-06	1.430422e-08
2.33789782e-06	1.432219e-08
2.33791652e-06	1.391759e-08
2.33793523e-06	1.433131e-08
2.33795393e-06	1.418469e-08
2.33797263e-06	1.419946e-08
2.33799134e-06	1.430594e-08
2.33801004e-06	1.430412e-08
2.33802874e-06	1.404229e-08
2.33804745e-06	1.383794e-08
2.33806615e-06	1.420544e-08
2.33808486e-06	1.420243e-08
2.33810356e-06	1.427272e-08
2.33812227e-06	1.423271e-08
2.33814097e-06	1.427645e-08
2.33815968e-06	1.428233e-08
2.33817838e-06	1.418926e-08
2.33819709e-06	1.409955e-08
2.33821579e-06	1.426436e-08
2.33823450e-06	1.418656e-08
2.33825321e-06	1.428222e-08
2.33827191e-06	1.426347e-08
2.33829062e-06	1.426028e-08
2.33830932e-06	1.425652e-08
2.33832803e-06	1.383315e-08
2.33834674e-06	1.383700e-08
2.33836544e-06	1.431695e-08
2.33838415e-06	1.428767e-08
2.33840286e-06	1.434884e-08
2.33842156e-06	1.434657e-08
2.33844027e-06	1.422745e-08
2.33845898e-06	1.406279e-08
2.33847769e-06	1.415264e-08
2.33849639e-06	1.408042e-08
2.33851510e-06	1.377271e-08
2.33853381e-06	1.387392e-08
2.33855252e-06	1.421910e-08
2.33857123e-06	1.371262e-08
2.33858994e-06	1.376543e-08
2.33860864e-06	1.394730e-08
2.33862735e-06	1.423248e-08
2.33864606e-06	1.427227e-08
2.33866477e-06	1.425149e-08
2.33868348e-06	1.410317e-08
2.33870219e-06	1.414966e-08
2.33872090e-06	1.391483e-08
2.33873961e-06	1.384317e-08
2.33875832e-06	1.415033e-08
2.33877703e-06	1.422171e-08
2.33879574e-06	1.427995e-08
2.33881445e-06	1.429418e-08
2.33883316e-06	1.428333e-08
2.33885187e-06	1.426139e-08
2.33887058e-06	1.428498e-08
2.33888929e-06	1.426818e-08
2.33890800e-06	1.423388e-08
2.33892672e-06	1.419640e-08
2.33894543e-06	1.386098e-08
2.33896414e-06	1.382683e-08
2.33898285e-06	1.422369e-08
2.33900156e-06	1.428448e-08
2.33902027e-06	1.427481e-08
2.33903899e-06	1.430154e-08
2.33905770e-06	1.395580e-08
2.33907641e-06	1.432492e-08
2.33909512e-06	1.425193e-08
2.33911384e-06	1.411236e-08
2.33913255e-06	1.426507e-08
2.33915126e-06	1.416046e-08
2.33916998e-06	1.419835e-08
2.33918869e-06	1.414753e-08
2.33920740e-06	1.419667e-08
2.33922612e-06	1.389766e-08
2.33924483e-06	1.422823e-08
2.33926354e-06	1.427272e-08
2.33928226e-06	1.425643e-08
2.33930097e-06	1.384611e-08
2.33931969e-06	1.424924e-08
2.33933840e-06	1.380867e-08
2.33935712e-06	1.429556e-08
2.33937583e-06	1.426498e-08
2.33939455e-06	1.424667e-08
2.33941326e-06	1.425255e-08
2.33943198e-06	1.425877e-08
2.33945069e-06	1.424582e-08
2.33946941e-06	1.390773e-08
2.33948812e-06	1.399559e-08
2.33950684e-06	1.426077e-08
2.33952556e-06	1.425913e-08
2.33954427e-06	1.425186e-08
2.33956299e-06	1.424444e-08
2.33958171e-06	1.426214e-08
2.33960042e-06	1.406873e-08
2.33961914e-06	1.385647e-08
2.33963785e-06	1.414201e-08
2.33965657e-06	1.409197e-08
2.33967529e-06	1.408246e-08
2.33969401e-06	1.425175e-08
2.33971272e-06	1.424579e-08
2.33973144e-06	1.423915e-08
2.33975016e-06	1.409848e-08
2.33976888e-06	1.422891e-08
2.33978760e-06	1.424518e-08
2.33980631e-06	1.423724e-08
2.33982503e-06	1.419176e-08
2.33984375e-06	1.425956e-08
2.33986247e-06	1.408442e-08
2.33988119e-06	1.391568e-08
2.33989991e-06	1.403698e-08
2.33991863e-06	1.425397e-08
2.33993735e-06	1.423639e-08
2.33995607e-06	1.422234e-08
2.33997479e-06	1.425722e-08
2.33999351e-06	1.425594e-08
2.34001223e-06	1.415578e-08
2.34003095e-06	1.393082e-08
2.34004967e-06	1.409361e-08
2.34006839e-06	1.400571e-08
2.34008711e-06	1.411158e-08
2.34010583e-06	1.426382e-08
2.34012455e-06	1.407898e-08
2.34014327e-06	1.422069e-08
2.34016199e-06	1.425664e-08
2.34018071e-06	1.408697e-08
2.34019943e-06	1.414534e-08
2.34021815e-06	1.430631e-08
2.34023688e-06	1.424567e-08
2.34025560e-06	1.429883e-08
2.34027432e-06	1.432443e-08
2.34029304e-06	1.379041e-08
2.34031177e-06	1.418777e-08
2.34033049e-06	1.427975e-08
2.34034921e-06	1.404029e-08
2.34036793e-06	1.391138e-08
2.34038666e-06	1.381338e-08
2.34040538e-06	1.379782e-08
2.34042410e-06	1.391294e-08
2.34044283e-06	1.396985e-08
2.34046155e-06	1.389263e-08
2.34048027e-06	1.427650e-08
2.34049900e-06	1.427708e-08
2.34051772e-06	1.397714e-08
2.34053644e-06	1.401735e-08
2.34055517e-06	1.422017e-08
2.34057389e-06	1.414471e-08
2.34059262e-06	1.425007e-08
2.34061134e-06	1.393233e-08
2.34063007e-06	1.380340e-08
2.34064879e-06	1.417303e-08
2.34066752e-06	1.416075e-08
2.34068624e-06	1.423590e-08
2.34070497e-06	1.416606e-08
2.34072369e-06	1.419779e-08
2.34074242e-06	1.423230e-08
2.34076115e-06	1.418276e-08
2.34077987e-06	1.416412e-08
2.34079860e-06	1.415771e-08
2.34081733e-06	1.422712e-08
2.34083605e-06	1.421532e-08
2.34085478e-06	1.423806e-08
2.34087350e-06	1.423106e-08
2.34089223e-06	1.422761e-08
2.34091096e-06	1.423868e-08
2.34092969e-06	1.423248e-08
2.34094841e-06	1.419107e-08
2.34096714e-06	1.423868e-08
2.34098587e-06	1.423058e-08
2.34100460e-06	1.424609e-08
2.34102333e-06	1.425716e-08
2.34104205e-06	1.427291e-08
2.34106078e-06	1.381864e-08
2.34107951e-06	1.382903e-08
2.34109824e-06	1.392108e-08
2.34111697e-06	1.418047e-08
2.34113570e-06	1.412853e-08
2.34115443e-06	1.398478e-08
2.34117315e-06	1.415800e-08
2.34119188e-06	1.424314e-08
2.34121061e-06	1.424457e-08
2.34122934e-06	1.425286e-08
2.34124807e-06	1.426401e-08
2.34126680e-06	1.396283e-08
2.34128553e-06	1.392385e-08
2.34130426e-06	1.430707e-08
2.34132299e-06	1.425909e-08
2.34134172e-06	1.419588e-08
2.34136045e-06	1.398061e-08
2.34137919e-06	1.425632e-08
2.34139792e-06	1.427040e-08
2.34141665e-06	1.420411e-08
2.34143538e-06	1.413998e-08
2.34145411e-06	1.389057e-08
2.34147284e-06	1.380675e-08
2.34149158e-06	1.429998e-08
2.34151031e-06	1.383979e-08
2.34152904e-06	1.419823e-08
2.34154777e-06	1.405608e-08
2.34156650e-06	1.407031e-08
2.34158524e-06	1.415044e-08
2.34160397e-06	1.425192e-08
2.34162270e-06	1.420415e-08
2.34164143e-06	1.421981e-08
2.34166017e-06	1.425680e-08
2.34167890e-06	1.418548e-08
2.34169763e-06	1.378980e-08
2.34171637e-06	1.379704e-08
2.34173510e-06	1.391644e-08
2.34175384e-06	1.405932e-08
2.34177257e-06	1.423369e-08
2.34179130e-06	1.423821e-08
2.34181004e-06	1.423533e-08
2.34182877e-06	1.422640e-08
2.34184751e-06	1.423398e-08
2.34186624e-06	1.404390e-08
2.34188498e-06	1.391373e-08
2.34190371e-06	1.422350e-08
2.34192245e-06	1.423298e-08
2.34194118e-06	1.412433e-08
2.34195992e-06	1.413106e-08
2.34197865e-06	1.419991e-08
2.34199739e-06	1.424162e-08
2.34201613e-06	1.424731e-08
2.34203486e-06	1.412623e-08
2.34205360e-06	1.388657e-08
2.34207233e-06	1.397680e-08
2.34209107e-06	1.403715e-08
2.34210981e-06	1.425293e-08
2.34212855e-06	1.421529e-08
2.34214728e-06	1.425917e-08
2.34216602e-06	1.400717e-08
2.34218476e-06	1.407456e-08
2.34220349e-06	1.424381e-08
2.34222223e-06	1.419945e-08
2.34224097e-06	1.415589e-08
2.34225971e-06	1.412540e-08
2.34227844e-06	1.403964e-08
2.34229718e-06	1.391190e-08
2.34231592e-06	1.403316e-08
2.34233466e-06	1.414998e-08
2.34235340e-06	1.413346e-08
2.34237214e-06	1.422260e-08
2.34239088e-06	1.422510e-08
2.34240962e-06	1.422505e-08
2.34242835e-06	1.422910e-08
2.34244709e-06	1.419900e-08
2.34246583e-06	1.422832e-08
2.34248457e-06	1.422735e-08
2.34250331e-06	1.421761e-08
2.34252205e-06	1.418124e-08
2.34254079e-06	1.424085e-08
2.34255953e-06	1.402302e-08
2.34257827e-06	1.395707e-08
2.34259702e-06	1.396886e-08
2.34261576e-06	1.416128e-08
2.34263450e-06	1.423583e-08
2.34265324e-06	1.420666e-08
2.34267198e-06	1.424922e-08
2.34269072e-06	1.421555e-08
2.34270946e-06	1.430407e-08
2.34272820e-06	1.423621e-08
2.34274695e-06	1.424760e-08
2.34276569e-06	1.431395e-08
2.34278443e-06	1.397818e-08
2.34280317e-06	1.429199e-08
2.34282191e-06	1.427693e-08
2.34284066e-06	1.413813e-08
2.34285940e-06	1.411859e-08
2.34287814e-06	1.411987e-08
2.34289689e-06	1.417041e-08
2.34291563e-06	1.423567e-08
2.34293437e-06	1.421660e-08
2.34295312e-06	1.421273e-08
2.34297186e-06	1.423229e-08
2.34299060e-06	1.416314e-08
2.34300935e-06	1.423143e-08
2.34302809e-06	1.422013e-08
2.34304684e-06	1.423205e-08
2.34306558e-06	1.392383e-08
2.34308432e-06	1.421499e-08
2.34310307e-06	1.415741e-08
2.34312181e-06	1.418165e-08
2.34314056e-06	1.421169e-08
2.34315930e-06	1.417750e-08
2.34317805e-06	1.422671e-08
2.34319679e-06	1.421299e-08
2.34321554e-06	1.422995e-08
2.34323429e-06	1.404421e-08
2.34325303e-06	1.399132e-08
2.34327178e-06	1.407376e-08
2.34329052e-06	1.412019e-08
2.34330927e-06	1.420338e-08
2.34332802e-06	1.420777e-08
2.34334676e-06	1.412555e-08
2.34336551e-06	1.420881e-08
2.34338426e-06	1.420978e-08
2.34340300e-06	1.424186e-08
2.34342175e-06	1.422034e-08
2.34344050e-06	1.417129e-08
2.34345925e-06	1.418291e-08
2.34347799e-06	1.381918e-08
2.34349674e-06	1.378516e-08
2.34351549e-06	1.415084e-08
2.34353424e-06	1.424913e-08
2.34355299e-06	1.419170e-08
2.34357173e-06	1.423133e-08
2.34359048e-06	1.409993e-08
2.34360923e-06	1.379956e-08
2.34362798e-06	1.382672e-08
2.34364673e-06	1.419704e-08
2.34366548e-06	1.408811e-08
2.34368423e-06	1.388183e-08
2.34370298e-06	1.380686e-08
2.34372173e-06	1.393285e-08
2.34374048e-06	1.427242e-08
2.34375923e-06	1.422117e-08
2.34377798e-06	1.424778e-08
2.34379673e-06	1.428729e-08
2.34381548e-06	1.385318e-08
2.34383423e-06	1.378350e-08
2.34385298e-06	1.401540e-08
2.34387173e-06	1.415230e-08
2.34389048e-06	1.425299e-08
2.34390923e-06	1.421306e-08
2.34392798e-06	1.419850e-08
2.34394673e-06	1.423171e-08
2.34396549e-06	1.424166e-08
2.34398424e-06	1.420415e-08
2.34400299e-06	1.425402e-08
2.34402174e-06	1.421823e-08
2.34404049e-06	1.391571e-08
2.34405925e-06	1.430761e-08
2.34407800e-06	1.427047e-08
2.34409675e-06	1.420737e-08
2.34411550e-06	1.427255e-08
2.34413426e-06	1.420495e-08
2.34415301e-06	1.423892e-08
2.34417176e-06	1.422288e-08
2.34419052e-06	1.422893e-08
2.34420927e-06	1.422516e-08
2.34422802e-06	1.421931e-08
2.34424678e-06	1.420926e-08
2.34426553e-06	1.422418e-08
2.34428429e-06	1.419505e-08
2.34430304e-06	1.419348e-08
2.34432179e-06	1.411895e-08
2.34434055e-06	1.415015e-08
2.34435930e-06	1.423863e-08
2.34437806e-06	1.418872e-08
2.34439681e-06	1.414726e-08
2.34441557e-06	1.418488e-08
2.34443432e-06	1.398542e-08
2.34445308e-06	1.379937e-08
2.34447183e-06	1.376984e-08
2.34449059e-06	1.401801e-08
2.34450935e-06	1.390881e-08
2.34452810e-06	1.401280e-08
2.34454686e-06	1.422356e-08
2.34456562e-06	1.418663e-08
2.34458437e-06	1.411988e-08
2.34460313e-06	1.423778e-08
2.34462189e-06	1.420558e-08
2.34464064e-06	1.423780e-08
2.34465940e-06	1.424160e-08
2.34467816e-06	1.412577e-08
2.34469691e-06	1.381462e-08
2.34471567e-06	1.381833e-08
2.34473443e-06	1.421875e-08
2.34475319e-06	1.423340e-08
2.34477195e-06	1.403744e-08
2.34479070e-06	1.386760e-08
2.34480946e-06	1.401908e-08
2.34482822e-06	1.412675e-08
2.34484698e-06	1.425070e-08
2.34486574e-06	1.424264e-08
2.34488450e-06	1.386880e-08
2.34490326e-06	1.392547e-08
2.34492202e-06	1.415354e-08
2.34494077e-06	1.418655e-08
2.34495953e-06	1.391920e-08
2.34497829e-06	1.413488e-08
2.34499705e-06	1.424504e-08
2.34501581e-06	1.420544e-08
2.34503457e-06	1.388299e-08
2.34505333e-06	1.395099e-08
2.34507209e-06	1.416730e-08
2.34509086e-06	1.413552e-08
2.34510962e-06	1.422246e-08
2.34512838e-06	1.420177e-08
2.34514714e-06	1.416965e-08
2.34516590e-06	1.421934e-08
2.34518466e-06	1.422903e-08
2.34520342e-06	1.425762e-08
2.34522218e-06	1.391730e-08
2.34524094e-06	1.377635e-08
2.34525971e-06	1.403605e-08
2.34527847e-06	1.408838e-08
2.34529723e-06	1.381798e-08
2.34531599e-06	1.384620e-08
2.34533476e-06	1.418563e-08
2.34535352e-06	1.419295e-08
2.34537228e-06	1.386534e-08
2.34539104e-06	1.388895e-08
2.34540981e-06	1.430288e-08
2.34542857e-06	1.422809e-08
2.34544733e-06	1.377206e-08
2.34546610e-06	1.386603e-08
2.34548486e-06	1.378050e-08
2.34550363e-06	1.381072e-08
2.34552239e-06	1.427097e-08
2.34554115e-06	1.425598e-08
2.34555992e-06	1.418709e-08
2.34557868e-06	1.423239e-08
2.34559745e-06	1.417718e-08
2.34561621e-06	1.419841e-08
2.34563498e-06	1.418625e-08
2.34565374e-06	1.421490e-08
2.34567251e-06	1.417175e-08
2.34569127e-06	1.418316e-08
2.34571004e-06	1.417711e-08
2.34572880e-06	1.417944e-08
2.34574757e-06	1.419164e-08
2.34576634e-06	1.418813e-08
2.34578510e-06	1.408461e-08
2.34580387e-06	1.400602e-08
2.34582263e-06	1.416049e-08
2.34584140e-06	1.419356e-08
2.34586017e-06	1.396921e-08
2.34587894e-06	1.420212e-08
2.34589770e-06	1.420428e-08
2.34591647e-06	1.418549e-08
2.34593524e-06	1.417453e-08
2.34595400e-06	1.421285e-08
2.34597277e-06	1.414739e-08
2.34599154e-06	1.409761e-08
2.34601031e-06	1.417271e-08
2.34602908e-06	1.405633e-08
2.34604784e-06	1.421630e-08
2.34606661e-06	1.405610e-08
2.34608538e-06	1.422471e-08
2.34610415e-06	1.418980e-08
2.34612292e-06	1.419885e-08
2.34614169e-06	1.421628e-08
2.34616046e-06	1.421656e-08
2.34617923e-06	1.414258e-08
2.34619800e-06	1.421503e-08
2.34621676e-06	1.412724e-08
2.34623553e-06	1.416319e-08
2.34625430e-06	1.419440e-08
2.34627307e-06	1.418198e-08
2.34629184e-06	1.419236e-08
2.34631061e-06	1.417759e-08
2.34632938e-06	1.415247e-08
2.34634816e-06	1.421979e-08
2.34636693e-06	1.422239e-08
2.34638570e-06	1.422281e-08
2.34640447e-06	1.422458e-08
2.34642324e-06	1.423264e-08
2.34644201e-06	1.383268e-08
2.34646078e-06	1.381892e-08
2.34647955e-06	1.410012e-08
2.34649833e-06	1.424384e-08
2.34651710e-06	1.422834e-08
2.34653587e-06	1.420972e-08
2.34655464e-06	1.419784e-08
2.34657341e-06	1.417860e-08
2.34659219e-06	1.421375e-08
2.34661096e-06	1.421251e-08
2.34662973e-06	1.422066e-08
2.34664851e-06	1.409122e-08
2.34666728e-06	1.414675e-08
2.34668605e-06	1.419006e-08
2.34670483e-06	1.415253e-08
2.34672360e-06	1.421240e-08
2.34674237e-06	1.424164e-08
2.34676115e-06	1.426290e-08
2.34677992e-06	1.404955e-08
2.34679870e-06	1.429037e-08
2.34681747e-06	1.426664e-08
2.34683625e-06	1.419324e-08
2.34685502e-06	1.427910e-08
2.34687379e-06	1.424664e-08
2.34689257e-06	1.380904e-08
2.34691134e-06	1.378581e-08
2.34693012e-06	1.384161e-08
2.34694889e-06	1.401396e-08
2.34696767e-06	1.417611e-08
2.34698645e-06	1.423992e-08
2.34700522e-06	1.420569e-08
2.34702400e-06	1.417321e-08
2.34704277e-06	1.422793e-08
2.34706155e-06	1.421542e-08
2.34708033e-06	1.417797e-08
2.34709910e-06	1.407944e-08
2.34711788e-06	1.414571e-08
2.34713666e-06	1.420700e-08
2.34715543e-06	1.413083e-08
2.34717421e-06	1.409247e-08
2.34719299e-06	1.418962e-08
2.34721177e-06	1.420646e-08
2.34723054e-06	1.413962e-08
2.34724932e-06	1.412304e-08
2.34726810e-06	1.421289e-08
2.34728688e-06	1.420354e-08
2.34730566e-06	1.421541e-08
2.34732444e-06	1.397596e-08
2.34734321e-06	1.418608e-08
2.34736199e-06	1.422279e-08
2.34738077e-06	1.423766e-08
2.34739955e-06	1.409535e-08
2.34741833e-06	1.377911e-08
2.34743711e-06	1.390412e-08
2.34745589e-06	1.425348e-08
2.34747467e-06	1.425271e-08
2.34749345e-06	1.400448e-08
2.34751223e-06	1.377759e-08
2.34753101e-06	1.387844e-08
2.34754979e-06	1.377521e-08
2.34756857e-06	1.383485e-08
2.34758735e-06	1.420599e-08
2.34760613e-06	1.421102e-08
2.34762491e-06	1.420627e-08
2.34764369e-06	1.421523e-08
2.34766247e-06	1.418518e-08
2.34768125e-06	1.399440e-08
2.34770004e-06	1.400150e-08
2.34771882e-06	1.390993e-08
2.34773760e-06	1.384737e-08
2.34775638e-06	1.410730e-08
2.34777516e-06	1.417733e-08
2.34779395e-06	1.419981e-08
2.34781273e-06	1.418369e-08
2.34783151e-06	1.417046e-08
2.34785029e-06	1.417931e-08
2.34786908e-06	1.419105e-08
2.34788786e-06	1.420374e-08
2.34790664e-06	1.417194e-08
2.34792542e-06	1.411924e-08
2.34794421e-06	1.417590e-08
2.34796299e-06	1.417563e-08
2.34798178e-06	1.414477e-08
2.34800056e-06	1.415105e-08
2.34801934e-06	1.418089e-08
2.34803813e-06	1.418259e-08
2.34805691e-06	1.420993e-08
2.34807570e-06	1.421358e-08
2.34809448e-06	1.421217e-08
2.34811327e-06	1.419729e-08
2.34813205e-06	1.400138e-08
2.34815084e-06	1.393767e-08
2.34816962e-06	1.423883e-08
2.34818841e-06	1.426157e-08
2.34820719e-06	1.429695e-08
2.34822598e-06	1.409068e-08
2.34824476e-06	1.429162e-08
2.34826355e-06	1.386092e-08
2.34828234e-06	1.422425e-08
2.34830112e-06	1.425101e-08
2.34831991e-06	1.422139e-08
2.34833869e-06	1.420960e-08
2.34835748e-06	1.420672e-08
2.34837627e-06	1.419956e-08
2.34839506e-06	1.422511e-08
2.34841384e-06	1.414371e-08
2.34843263e-06	1.418946e-08
2.34845142e-06	1.420610e-08
2.34847021e-06	1.420356e-08
2.34848899e-06	1.419947e-08
2.34850778e-06	1.422162e-08
2.34852657e-06	1.405363e-08
2.34854536e-06	1.397654e-08
2.34856415e-06	1.412317e-08
2.34858293e-06	1.421502e-08
2.34860172e-06	1.420008e-08
2.34862051e-06	1.413115e-08
2.34863930e-06	1.415448e-08
2.34865809e-06	1.421480e-08
2.34867688e-06	1.403670e-08
2.34869567e-06	1.411981e-08
2.34871446e-06	1.415305e-08
2.34873325e-06	1.415611e-08
2.34875204e-06	1.418934e-08
2.34877083e-06	1.415535e-08
2.34878962e-06	1.419398e-08
2.34880841e-06	1.405941e-08
2.34882720e-06	1.397916e-08
2.34884599e-06	1.385669e-08
2.34886478e-06	1.420018e-08
2.34888357e-06	1.420877e-08
2.34890236e-06	1.420734e-08
2.34892115e-06	1.415340e-08
2.34893994e-06	1.405638e-08
2.34895873e-06	1.419971e-08
2.34897753e-06	1.418631e-08
2.34899632e-06	1.406961e-08
2.34901511e-06	1.401430e-08
2.34903390e-06	1.421827e-08
2.34905269e-06	1.420083e-08
2.34907149e-06	1.420900e-08
2.34909028e-06	1.416270e-08
2.34910907e-06	1.418544e-08
2.34912787e-06	1.420498e-08
2.34914666e-06	1.420312e-08
2.34916545e-06	1.417315e-08
2.34918425e-06	1.419237e-08
2.34920304e-06	1.412979e-08
2.34922183e-06	1.415914e-08
2.34924063e-06	1.407391e-08
2.34925942e-06	1.421406e-08
2.34927821e-06	1.416224e-08
2.34929701e-06	1.418563e-08
2.34931580e-06	1.419277e-08
2.34933460e-06	1.412624e-08
2.34935339e-06	1.401817e-08
2.34937219e-06	1.382521e-08
2.34939098e-06	1.402537e-08
2.34940978e-06	1.419123e-08
2.34942857e-06	1.406950e-08
2.34944737e-06	1.421675e-08
2.34946616e-06	1.416341e-08
2.34948496e-06	1.407020e-08
2.34950375e-06	1.389454e-08
2.34952255e-06	1.398533e-08
2.34954135e-06	1.422857e-08
2.34956014e-06	1.418058e-08
2.34957894e-06	1.420456e-08
2.34959774e-06	1.420622e-08
2.34961653e-06	1.414717e-08
2.34963533e-06	1.402210e-08
2.34965413e-06	1.417568e-08
2.34967292e-06	1.398581e-08
2.34969172e-06	1.381777e-08
2.34971052e-06	1.428502e-08
2.34972932e-06	1.401738e-08
2.34974812e-06	1.420882e-08
2.34976691e-06	1.417643e-08
2.34978571e-06	1.404282e-08
2.34980451e-06	1.405761e-08
2.34982331e-06	1.389786e-08
2.34984211e-06	1.378669e-08
2.34986090e-06	1.391811e-08
2.34987970e-06	1.394711e-08
2.34989850e-06	1.403420e-08
2.34991730e-06	1.424038e-08
2.34993610e-06	1.421090e-08
2.34995490e-06	1.422879e-08
2.34997370e-06	1.406957e-08
